Time,Fahrradbruecke,Fahrradbruecke stadteinwärts Fahrräder,Fahrradbruecke stadtauswärts Fahrräder,
1. Jan. 2021 00:00,0,0,0,
1. Jan. 2021 00:15,2,1,1,
1. Jan. 2021 00:30,0,0,0,
1. Jan. 2021 00:45,2,1,1,
1. Jan. 2021 01:00,2,1,1,
1. Jan. 2021 01:15,3,0,3,
1. Jan. 2021 01:30,2,2,0,
1. Jan. 2021 01:45,2,1,1,
1. Jan. 2021 02:00,3,3,0,
1. Jan. 2021 02:15,1,1,0,
1. Jan. 2021 02:30,2,2,0,
1. Jan. 2021 02:45,2,1,1,
1. Jan. 2021 03:00,0,0,0,
1. Jan. 2021 03:15,3,0,3,
1. Jan. 2021 03:30,2,0,2,
1. Jan. 2021 03:45,1,1,0,
1. Jan. 2021 04:00,2,2,0,
1. Jan. 2021 04:15,0,0,0,
1. Jan. 2021 04:30,3,2,1,
1. Jan. 2021 04:45,4,1,3,
1. Jan. 2021 05:00,7,5,2,
1. Jan. 2021 05:15,10,5,5,
1. Jan. 2021 05:30,8,3,5,
1. Jan. 2021 05:45,7,2,5,
1. Jan. 2021 06:00,3,1,2,
1. Jan. 2021 06:15,6,5,1,
1. Jan. 2021 06:30,3,2,1,
1. Jan. 2021 06:45,2,1,1,
1. Jan. 2021 07:00,3,2,1,
1. Jan. 2021 07:15,3,1,2,
1. Jan. 2021 07:30,1,0,1,
1. Jan. 2021 07:45,4,3,1,
1. Jan. 2021 08:00,2,2,0,
1. Jan. 2021 08:15,4,2,2,
1. Jan. 2021 08:30,2,0,2,
1. Jan. 2021 08:45,6,3,3,
1. Jan. 2021 09:00,3,1,2,
1. Jan. 2021 09:15,10,5,5,
1. Jan. 2021 09:30,17,9,8,
1. Jan. 2021 09:45,7,3,4,
1. Jan. 2021 10:00,7,1,6,
1. Jan. 2021 10:15,12,3,9,
1. Jan. 2021 10:30,5,1,4,
1. Jan. 2021 10:45,28,19,9,
1. Jan. 2021 11:00,22,14,8,
1. Jan. 2021 11:15,17,9,8,
1. Jan. 2021 11:30,23,7,16,
1. Jan. 2021 11:45,26,14,12,
1. Jan. 2021 12:00,33,11,22,
1. Jan. 2021 12:15,21,8,13,
1. Jan. 2021 12:30,22,9,13,
1. Jan. 2021 12:45,28,15,13,
1. Jan. 2021 13:00,26,9,17,
1. Jan. 2021 13:15,33,8,25,
1. Jan. 2021 13:30,25,10,15,
1. Jan. 2021 13:45,40,14,26,
1. Jan. 2021 14:00,48,27,21,
1. Jan. 2021 14:15,45,21,24,
1. Jan. 2021 14:30,51,25,26,
1. Jan. 2021 14:45,40,23,17,
1. Jan. 2021 15:00,39,20,19,
1. Jan. 2021 15:15,55,27,28,
1. Jan. 2021 15:30,43,23,20,
1. Jan. 2021 15:45,52,22,30,
1. Jan. 2021 16:00,29,11,18,
1. Jan. 2021 16:15,34,17,17,
1. Jan. 2021 16:30,40,15,25,
1. Jan. 2021 16:45,48,25,23,
1. Jan. 2021 17:00,34,24,10,
1. Jan. 2021 17:15,37,16,21,
1. Jan. 2021 17:30,25,11,14,
1. Jan. 2021 17:45,24,10,14,
1. Jan. 2021 18:00,21,11,10,
1. Jan. 2021 18:15,19,7,12,
1. Jan. 2021 18:30,22,12,10,
1. Jan. 2021 18:45,15,9,6,
1. Jan. 2021 19:00,23,9,14,
1. Jan. 2021 19:15,20,13,7,
1. Jan. 2021 19:30,28,18,10,
1. Jan. 2021 19:45,45,24,21,
1. Jan. 2021 20:00,15,5,10,
1. Jan. 2021 20:15,6,1,5,
1. Jan. 2021 20:30,4,1,3,
1. Jan. 2021 20:45,0,0,0,
1. Jan. 2021 21:00,5,2,3,
1. Jan. 2021 21:15,5,2,3,
1. Jan. 2021 21:30,0,0,0,
1. Jan. 2021 21:45,3,1,2,
1. Jan. 2021 22:00,2,1,1,
1. Jan. 2021 22:15,2,2,0,
1. Jan. 2021 22:30,0,0,0,
1. Jan. 2021 22:45,1,0,1,
1. Jan. 2021 23:00,0,0,0,
1. Jan. 2021 23:15,2,1,1,
1. Jan. 2021 23:30,2,1,1,
1. Jan. 2021 23:45,2,1,1,
2. Jan. 2021 00:00,4,3,1,
2. Jan. 2021 00:15,0,0,0,
2. Jan. 2021 00:30,0,0,0,
2. Jan. 2021 00:45,0,0,0,
2. Jan. 2021 01:00,1,1,0,
2. Jan. 2021 01:15,1,1,0,
2. Jan. 2021 01:30,0,0,0,
2. Jan. 2021 01:45,0,0,0,
2. Jan. 2021 02:00,2,2,0,
2. Jan. 2021 02:15,0,0,0,
2. Jan. 2021 02:30,1,1,0,
2. Jan. 2021 02:45,0,0,0,
2. Jan. 2021 03:00,1,0,1,
2. Jan. 2021 03:15,0,0,0,
2. Jan. 2021 03:30,0,0,0,
2. Jan. 2021 03:45,0,0,0,
2. Jan. 2021 04:00,0,0,0,
2. Jan. 2021 04:15,3,1,2,
2. Jan. 2021 04:30,0,0,0,
2. Jan. 2021 04:45,0,0,0,
2. Jan. 2021 05:00,3,1,2,
2. Jan. 2021 05:15,0,0,0,
2. Jan. 2021 05:30,6,5,1,
2. Jan. 2021 05:45,6,4,2,
2. Jan. 2021 06:00,3,3,0,
2. Jan. 2021 06:15,5,3,2,
2. Jan. 2021 06:30,6,4,2,
2. Jan. 2021 06:45,6,2,4,
2. Jan. 2021 07:00,6,5,1,
2. Jan. 2021 07:15,2,2,0,
2. Jan. 2021 07:30,8,4,4,
2. Jan. 2021 07:45,10,9,1,
2. Jan. 2021 08:00,9,5,4,
2. Jan. 2021 08:15,11,7,4,
2. Jan. 2021 08:30,12,8,4,
2. Jan. 2021 08:45,19,12,7,
2. Jan. 2021 09:00,14,8,6,
2. Jan. 2021 09:15,13,8,5,
2. Jan. 2021 09:30,35,21,14,
2. Jan. 2021 09:45,40,18,22,
2. Jan. 2021 10:00,48,28,20,
2. Jan. 2021 10:15,55,27,28,
2. Jan. 2021 10:30,38,13,25,
2. Jan. 2021 10:45,61,25,36,
2. Jan. 2021 11:00,78,40,38,
2. Jan. 2021 11:15,61,33,28,
2. Jan. 2021 11:30,61,27,34,
2. Jan. 2021 11:45,43,15,28,
2. Jan. 2021 12:00,70,31,39,
2. Jan. 2021 12:15,64,32,32,
2. Jan. 2021 12:30,53,33,20,
2. Jan. 2021 12:45,75,39,36,
2. Jan. 2021 13:00,47,21,26,
2. Jan. 2021 13:15,54,19,35,
2. Jan. 2021 13:30,60,20,40,
2. Jan. 2021 13:45,52,26,26,
2. Jan. 2021 14:00,58,30,28,
2. Jan. 2021 14:15,74,39,35,
2. Jan. 2021 14:30,53,20,33,
2. Jan. 2021 14:45,73,32,41,
2. Jan. 2021 15:00,53,28,25,
2. Jan. 2021 15:15,57,35,22,
2. Jan. 2021 15:30,62,22,40,
2. Jan. 2021 15:45,65,27,38,
2. Jan. 2021 16:00,61,29,32,
2. Jan. 2021 16:15,57,29,28,
2. Jan. 2021 16:30,46,29,17,
2. Jan. 2021 16:45,51,30,21,
2. Jan. 2021 17:00,36,18,18,
2. Jan. 2021 17:15,41,13,28,
2. Jan. 2021 17:30,34,16,18,
2. Jan. 2021 17:45,55,18,37,
2. Jan. 2021 18:00,36,20,16,
2. Jan. 2021 18:15,33,18,15,
2. Jan. 2021 18:30,30,15,15,
2. Jan. 2021 18:45,29,18,11,
2. Jan. 2021 19:00,22,9,13,
2. Jan. 2021 19:15,23,14,9,
2. Jan. 2021 19:30,37,19,18,
2. Jan. 2021 19:45,56,34,22,
2. Jan. 2021 20:00,31,17,14,
2. Jan. 2021 20:15,9,4,5,
2. Jan. 2021 20:30,4,3,1,
2. Jan. 2021 20:45,4,1,3,
2. Jan. 2021 21:00,8,3,5,
2. Jan. 2021 21:15,4,2,2,
2. Jan. 2021 21:30,2,2,0,
2. Jan. 2021 21:45,3,0,3,
2. Jan. 2021 22:00,4,3,1,
2. Jan. 2021 22:15,2,0,2,
2. Jan. 2021 22:30,3,0,3,
2. Jan. 2021 22:45,1,1,0,
2. Jan. 2021 23:00,0,0,0,
2. Jan. 2021 23:15,4,3,1,
2. Jan. 2021 23:30,3,2,1,
2. Jan. 2021 23:45,4,2,2,
3. Jan. 2021 00:00,4,1,3,
3. Jan. 2021 00:15,0,0,0,
3. Jan. 2021 00:30,0,0,0,
3. Jan. 2021 00:45,2,2,0,
3. Jan. 2021 01:00,0,0,0,
3. Jan. 2021 01:15,0,0,0,
3. Jan. 2021 01:30,1,1,0,
3. Jan. 2021 01:45,0,0,0,
3. Jan. 2021 02:00,0,0,0,
3. Jan. 2021 02:15,0,0,0,
3. Jan. 2021 02:30,0,0,0,
3. Jan. 2021 02:45,0,0,0,
3. Jan. 2021 03:00,0,0,0,
3. Jan. 2021 03:15,1,1,0,
3. Jan. 2021 03:30,0,0,0,
3. Jan. 2021 03:45,0,0,0,
3. Jan. 2021 04:00,0,0,0,
3. Jan. 2021 04:15,2,0,2,
3. Jan. 2021 04:30,0,0,0,
3. Jan. 2021 04:45,0,0,0,
3. Jan. 2021 05:00,0,0,0,
3. Jan. 2021 05:15,1,1,0,
3. Jan. 2021 05:30,4,1,3,
3. Jan. 2021 05:45,2,1,1,
3. Jan. 2021 06:00,4,3,1,
3. Jan. 2021 06:15,5,3,2,
3. Jan. 2021 06:30,1,1,0,
3. Jan. 2021 06:45,3,2,1,
3. Jan. 2021 07:00,7,4,3,
3. Jan. 2021 07:15,0,0,0,
3. Jan. 2021 07:30,3,2,1,
3. Jan. 2021 07:45,2,0,2,
3. Jan. 2021 08:00,3,2,1,
3. Jan. 2021 08:15,6,2,4,
3. Jan. 2021 08:30,12,7,5,
3. Jan. 2021 08:45,12,4,8,
3. Jan. 2021 09:00,8,4,4,
3. Jan. 2021 09:15,12,5,7,
3. Jan. 2021 09:30,10,7,3,
3. Jan. 2021 09:45,34,18,16,
3. Jan. 2021 10:00,16,6,10,
3. Jan. 2021 10:15,26,11,15,
3. Jan. 2021 10:30,28,11,17,
3. Jan. 2021 10:45,38,19,19,
3. Jan. 2021 11:00,38,17,21,
3. Jan. 2021 11:15,26,10,16,
3. Jan. 2021 11:30,24,6,18,
3. Jan. 2021 11:45,28,14,14,
3. Jan. 2021 12:00,33,13,20,
3. Jan. 2021 12:15,44,28,16,
3. Jan. 2021 12:30,54,25,29,
3. Jan. 2021 12:45,59,33,26,
3. Jan. 2021 13:00,37,13,24,
3. Jan. 2021 13:15,59,33,26,
3. Jan. 2021 13:30,39,13,26,
3. Jan. 2021 13:45,44,17,27,
3. Jan. 2021 14:00,43,22,21,
3. Jan. 2021 14:15,46,18,28,
3. Jan. 2021 14:30,45,19,26,
3. Jan. 2021 14:45,70,31,39,
3. Jan. 2021 15:00,59,24,35,
3. Jan. 2021 15:15,47,22,25,
3. Jan. 2021 15:30,30,10,20,
3. Jan. 2021 15:45,44,23,21,
3. Jan. 2021 16:00,40,23,17,
3. Jan. 2021 16:15,47,24,23,
3. Jan. 2021 16:30,63,33,30,
3. Jan. 2021 16:45,59,34,25,
3. Jan. 2021 17:00,40,17,23,
3. Jan. 2021 17:15,43,27,16,
3. Jan. 2021 17:30,49,22,27,
3. Jan. 2021 17:45,46,25,21,
3. Jan. 2021 18:00,30,19,11,
3. Jan. 2021 18:15,34,14,20,
3. Jan. 2021 18:30,35,16,19,
3. Jan. 2021 18:45,27,13,14,
3. Jan. 2021 19:00,24,10,14,
3. Jan. 2021 19:15,24,16,8,
3. Jan. 2021 19:30,30,15,15,
3. Jan. 2021 19:45,52,28,24,
3. Jan. 2021 20:00,26,18,8,
3. Jan. 2021 20:15,13,6,7,
3. Jan. 2021 20:30,5,3,2,
3. Jan. 2021 20:45,8,3,5,
3. Jan. 2021 21:00,8,3,5,
3. Jan. 2021 21:15,0,0,0,
3. Jan. 2021 21:30,4,2,2,
3. Jan. 2021 21:45,6,2,4,
3. Jan. 2021 22:00,3,2,1,
3. Jan. 2021 22:15,3,2,1,
3. Jan. 2021 22:30,1,0,1,
3. Jan. 2021 22:45,2,0,2,
3. Jan. 2021 23:00,2,0,2,
3. Jan. 2021 23:15,3,1,2,
3. Jan. 2021 23:30,1,1,0,
3. Jan. 2021 23:45,0,0,0,
4. Jan. 2021 00:00,1,0,1,
4. Jan. 2021 00:15,2,1,1,
4. Jan. 2021 00:30,0,0,0,
4. Jan. 2021 00:45,2,2,0,
4. Jan. 2021 01:00,0,0,0,
4. Jan. 2021 01:15,0,0,0,
4. Jan. 2021 01:30,0,0,0,
4. Jan. 2021 01:45,1,0,1,
4. Jan. 2021 02:00,0,0,0,
4. Jan. 2021 02:15,0,0,0,
4. Jan. 2021 02:30,1,1,0,
4. Jan. 2021 02:45,0,0,0,
4. Jan. 2021 03:00,1,0,1,
4. Jan. 2021 03:15,0,0,0,
4. Jan. 2021 03:30,0,0,0,
4. Jan. 2021 03:45,1,0,1,
4. Jan. 2021 04:00,1,0,1,
4. Jan. 2021 04:15,1,1,0,
4. Jan. 2021 04:30,2,1,1,
4. Jan. 2021 04:45,3,2,1,
4. Jan. 2021 05:00,2,1,1,
4. Jan. 2021 05:15,2,2,0,
4. Jan. 2021 05:30,3,0,3,
4. Jan. 2021 05:45,15,12,3,
4. Jan. 2021 06:00,15,11,4,
4. Jan. 2021 06:15,21,10,11,
4. Jan. 2021 06:30,30,22,8,
4. Jan. 2021 06:45,33,21,12,
4. Jan. 2021 07:00,26,15,11,
4. Jan. 2021 07:15,35,22,13,
4. Jan. 2021 07:30,54,35,19,
4. Jan. 2021 07:45,58,37,21,
4. Jan. 2021 08:00,51,37,14,
4. Jan. 2021 08:15,45,33,12,
4. Jan. 2021 08:30,52,30,22,
4. Jan. 2021 08:45,60,36,24,
4. Jan. 2021 09:00,33,18,15,
4. Jan. 2021 09:15,49,26,23,
4. Jan. 2021 09:30,55,32,23,
4. Jan. 2021 09:45,66,37,29,
4. Jan. 2021 10:00,47,30,17,
4. Jan. 2021 10:15,32,12,20,
4. Jan. 2021 10:30,59,24,35,
4. Jan. 2021 10:45,53,25,28,
4. Jan. 2021 11:00,53,28,25,
4. Jan. 2021 11:15,71,38,33,
4. Jan. 2021 11:30,81,35,46,
4. Jan. 2021 11:45,56,32,24,
4. Jan. 2021 12:00,81,37,44,
4. Jan. 2021 12:15,76,33,43,
4. Jan. 2021 12:30,71,29,42,
4. Jan. 2021 12:45,71,33,38,
4. Jan. 2021 13:00,76,28,48,
4. Jan. 2021 13:15,70,35,35,
4. Jan. 2021 13:30,69,32,37,
4. Jan. 2021 13:45,75,37,38,
4. Jan. 2021 14:00,81,35,46,
4. Jan. 2021 14:15,87,52,35,
4. Jan. 2021 14:30,83,35,48,
4. Jan. 2021 14:45,86,45,41,
4. Jan. 2021 15:00,89,47,42,
4. Jan. 2021 15:15,81,45,36,
4. Jan. 2021 15:30,83,33,50,
4. Jan. 2021 15:45,78,39,39,
4. Jan. 2021 16:00,75,21,54,
4. Jan. 2021 16:15,90,39,51,
4. Jan. 2021 16:30,88,40,48,
4. Jan. 2021 16:45,72,35,37,
4. Jan. 2021 17:00,92,34,58,
4. Jan. 2021 17:15,80,31,49,
4. Jan. 2021 17:30,77,35,42,
4. Jan. 2021 17:45,88,29,59,
4. Jan. 2021 18:00,59,20,39,
4. Jan. 2021 18:15,53,25,28,
4. Jan. 2021 18:30,58,30,28,
4. Jan. 2021 18:45,46,20,26,
4. Jan. 2021 19:00,50,21,29,
4. Jan. 2021 19:15,46,17,29,
4. Jan. 2021 19:30,39,19,20,
4. Jan. 2021 19:45,44,24,20,
4. Jan. 2021 20:00,32,16,16,
4. Jan. 2021 20:15,16,9,7,
4. Jan. 2021 20:30,13,5,8,
4. Jan. 2021 20:45,6,3,3,
4. Jan. 2021 21:00,9,0,9,
4. Jan. 2021 21:15,7,4,3,
4. Jan. 2021 21:30,7,4,3,
4. Jan. 2021 21:45,4,0,4,
4. Jan. 2021 22:00,3,1,2,
4. Jan. 2021 22:15,5,1,4,
4. Jan. 2021 22:30,5,3,2,
4. Jan. 2021 22:45,2,1,1,
4. Jan. 2021 23:00,2,0,2,
4. Jan. 2021 23:15,0,0,0,
4. Jan. 2021 23:30,0,0,0,
4. Jan. 2021 23:45,3,0,3,
5. Jan. 2021 00:00,2,0,2,
5. Jan. 2021 00:15,3,2,1,
5. Jan. 2021 00:30,0,0,0,
5. Jan. 2021 00:45,0,0,0,
5. Jan. 2021 01:00,0,0,0,
5. Jan. 2021 01:15,1,0,1,
5. Jan. 2021 01:30,0,0,0,
5. Jan. 2021 01:45,3,2,1,
5. Jan. 2021 02:00,0,0,0,
5. Jan. 2021 02:15,0,0,0,
5. Jan. 2021 02:30,2,2,0,
5. Jan. 2021 02:45,4,2,2,
5. Jan. 2021 03:00,0,0,0,
5. Jan. 2021 03:15,0,0,0,
5. Jan. 2021 03:30,3,1,2,
5. Jan. 2021 03:45,0,0,0,
5. Jan. 2021 04:00,0,0,0,
5. Jan. 2021 04:15,0,0,0,
5. Jan. 2021 04:30,3,1,2,
5. Jan. 2021 04:45,1,1,0,
5. Jan. 2021 05:00,2,1,1,
5. Jan. 2021 05:15,3,2,1,
5. Jan. 2021 05:30,5,3,2,
5. Jan. 2021 05:45,22,16,6,
5. Jan. 2021 06:00,9,6,3,
5. Jan. 2021 06:15,20,14,6,
5. Jan. 2021 06:30,18,14,4,
5. Jan. 2021 06:45,36,15,21,
5. Jan. 2021 07:00,32,17,15,
5. Jan. 2021 07:15,39,26,13,
5. Jan. 2021 07:30,49,34,15,
5. Jan. 2021 07:45,69,52,17,
5. Jan. 2021 08:00,51,29,22,
5. Jan. 2021 08:15,66,45,21,
5. Jan. 2021 08:30,68,42,26,
5. Jan. 2021 08:45,71,44,27,
5. Jan. 2021 09:00,44,25,19,
5. Jan. 2021 09:15,58,37,21,
5. Jan. 2021 09:30,55,31,24,
5. Jan. 2021 09:45,74,46,28,
5. Jan. 2021 10:00,75,41,34,
5. Jan. 2021 10:15,64,40,24,
5. Jan. 2021 10:30,78,43,35,
5. Jan. 2021 10:45,91,46,45,
5. Jan. 2021 11:00,88,47,41,
5. Jan. 2021 11:15,83,40,43,
5. Jan. 2021 11:30,93,42,51,
5. Jan. 2021 11:45,106,54,52,
5. Jan. 2021 12:00,101,44,57,
5. Jan. 2021 12:15,93,40,53,
5. Jan. 2021 12:30,77,29,48,
5. Jan. 2021 12:45,91,29,62,
5. Jan. 2021 13:00,103,46,57,
5. Jan. 2021 13:15,70,38,32,
5. Jan. 2021 13:30,71,29,42,
5. Jan. 2021 13:45,78,39,39,
5. Jan. 2021 14:00,73,33,40,
5. Jan. 2021 14:15,93,39,54,
5. Jan. 2021 14:30,62,33,29,
5. Jan. 2021 14:45,83,34,49,
5. Jan. 2021 15:00,84,39,45,
5. Jan. 2021 15:15,93,54,39,
5. Jan. 2021 15:30,84,39,45,
5. Jan. 2021 15:45,91,34,57,
5. Jan. 2021 16:00,96,44,52,
5. Jan. 2021 16:15,89,45,44,
5. Jan. 2021 16:30,93,43,50,
5. Jan. 2021 16:45,106,57,49,
5. Jan. 2021 17:00,94,35,59,
5. Jan. 2021 17:15,89,45,44,
5. Jan. 2021 17:30,96,43,53,
5. Jan. 2021 17:45,104,45,59,
5. Jan. 2021 18:00,78,33,45,
5. Jan. 2021 18:15,63,28,35,
5. Jan. 2021 18:30,70,33,37,
5. Jan. 2021 18:45,57,19,38,
5. Jan. 2021 19:00,49,27,22,
5. Jan. 2021 19:15,44,22,22,
5. Jan. 2021 19:30,59,23,36,
5. Jan. 2021 19:45,82,46,36,
5. Jan. 2021 20:00,47,19,28,
5. Jan. 2021 20:15,14,8,6,
5. Jan. 2021 20:30,15,7,8,
5. Jan. 2021 20:45,10,3,7,
5. Jan. 2021 21:00,6,6,0,
5. Jan. 2021 21:15,9,3,6,
5. Jan. 2021 21:30,6,2,4,
5. Jan. 2021 21:45,6,2,4,
5. Jan. 2021 22:00,3,0,3,
5. Jan. 2021 22:15,2,1,1,
5. Jan. 2021 22:30,6,4,2,
5. Jan. 2021 22:45,1,1,0,
5. Jan. 2021 23:00,2,1,1,
5. Jan. 2021 23:15,1,1,0,
5. Jan. 2021 23:30,2,0,2,
5. Jan. 2021 23:45,0,0,0,
6. Jan. 2021 00:00,4,1,3,
6. Jan. 2021 00:15,1,0,1,
6. Jan. 2021 00:30,0,0,0,
6. Jan. 2021 00:45,4,2,2,
6. Jan. 2021 01:00,2,2,0,
6. Jan. 2021 01:15,0,0,0,
6. Jan. 2021 01:30,0,0,0,
6. Jan. 2021 01:45,0,0,0,
6. Jan. 2021 02:00,0,0,0,
6. Jan. 2021 02:15,0,0,0,
6. Jan. 2021 02:30,1,1,0,
6. Jan. 2021 02:45,0,0,0,
6. Jan. 2021 03:00,1,0,1,
6. Jan. 2021 03:15,0,0,0,
6. Jan. 2021 03:30,0,0,0,
6. Jan. 2021 03:45,0,0,0,
6. Jan. 2021 04:00,0,0,0,
6. Jan. 2021 04:15,1,1,0,
6. Jan. 2021 04:30,0,0,0,
6. Jan. 2021 04:45,1,1,0,
6. Jan. 2021 05:00,0,0,0,
6. Jan. 2021 05:15,1,1,0,
6. Jan. 2021 05:30,0,0,0,
6. Jan. 2021 05:45,8,7,1,
6. Jan. 2021 06:00,9,8,1,
6. Jan. 2021 06:15,9,7,2,
6. Jan. 2021 06:30,6,6,0,
6. Jan. 2021 06:45,8,5,3,
6. Jan. 2021 07:00,4,4,0,
6. Jan. 2021 07:15,5,3,2,
6. Jan. 2021 07:30,8,5,3,
6. Jan. 2021 07:45,9,9,0,
6. Jan. 2021 08:00,12,8,4,
6. Jan. 2021 08:15,11,5,6,
6. Jan. 2021 08:30,13,8,5,
6. Jan. 2021 08:45,15,9,6,
6. Jan. 2021 09:00,10,5,5,
6. Jan. 2021 09:15,14,5,9,
6. Jan. 2021 09:30,10,2,8,
6. Jan. 2021 09:45,17,12,5,
6. Jan. 2021 10:00,27,15,12,
6. Jan. 2021 10:15,14,6,8,
6. Jan. 2021 10:30,24,12,12,
6. Jan. 2021 10:45,26,15,11,
6. Jan. 2021 11:00,26,12,14,
6. Jan. 2021 11:15,24,14,10,
6. Jan. 2021 11:30,26,13,13,
6. Jan. 2021 11:45,18,6,12,
6. Jan. 2021 12:00,20,9,11,
6. Jan. 2021 12:15,30,16,14,
6. Jan. 2021 12:30,25,12,13,
6. Jan. 2021 12:45,34,15,19,
6. Jan. 2021 13:00,18,9,9,
6. Jan. 2021 13:15,21,11,10,
6. Jan. 2021 13:30,25,13,12,
6. Jan. 2021 13:45,35,15,20,
6. Jan. 2021 14:00,24,6,18,
6. Jan. 2021 14:15,32,13,19,
6. Jan. 2021 14:30,23,6,17,
6. Jan. 2021 14:45,38,16,22,
6. Jan. 2021 15:00,36,19,17,
6. Jan. 2021 15:15,29,12,17,
6. Jan. 2021 15:30,32,16,16,
6. Jan. 2021 15:45,37,19,18,
6. Jan. 2021 16:00,31,18,13,
6. Jan. 2021 16:15,24,7,17,
6. Jan. 2021 16:30,35,14,21,
6. Jan. 2021 16:45,29,14,15,
6. Jan. 2021 17:00,33,13,20,
6. Jan. 2021 17:15,29,12,17,
6. Jan. 2021 17:30,33,12,21,
6. Jan. 2021 17:45,44,22,22,
6. Jan. 2021 18:00,27,8,19,
6. Jan. 2021 18:15,35,15,20,
6. Jan. 2021 18:30,18,11,7,
6. Jan. 2021 18:45,25,5,20,
6. Jan. 2021 19:00,17,7,10,
6. Jan. 2021 19:15,31,17,14,
6. Jan. 2021 19:30,26,14,12,
6. Jan. 2021 19:45,61,37,24,
6. Jan. 2021 20:00,39,20,19,
6. Jan. 2021 20:15,11,3,8,
6. Jan. 2021 20:30,3,2,1,
6. Jan. 2021 20:45,4,0,4,
6. Jan. 2021 21:00,4,2,2,
6. Jan. 2021 21:15,0,0,0,
6. Jan. 2021 21:30,4,1,3,
6. Jan. 2021 21:45,2,1,1,
6. Jan. 2021 22:00,3,1,2,
6. Jan. 2021 22:15,3,2,1,
6. Jan. 2021 22:30,2,2,0,
6. Jan. 2021 22:45,1,0,1,
6. Jan. 2021 23:00,4,1,3,
6. Jan. 2021 23:15,0,0,0,
6. Jan. 2021 23:30,2,0,2,
6. Jan. 2021 23:45,1,1,0,
7. Jan. 2021 00:00,0,0,0,
7. Jan. 2021 00:15,1,0,1,
7. Jan. 2021 00:30,0,0,0,
7. Jan. 2021 00:45,1,0,1,
7. Jan. 2021 01:00,0,0,0,
7. Jan. 2021 01:15,0,0,0,
7. Jan. 2021 01:30,0,0,0,
7. Jan. 2021 01:45,1,1,0,
7. Jan. 2021 02:00,0,0,0,
7. Jan. 2021 02:15,0,0,0,
7. Jan. 2021 02:30,0,0,0,
7. Jan. 2021 02:45,1,0,1,
7. Jan. 2021 03:00,0,0,0,
7. Jan. 2021 03:15,0,0,0,
7. Jan. 2021 03:30,1,0,1,
7. Jan. 2021 03:45,0,0,0,
7. Jan. 2021 04:00,0,0,0,
7. Jan. 2021 04:15,0,0,0,
7. Jan. 2021 04:30,1,1,0,
7. Jan. 2021 04:45,2,0,2,
7. Jan. 2021 05:00,1,1,0,
7. Jan. 2021 05:15,1,0,1,
7. Jan. 2021 05:30,7,3,4,
7. Jan. 2021 05:45,13,9,4,
7. Jan. 2021 06:00,7,4,3,
7. Jan. 2021 06:15,16,9,7,
7. Jan. 2021 06:30,23,14,9,
7. Jan. 2021 06:45,23,11,12,
7. Jan. 2021 07:00,37,18,19,
7. Jan. 2021 07:15,36,21,15,
7. Jan. 2021 07:30,44,28,16,
7. Jan. 2021 07:45,78,43,35,
7. Jan. 2021 08:00,47,29,18,
7. Jan. 2021 08:15,55,30,25,
7. Jan. 2021 08:30,47,27,20,
7. Jan. 2021 08:45,76,45,31,
7. Jan. 2021 09:00,44,21,23,
7. Jan. 2021 09:15,42,25,17,
7. Jan. 2021 09:30,37,17,20,
7. Jan. 2021 09:45,63,29,34,
7. Jan. 2021 10:00,53,28,25,
7. Jan. 2021 10:15,42,23,19,
7. Jan. 2021 10:30,51,26,25,
7. Jan. 2021 10:45,46,24,22,
7. Jan. 2021 11:00,48,23,25,
7. Jan. 2021 11:15,64,31,33,
7. Jan. 2021 11:30,44,23,21,
7. Jan. 2021 11:45,68,37,31,
7. Jan. 2021 12:00,49,20,29,
7. Jan. 2021 12:15,57,25,32,
7. Jan. 2021 12:30,61,33,28,
7. Jan. 2021 12:45,62,33,29,
7. Jan. 2021 13:00,48,22,26,
7. Jan. 2021 13:15,71,32,39,
7. Jan. 2021 13:30,78,37,41,
7. Jan. 2021 13:45,76,45,31,
7. Jan. 2021 14:00,80,45,35,
7. Jan. 2021 14:15,97,53,44,
7. Jan. 2021 14:30,83,34,49,
7. Jan. 2021 14:45,67,30,37,
7. Jan. 2021 15:00,67,29,38,
7. Jan. 2021 15:15,83,33,50,
7. Jan. 2021 15:30,90,47,43,
7. Jan. 2021 15:45,89,41,48,
7. Jan. 2021 16:00,87,44,43,
7. Jan. 2021 16:15,75,45,30,
7. Jan. 2021 16:30,92,38,54,
7. Jan. 2021 16:45,76,45,31,
7. Jan. 2021 17:00,101,44,57,
7. Jan. 2021 17:15,92,56,36,
7. Jan. 2021 17:30,72,29,43,
7. Jan. 2021 17:45,84,32,52,
7. Jan. 2021 18:00,69,34,35,
7. Jan. 2021 18:15,84,49,35,
7. Jan. 2021 18:30,65,21,44,
7. Jan. 2021 18:45,54,25,29,
7. Jan. 2021 19:00,48,23,25,
7. Jan. 2021 19:15,48,23,25,
7. Jan. 2021 19:30,52,29,23,
7. Jan. 2021 19:45,60,30,30,
7. Jan. 2021 20:00,29,15,14,
7. Jan. 2021 20:15,8,4,4,
7. Jan. 2021 20:30,15,3,12,
7. Jan. 2021 20:45,8,4,4,
7. Jan. 2021 21:00,5,2,3,
7. Jan. 2021 21:15,7,5,2,
7. Jan. 2021 21:30,2,0,2,
7. Jan. 2021 21:45,8,2,6,
7. Jan. 2021 22:00,4,1,3,
7. Jan. 2021 22:15,3,0,3,
7. Jan. 2021 22:30,3,0,3,
7. Jan. 2021 22:45,5,5,0,
7. Jan. 2021 23:00,3,3,0,
7. Jan. 2021 23:15,3,0,3,
7. Jan. 2021 23:30,1,0,1,
7. Jan. 2021 23:45,3,0,3,
8. Jan. 2021 00:00,1,0,1,
8. Jan. 2021 00:15,1,1,0,
8. Jan. 2021 00:30,2,1,1,
8. Jan. 2021 00:45,1,1,0,
8. Jan. 2021 01:00,1,1,0,
8. Jan. 2021 01:15,1,1,0,
8. Jan. 2021 01:30,0,0,0,
8. Jan. 2021 01:45,1,1,0,
8. Jan. 2021 02:00,0,0,0,
8. Jan. 2021 02:15,0,0,0,
8. Jan. 2021 02:30,0,0,0,
8. Jan. 2021 02:45,1,0,1,
8. Jan. 2021 03:00,1,0,1,
8. Jan. 2021 03:15,0,0,0,
8. Jan. 2021 03:30,0,0,0,
8. Jan. 2021 03:45,1,0,1,
8. Jan. 2021 04:00,0,0,0,
8. Jan. 2021 04:15,0,0,0,
8. Jan. 2021 04:30,3,2,1,
8. Jan. 2021 04:45,6,3,3,
8. Jan. 2021 05:00,1,1,0,
8. Jan. 2021 05:15,0,0,0,
8. Jan. 2021 05:30,6,1,5,
8. Jan. 2021 05:45,16,12,4,
8. Jan. 2021 06:00,11,5,6,
8. Jan. 2021 06:15,15,11,4,
8. Jan. 2021 06:30,19,15,4,
8. Jan. 2021 06:45,36,25,11,
8. Jan. 2021 07:00,29,17,12,
8. Jan. 2021 07:15,35,19,16,
8. Jan. 2021 07:30,49,34,15,
8. Jan. 2021 07:45,77,51,26,
8. Jan. 2021 08:00,52,31,21,
8. Jan. 2021 08:15,51,36,15,
8. Jan. 2021 08:30,71,37,34,
8. Jan. 2021 08:45,84,43,41,
8. Jan. 2021 09:00,52,23,29,
8. Jan. 2021 09:15,70,33,37,
8. Jan. 2021 09:30,54,36,18,
8. Jan. 2021 09:45,69,41,28,
8. Jan. 2021 10:00,63,41,22,
8. Jan. 2021 10:15,68,43,25,
8. Jan. 2021 10:30,88,42,46,
8. Jan. 2021 10:45,65,35,30,
8. Jan. 2021 11:00,78,42,36,
8. Jan. 2021 11:15,74,38,36,
8. Jan. 2021 11:30,84,45,39,
8. Jan. 2021 11:45,82,37,45,
8. Jan. 2021 12:00,86,29,57,
8. Jan. 2021 12:15,87,40,47,
8. Jan. 2021 12:30,91,35,56,
8. Jan. 2021 12:45,99,45,54,
8. Jan. 2021 13:00,68,29,39,
8. Jan. 2021 13:15,77,34,43,
8. Jan. 2021 13:30,69,28,41,
8. Jan. 2021 13:45,86,39,47,
8. Jan. 2021 14:00,82,41,41,
8. Jan. 2021 14:15,87,38,49,
8. Jan. 2021 14:30,78,37,41,
8. Jan. 2021 14:45,103,46,57,
8. Jan. 2021 15:00,111,52,59,
8. Jan. 2021 15:15,110,51,59,
8. Jan. 2021 15:30,90,47,43,
8. Jan. 2021 15:45,90,43,47,
8. Jan. 2021 16:00,84,38,46,
8. Jan. 2021 16:15,111,55,56,
8. Jan. 2021 16:30,91,45,46,
8. Jan. 2021 16:45,81,38,43,
8. Jan. 2021 17:00,95,47,48,
8. Jan. 2021 17:15,98,49,49,
8. Jan. 2021 17:30,70,26,44,
8. Jan. 2021 17:45,75,41,34,
8. Jan. 2021 18:00,66,34,32,
8. Jan. 2021 18:15,65,35,30,
8. Jan. 2021 18:30,69,40,29,
8. Jan. 2021 18:45,61,29,32,
8. Jan. 2021 19:00,38,10,28,
8. Jan. 2021 19:15,56,23,33,
8. Jan. 2021 19:30,60,34,26,
8. Jan. 2021 19:45,79,38,41,
8. Jan. 2021 20:00,44,10,34,
8. Jan. 2021 20:15,15,13,2,
8. Jan. 2021 20:30,9,3,6,
8. Jan. 2021 20:45,10,3,7,
8. Jan. 2021 21:00,18,9,9,
8. Jan. 2021 21:15,6,5,1,
8. Jan. 2021 21:30,2,2,0,
8. Jan. 2021 21:45,4,4,0,
8. Jan. 2021 22:00,3,1,2,
8. Jan. 2021 22:15,2,1,1,
8. Jan. 2021 22:30,3,1,2,
8. Jan. 2021 22:45,0,0,0,
8. Jan. 2021 23:00,1,1,0,
8. Jan. 2021 23:15,4,1,3,
8. Jan. 2021 23:30,1,1,0,
8. Jan. 2021 23:45,4,2,2,
9. Jan. 2021 00:00,2,0,2,
9. Jan. 2021 00:15,0,0,0,
9. Jan. 2021 00:30,0,0,0,
9. Jan. 2021 00:45,1,1,0,
9. Jan. 2021 01:00,0,0,0,
9. Jan. 2021 01:15,0,0,0,
9. Jan. 2021 01:30,0,0,0,
9. Jan. 2021 01:45,1,1,0,
9. Jan. 2021 02:00,0,0,0,
9. Jan. 2021 02:15,1,1,0,
9. Jan. 2021 02:30,0,0,0,
9. Jan. 2021 02:45,1,1,0,
9. Jan. 2021 03:00,1,0,1,
9. Jan. 2021 03:15,0,0,0,
9. Jan. 2021 03:30,0,0,0,
9. Jan. 2021 03:45,1,1,0,
9. Jan. 2021 04:00,0,0,0,
9. Jan. 2021 04:15,0,0,0,
9. Jan. 2021 04:30,2,2,0,
9. Jan. 2021 04:45,2,0,2,
9. Jan. 2021 05:00,1,1,0,
9. Jan. 2021 05:15,0,0,0,
9. Jan. 2021 05:30,6,2,4,
9. Jan. 2021 05:45,9,6,3,
9. Jan. 2021 06:00,3,2,1,
9. Jan. 2021 06:15,5,3,2,
9. Jan. 2021 06:30,9,7,2,
9. Jan. 2021 06:45,6,2,4,
9. Jan. 2021 07:00,4,1,3,
9. Jan. 2021 07:15,4,3,1,
9. Jan. 2021 07:30,10,7,3,
9. Jan. 2021 07:45,16,8,8,
9. Jan. 2021 08:00,11,8,3,
9. Jan. 2021 08:15,15,9,6,
9. Jan. 2021 08:30,17,8,9,
9. Jan. 2021 08:45,39,19,20,
9. Jan. 2021 09:00,15,7,8,
9. Jan. 2021 09:15,34,24,10,
9. Jan. 2021 09:30,48,20,28,
9. Jan. 2021 09:45,66,32,34,
9. Jan. 2021 10:00,54,23,31,
9. Jan. 2021 10:15,56,35,21,
9. Jan. 2021 10:30,50,26,24,
9. Jan. 2021 10:45,70,35,35,
9. Jan. 2021 11:00,69,39,30,
9. Jan. 2021 11:15,66,32,34,
9. Jan. 2021 11:30,68,26,42,
9. Jan. 2021 11:45,81,38,43,
9. Jan. 2021 12:00,74,29,45,
9. Jan. 2021 12:15,66,38,28,
9. Jan. 2021 12:30,79,44,35,
9. Jan. 2021 12:45,66,22,44,
9. Jan. 2021 13:00,79,38,41,
9. Jan. 2021 13:15,94,45,49,
9. Jan. 2021 13:30,74,24,50,
9. Jan. 2021 13:45,72,28,44,
9. Jan. 2021 14:00,83,43,40,
9. Jan. 2021 14:15,90,50,40,
9. Jan. 2021 14:30,75,33,42,
9. Jan. 2021 14:45,93,40,53,
9. Jan. 2021 15:00,73,44,29,
9. Jan. 2021 15:15,69,33,36,
9. Jan. 2021 15:30,95,54,41,
9. Jan. 2021 15:45,76,36,40,
9. Jan. 2021 16:00,70,25,45,
9. Jan. 2021 16:15,62,33,29,
9. Jan. 2021 16:30,83,49,34,
9. Jan. 2021 16:45,60,31,29,
9. Jan. 2021 17:00,65,40,25,
9. Jan. 2021 17:15,70,42,28,
9. Jan. 2021 17:30,54,24,30,
9. Jan. 2021 17:45,53,30,23,
9. Jan. 2021 18:00,45,20,25,
9. Jan. 2021 18:15,43,20,23,
9. Jan. 2021 18:30,35,16,19,
9. Jan. 2021 18:45,36,26,10,
9. Jan. 2021 19:00,29,12,17,
9. Jan. 2021 19:15,32,12,20,
9. Jan. 2021 19:30,38,20,18,
9. Jan. 2021 19:45,68,33,35,
9. Jan. 2021 20:00,38,20,18,
9. Jan. 2021 20:15,13,7,6,
9. Jan. 2021 20:30,8,5,3,
9. Jan. 2021 20:45,9,2,7,
9. Jan. 2021 21:00,7,3,4,
9. Jan. 2021 21:15,3,1,2,
9. Jan. 2021 21:30,1,1,0,
9. Jan. 2021 21:45,7,3,4,
9. Jan. 2021 22:00,3,1,2,
9. Jan. 2021 22:15,5,5,0,
9. Jan. 2021 22:30,3,1,2,
9. Jan. 2021 22:45,2,0,2,
9. Jan. 2021 23:00,0,0,0,
9. Jan. 2021 23:15,0,0,0,
9. Jan. 2021 23:30,3,2,1,
9. Jan. 2021 23:45,2,0,2,
10. Jan. 2021 00:00,4,3,1,
10. Jan. 2021 00:15,1,1,0,
10. Jan. 2021 00:30,1,0,1,
10. Jan. 2021 00:45,0,0,0,
10. Jan. 2021 01:00,1,0,1,
10. Jan. 2021 01:15,0,0,0,
10. Jan. 2021 01:30,1,1,0,
10. Jan. 2021 01:45,0,0,0,
10. Jan. 2021 02:00,1,1,0,
10. Jan. 2021 02:15,1,1,0,
10. Jan. 2021 02:30,2,1,1,
10. Jan. 2021 02:45,0,0,0,
10. Jan. 2021 03:00,1,1,0,
10. Jan. 2021 03:15,0,0,0,
10. Jan. 2021 03:30,0,0,0,
10. Jan. 2021 03:45,0,0,0,
10. Jan. 2021 04:00,0,0,0,
10. Jan. 2021 04:15,0,0,0,
10. Jan. 2021 04:30,1,1,0,
10. Jan. 2021 04:45,0,0,0,
10. Jan. 2021 05:00,0,0,0,
10. Jan. 2021 05:15,2,2,0,
10. Jan. 2021 05:30,2,0,2,
10. Jan. 2021 05:45,4,1,3,
10. Jan. 2021 06:00,4,3,1,
10. Jan. 2021 06:15,3,3,0,
10. Jan. 2021 06:30,6,3,3,
10. Jan. 2021 06:45,3,2,1,
10. Jan. 2021 07:00,5,4,1,
10. Jan. 2021 07:15,2,0,2,
10. Jan. 2021 07:30,6,3,3,
10. Jan. 2021 07:45,5,4,1,
10. Jan. 2021 08:00,9,5,4,
10. Jan. 2021 08:15,5,1,4,
10. Jan. 2021 08:30,7,5,2,
10. Jan. 2021 08:45,12,5,7,
10. Jan. 2021 09:00,15,8,7,
10. Jan. 2021 09:15,13,9,4,
10. Jan. 2021 09:30,12,7,5,
10. Jan. 2021 09:45,35,19,16,
10. Jan. 2021 10:00,12,6,6,
10. Jan. 2021 10:15,15,8,7,
10. Jan. 2021 10:30,29,13,16,
10. Jan. 2021 10:45,20,9,11,
10. Jan. 2021 11:00,41,18,23,
10. Jan. 2021 11:15,37,10,27,
10. Jan. 2021 11:30,34,9,25,
10. Jan. 2021 11:45,35,22,13,
10. Jan. 2021 12:00,39,21,18,
10. Jan. 2021 12:15,49,17,32,
10. Jan. 2021 12:30,37,24,13,
10. Jan. 2021 12:45,63,25,38,
10. Jan. 2021 13:00,47,26,21,
10. Jan. 2021 13:15,52,22,30,
10. Jan. 2021 13:30,58,25,33,
10. Jan. 2021 13:45,54,28,26,
10. Jan. 2021 14:00,71,22,49,
10. Jan. 2021 14:15,64,34,30,
10. Jan. 2021 14:30,75,37,38,
10. Jan. 2021 14:45,79,26,53,
10. Jan. 2021 15:00,62,39,23,
10. Jan. 2021 15:15,63,31,32,
10. Jan. 2021 15:30,53,24,29,
10. Jan. 2021 15:45,46,28,18,
10. Jan. 2021 16:00,86,50,36,
10. Jan. 2021 16:15,70,34,36,
10. Jan. 2021 16:30,76,34,42,
10. Jan. 2021 16:45,49,13,36,
10. Jan. 2021 17:00,47,21,26,
10. Jan. 2021 17:15,52,33,19,
10. Jan. 2021 17:30,33,20,13,
10. Jan. 2021 17:45,46,18,28,
10. Jan. 2021 18:00,26,14,12,
10. Jan. 2021 18:15,34,22,12,
10. Jan. 2021 18:30,30,14,16,
10. Jan. 2021 18:45,27,11,16,
10. Jan. 2021 19:00,29,15,14,
10. Jan. 2021 19:15,19,11,8,
10. Jan. 2021 19:30,33,16,17,
10. Jan. 2021 19:45,68,39,29,
10. Jan. 2021 20:00,32,20,12,
10. Jan. 2021 20:15,14,3,11,
10. Jan. 2021 20:30,11,6,5,
10. Jan. 2021 20:45,5,1,4,
10. Jan. 2021 21:00,6,4,2,
10. Jan. 2021 21:15,5,1,4,
10. Jan. 2021 21:30,2,2,0,
10. Jan. 2021 21:45,5,2,3,
10. Jan. 2021 22:00,3,2,1,
10. Jan. 2021 22:15,4,2,2,
10. Jan. 2021 22:30,1,1,0,
10. Jan. 2021 22:45,1,1,0,
10. Jan. 2021 23:00,3,1,2,
10. Jan. 2021 23:15,1,0,1,
10. Jan. 2021 23:30,3,2,1,
10. Jan. 2021 23:45,0,0,0,
11. Jan. 2021 00:00,0,0,0,
11. Jan. 2021 00:15,1,1,0,
11. Jan. 2021 00:30,2,0,2,
11. Jan. 2021 00:45,1,1,0,
11. Jan. 2021 01:00,0,0,0,
11. Jan. 2021 01:15,1,1,0,
11. Jan. 2021 01:30,2,1,1,
11. Jan. 2021 01:45,2,2,0,
11. Jan. 2021 02:00,1,1,0,
11. Jan. 2021 02:15,0,0,0,
11. Jan. 2021 02:30,0,0,0,
11. Jan. 2021 02:45,1,0,1,
11. Jan. 2021 03:00,1,0,1,
11. Jan. 2021 03:15,1,0,1,
11. Jan. 2021 03:30,1,1,0,
11. Jan. 2021 03:45,0,0,0,
11. Jan. 2021 04:00,0,0,0,
11. Jan. 2021 04:15,0,0,0,
11. Jan. 2021 04:30,2,2,0,
11. Jan. 2021 04:45,2,0,2,
11. Jan. 2021 05:00,2,2,0,
11. Jan. 2021 05:15,2,1,1,
11. Jan. 2021 05:30,10,7,3,
11. Jan. 2021 05:45,13,8,5,
11. Jan. 2021 06:00,21,14,7,
11. Jan. 2021 06:15,21,13,8,
11. Jan. 2021 06:30,48,28,20,
11. Jan. 2021 06:45,48,29,19,
11. Jan. 2021 07:00,59,29,30,
11. Jan. 2021 07:15,62,38,24,
11. Jan. 2021 07:30,80,46,34,
11. Jan. 2021 07:45,114,71,43,
11. Jan. 2021 08:00,84,46,38,
11. Jan. 2021 08:15,120,66,54,
11. Jan. 2021 08:30,87,50,37,
11. Jan. 2021 08:45,116,65,51,
11. Jan. 2021 09:00,74,33,41,
11. Jan. 2021 09:15,60,38,22,
11. Jan. 2021 09:30,72,40,32,
11. Jan. 2021 09:45,73,47,26,
11. Jan. 2021 10:00,46,23,23,
11. Jan. 2021 10:15,60,25,35,
11. Jan. 2021 10:30,64,35,29,
11. Jan. 2021 10:45,56,36,20,
11. Jan. 2021 11:00,42,20,22,
11. Jan. 2021 11:15,62,27,35,
11. Jan. 2021 11:30,60,26,34,
11. Jan. 2021 11:45,73,34,39,
11. Jan. 2021 12:00,72,27,45,
11. Jan. 2021 12:15,94,34,60,
11. Jan. 2021 12:30,90,42,48,
11. Jan. 2021 12:45,91,42,49,
11. Jan. 2021 13:00,98,45,53,
11. Jan. 2021 13:15,62,26,36,
11. Jan. 2021 13:30,89,48,41,
11. Jan. 2021 13:45,88,47,41,
11. Jan. 2021 14:00,68,39,29,
11. Jan. 2021 14:15,96,49,47,
11. Jan. 2021 14:30,72,41,31,
11. Jan. 2021 14:45,91,49,42,
11. Jan. 2021 15:00,95,58,37,
11. Jan. 2021 15:15,113,45,68,
11. Jan. 2021 15:30,99,51,48,
11. Jan. 2021 15:45,88,50,38,
11. Jan. 2021 16:00,106,46,60,
11. Jan. 2021 16:15,122,63,59,
11. Jan. 2021 16:30,115,61,54,
11. Jan. 2021 16:45,112,55,57,
11. Jan. 2021 17:00,113,48,65,
11. Jan. 2021 17:15,132,56,76,
11. Jan. 2021 17:30,114,40,74,
11. Jan. 2021 17:45,112,52,60,
11. Jan. 2021 18:00,81,30,51,
11. Jan. 2021 18:15,88,49,39,
11. Jan. 2021 18:30,71,36,35,
11. Jan. 2021 18:45,69,27,42,
11. Jan. 2021 19:00,57,24,33,
11. Jan. 2021 19:15,45,23,22,
11. Jan. 2021 19:30,54,20,34,
11. Jan. 2021 19:45,64,37,27,
11. Jan. 2021 20:00,41,22,19,
11. Jan. 2021 20:15,20,8,12,
11. Jan. 2021 20:30,11,7,4,
11. Jan. 2021 20:45,6,2,4,
11. Jan. 2021 21:00,5,2,3,
11. Jan. 2021 21:15,9,4,5,
11. Jan. 2021 21:30,11,4,7,
11. Jan. 2021 21:45,6,2,4,
11. Jan. 2021 22:00,5,1,4,
11. Jan. 2021 22:15,4,2,2,
11. Jan. 2021 22:30,0,0,0,
11. Jan. 2021 22:45,3,0,3,
11. Jan. 2021 23:00,0,0,0,
11. Jan. 2021 23:15,2,2,0,
11. Jan. 2021 23:30,1,0,1,
11. Jan. 2021 23:45,0,0,0,
12. Jan. 2021 00:00,1,0,1,
12. Jan. 2021 00:15,2,0,2,
12. Jan. 2021 00:30,1,1,0,
12. Jan. 2021 00:45,0,0,0,
12. Jan. 2021 01:00,1,1,0,
12. Jan. 2021 01:15,0,0,0,
12. Jan. 2021 01:30,1,1,0,
12. Jan. 2021 01:45,2,2,0,
12. Jan. 2021 02:00,0,0,0,
12. Jan. 2021 02:15,0,0,0,
12. Jan. 2021 02:30,0,0,0,
12. Jan. 2021 02:45,0,0,0,
12. Jan. 2021 03:00,1,0,1,
12. Jan. 2021 03:15,0,0,0,
12. Jan. 2021 03:30,0,0,0,
12. Jan. 2021 03:45,0,0,0,
12. Jan. 2021 04:00,0,0,0,
12. Jan. 2021 04:15,0,0,0,
12. Jan. 2021 04:30,2,2,0,
12. Jan. 2021 04:45,3,1,2,
12. Jan. 2021 05:00,2,2,0,
12. Jan. 2021 05:15,5,2,3,
12. Jan. 2021 05:30,7,4,3,
12. Jan. 2021 05:45,15,12,3,
12. Jan. 2021 06:00,15,7,8,
12. Jan. 2021 06:15,17,13,4,
12. Jan. 2021 06:30,46,31,15,
12. Jan. 2021 06:45,42,21,21,
12. Jan. 2021 07:00,49,24,25,
12. Jan. 2021 07:15,54,34,20,
12. Jan. 2021 07:30,99,65,34,
12. Jan. 2021 07:45,108,59,49,
12. Jan. 2021 08:00,102,51,51,
12. Jan. 2021 08:15,109,70,39,
12. Jan. 2021 08:30,112,63,49,
12. Jan. 2021 08:45,93,54,39,
12. Jan. 2021 09:00,75,32,43,
12. Jan. 2021 09:15,70,42,28,
12. Jan. 2021 09:30,78,38,40,
12. Jan. 2021 09:45,90,55,35,
12. Jan. 2021 10:00,55,38,17,
12. Jan. 2021 10:15,64,33,31,
12. Jan. 2021 10:30,59,34,25,
12. Jan. 2021 10:45,59,25,34,
12. Jan. 2021 11:00,82,41,41,
12. Jan. 2021 11:15,63,31,32,
12. Jan. 2021 11:30,69,32,37,
12. Jan. 2021 11:45,68,25,43,
12. Jan. 2021 12:00,86,34,52,
12. Jan. 2021 12:15,71,34,37,
12. Jan. 2021 12:30,83,35,48,
12. Jan. 2021 12:45,78,38,40,
12. Jan. 2021 13:00,73,30,43,
12. Jan. 2021 13:15,73,34,39,
12. Jan. 2021 13:30,64,23,41,
12. Jan. 2021 13:45,86,40,46,
12. Jan. 2021 14:00,59,36,23,
12. Jan. 2021 14:15,71,38,33,
12. Jan. 2021 14:30,65,28,37,
12. Jan. 2021 14:45,62,30,32,
12. Jan. 2021 15:00,64,36,28,
12. Jan. 2021 15:15,66,23,43,
12. Jan. 2021 15:30,59,28,31,
12. Jan. 2021 15:45,82,40,42,
12. Jan. 2021 16:00,83,42,41,
12. Jan. 2021 16:15,70,28,42,
12. Jan. 2021 16:30,66,29,37,
12. Jan. 2021 16:45,90,50,40,
12. Jan. 2021 17:00,90,41,49,
12. Jan. 2021 17:15,85,32,53,
12. Jan. 2021 17:30,83,43,40,
12. Jan. 2021 17:45,86,36,50,
12. Jan. 2021 18:00,77,27,50,
12. Jan. 2021 18:15,61,24,37,
12. Jan. 2021 18:30,62,27,35,
12. Jan. 2021 18:45,50,14,36,
12. Jan. 2021 19:00,43,18,25,
12. Jan. 2021 19:15,39,18,21,
12. Jan. 2021 19:30,39,17,22,
12. Jan. 2021 19:45,49,28,21,
12. Jan. 2021 20:00,40,21,19,
12. Jan. 2021 20:15,13,8,5,
12. Jan. 2021 20:30,12,5,7,
12. Jan. 2021 20:45,9,6,3,
12. Jan. 2021 21:00,5,2,3,
12. Jan. 2021 21:15,9,4,5,
12. Jan. 2021 21:30,7,2,5,
12. Jan. 2021 21:45,3,2,1,
12. Jan. 2021 22:00,7,4,3,
12. Jan. 2021 22:15,7,4,3,
12. Jan. 2021 22:30,1,0,1,
12. Jan. 2021 22:45,2,1,1,
12. Jan. 2021 23:00,1,1,0,
12. Jan. 2021 23:15,1,0,1,
12. Jan. 2021 23:30,1,1,0,
12. Jan. 2021 23:45,1,1,0,
13. Jan. 2021 00:00,0,0,0,
13. Jan. 2021 00:15,1,1,0,
13. Jan. 2021 00:30,1,1,0,
13. Jan. 2021 00:45,0,0,0,
13. Jan. 2021 01:00,1,0,1,
13. Jan. 2021 01:15,0,0,0,
13. Jan. 2021 01:30,1,1,0,
13. Jan. 2021 01:45,2,2,0,
13. Jan. 2021 02:00,0,0,0,
13. Jan. 2021 02:15,0,0,0,
13. Jan. 2021 02:30,0,0,0,
13. Jan. 2021 02:45,1,0,1,
13. Jan. 2021 03:00,0,0,0,
13. Jan. 2021 03:15,0,0,0,
13. Jan. 2021 03:30,0,0,0,
13. Jan. 2021 03:45,1,0,1,
13. Jan. 2021 04:00,0,0,0,
13. Jan. 2021 04:15,0,0,0,
13. Jan. 2021 04:30,4,2,2,
13. Jan. 2021 04:45,0,0,0,
13. Jan. 2021 05:00,4,4,0,
13. Jan. 2021 05:15,2,1,1,
13. Jan. 2021 05:30,7,4,3,
13. Jan. 2021 05:45,19,12,7,
13. Jan. 2021 06:00,9,4,5,
13. Jan. 2021 06:15,18,13,5,
13. Jan. 2021 06:30,33,19,14,
13. Jan. 2021 06:45,35,23,12,
13. Jan. 2021 07:00,46,24,22,
13. Jan. 2021 07:15,50,27,23,
13. Jan. 2021 07:30,75,51,24,
13. Jan. 2021 07:45,84,51,33,
13. Jan. 2021 08:00,82,41,41,
13. Jan. 2021 08:15,108,61,47,
13. Jan. 2021 08:30,121,63,58,
13. Jan. 2021 08:45,105,62,43,
13. Jan. 2021 09:00,47,29,18,
13. Jan. 2021 09:15,67,37,30,
13. Jan. 2021 09:30,78,40,38,
13. Jan. 2021 09:45,60,40,20,
13. Jan. 2021 10:00,51,30,21,
13. Jan. 2021 10:15,49,25,24,
13. Jan. 2021 10:30,50,26,24,
13. Jan. 2021 10:45,66,30,36,
13. Jan. 2021 11:00,57,35,22,
13. Jan. 2021 11:15,68,32,36,
13. Jan. 2021 11:30,74,33,41,
13. Jan. 2021 11:45,90,49,41,
13. Jan. 2021 12:00,85,38,47,
13. Jan. 2021 12:15,63,31,32,
13. Jan. 2021 12:30,90,40,50,
13. Jan. 2021 12:45,86,39,47,
13. Jan. 2021 13:00,108,40,68,
13. Jan. 2021 13:15,99,46,53,
13. Jan. 2021 13:30,79,39,40,
13. Jan. 2021 13:45,96,53,43,
13. Jan. 2021 14:00,90,44,46,
13. Jan. 2021 14:15,94,57,37,
13. Jan. 2021 14:30,83,42,41,
13. Jan. 2021 14:45,111,51,60,
13. Jan. 2021 15:00,89,48,41,
13. Jan. 2021 15:15,86,39,47,
13. Jan. 2021 15:30,102,49,53,
13. Jan. 2021 15:45,122,63,59,
13. Jan. 2021 16:00,123,67,56,
13. Jan. 2021 16:15,110,54,56,
13. Jan. 2021 16:30,129,63,66,
13. Jan. 2021 16:45,122,55,67,
13. Jan. 2021 17:00,141,64,77,
13. Jan. 2021 17:15,115,60,55,
13. Jan. 2021 17:30,100,52,48,
13. Jan. 2021 17:45,109,41,68,
13. Jan. 2021 18:00,86,37,49,
13. Jan. 2021 18:15,92,43,49,
13. Jan. 2021 18:30,80,41,39,
13. Jan. 2021 18:45,61,19,42,
13. Jan. 2021 19:00,57,20,37,
13. Jan. 2021 19:15,60,21,39,
13. Jan. 2021 19:30,52,24,28,
13. Jan. 2021 19:45,70,38,32,
13. Jan. 2021 20:00,38,19,19,
13. Jan. 2021 20:15,21,12,9,
13. Jan. 2021 20:30,10,7,3,
13. Jan. 2021 20:45,11,4,7,
13. Jan. 2021 21:00,5,1,4,
13. Jan. 2021 21:15,2,1,1,
13. Jan. 2021 21:30,7,3,4,
13. Jan. 2021 21:45,8,5,3,
13. Jan. 2021 22:00,4,3,1,
13. Jan. 2021 22:15,4,3,1,
13. Jan. 2021 22:30,4,3,1,
13. Jan. 2021 22:45,4,2,2,
13. Jan. 2021 23:00,2,1,1,
13. Jan. 2021 23:15,0,0,0,
13. Jan. 2021 23:30,3,1,2,
13. Jan. 2021 23:45,2,0,2,
14. Jan. 2021 00:00,0,0,0,
14. Jan. 2021 00:15,0,0,0,
14. Jan. 2021 00:30,1,1,0,
14. Jan. 2021 00:45,5,2,3,
14. Jan. 2021 01:00,1,0,1,
14. Jan. 2021 01:15,0,0,0,
14. Jan. 2021 01:30,1,1,0,
14. Jan. 2021 01:45,2,2,0,
14. Jan. 2021 02:00,0,0,0,
14. Jan. 2021 02:15,0,0,0,
14. Jan. 2021 02:30,0,0,0,
14. Jan. 2021 02:45,0,0,0,
14. Jan. 2021 03:00,1,0,1,
14. Jan. 2021 03:15,0,0,0,
14. Jan. 2021 03:30,0,0,0,
14. Jan. 2021 03:45,1,0,1,
14. Jan. 2021 04:00,0,0,0,
14. Jan. 2021 04:15,0,0,0,
14. Jan. 2021 04:30,2,0,2,
14. Jan. 2021 04:45,4,3,1,
14. Jan. 2021 05:00,3,3,0,
14. Jan. 2021 05:15,4,1,3,
14. Jan. 2021 05:30,8,7,1,
14. Jan. 2021 05:45,14,9,5,
14. Jan. 2021 06:00,7,5,2,
14. Jan. 2021 06:15,16,13,3,
14. Jan. 2021 06:30,16,11,5,
14. Jan. 2021 06:45,28,14,14,
14. Jan. 2021 07:00,42,14,28,
14. Jan. 2021 07:15,34,20,14,
14. Jan. 2021 07:30,54,27,27,
14. Jan. 2021 07:45,83,41,42,
14. Jan. 2021 08:00,56,26,30,
14. Jan. 2021 08:15,69,43,26,
14. Jan. 2021 08:30,55,27,28,
14. Jan. 2021 08:45,72,34,38,
14. Jan. 2021 09:00,48,26,22,
14. Jan. 2021 09:15,31,21,10,
14. Jan. 2021 09:30,38,15,23,
14. Jan. 2021 09:45,31,18,13,
14. Jan. 2021 10:00,21,8,13,
14. Jan. 2021 10:15,18,11,7,
14. Jan. 2021 10:30,19,9,10,
14. Jan. 2021 10:45,19,5,14,
14. Jan. 2021 11:00,16,8,8,
14. Jan. 2021 11:15,21,11,10,
14. Jan. 2021 11:30,23,14,9,
14. Jan. 2021 11:45,28,10,18,
14. Jan. 2021 12:00,21,12,9,
14. Jan. 2021 12:15,22,8,14,
14. Jan. 2021 12:30,42,21,21,
14. Jan. 2021 12:45,29,17,12,
14. Jan. 2021 13:00,30,14,16,
14. Jan. 2021 13:15,24,13,11,
14. Jan. 2021 13:30,35,10,25,
14. Jan. 2021 13:45,33,22,11,
14. Jan. 2021 14:00,25,12,13,
14. Jan. 2021 14:15,26,9,17,
14. Jan. 2021 14:30,23,8,15,
14. Jan. 2021 14:45,24,7,17,
14. Jan. 2021 15:00,16,9,7,
14. Jan. 2021 15:15,20,15,5,
14. Jan. 2021 15:30,24,12,12,
14. Jan. 2021 15:45,14,7,7,
14. Jan. 2021 16:00,24,11,13,
14. Jan. 2021 16:15,17,8,9,
14. Jan. 2021 16:30,23,9,14,
14. Jan. 2021 16:45,23,15,8,
14. Jan. 2021 17:00,23,13,10,
14. Jan. 2021 17:15,30,11,19,
14. Jan. 2021 17:30,26,12,14,
14. Jan. 2021 17:45,23,16,7,
14. Jan. 2021 18:00,16,9,7,
14. Jan. 2021 18:15,17,7,10,
14. Jan. 2021 18:30,18,13,5,
14. Jan. 2021 18:45,16,6,10,
14. Jan. 2021 19:00,17,12,5,
14. Jan. 2021 19:15,19,7,12,
14. Jan. 2021 19:30,22,8,14,
14. Jan. 2021 19:45,27,15,12,
14. Jan. 2021 20:00,12,7,5,
14. Jan. 2021 20:15,8,3,5,
14. Jan. 2021 20:30,5,2,3,
14. Jan. 2021 20:45,1,1,0,
14. Jan. 2021 21:00,7,4,3,
14. Jan. 2021 21:15,1,0,1,
14. Jan. 2021 21:30,0,0,0,
14. Jan. 2021 21:45,2,2,0,
14. Jan. 2021 22:00,2,0,2,
14. Jan. 2021 22:15,1,0,1,
14. Jan. 2021 22:30,2,1,1,
14. Jan. 2021 22:45,1,1,0,
14. Jan. 2021 23:00,0,0,0,
14. Jan. 2021 23:15,1,1,0,
14. Jan. 2021 23:30,2,1,1,
14. Jan. 2021 23:45,1,0,1,
15. Jan. 2021 00:00,0,0,0,
15. Jan. 2021 00:15,0,0,0,
15. Jan. 2021 00:30,0,0,0,
15. Jan. 2021 00:45,0,0,0,
15. Jan. 2021 01:00,1,1,0,
15. Jan. 2021 01:15,0,0,0,
15. Jan. 2021 01:30,2,2,0,
15. Jan. 2021 01:45,1,1,0,
15. Jan. 2021 02:00,0,0,0,
15. Jan. 2021 02:15,0,0,0,
15. Jan. 2021 02:30,0,0,0,
15. Jan. 2021 02:45,2,0,2,
15. Jan. 2021 03:00,0,0,0,
15. Jan. 2021 03:15,0,0,0,
15. Jan. 2021 03:30,0,0,0,
15. Jan. 2021 03:45,0,0,0,
15. Jan. 2021 04:00,0,0,0,
15. Jan. 2021 04:15,0,0,0,
15. Jan. 2021 04:30,0,0,0,
15. Jan. 2021 04:45,0,0,0,
15. Jan. 2021 05:00,1,0,1,
15. Jan. 2021 05:15,0,0,0,
15. Jan. 2021 05:30,4,4,0,
15. Jan. 2021 05:45,1,0,1,
15. Jan. 2021 06:00,4,0,4,
15. Jan. 2021 06:15,4,3,1,
15. Jan. 2021 06:30,1,0,1,
15. Jan. 2021 06:45,6,3,3,
15. Jan. 2021 07:00,6,5,1,
15. Jan. 2021 07:15,2,2,0,
15. Jan. 2021 07:30,14,10,4,
15. Jan. 2021 07:45,16,10,6,
15. Jan. 2021 08:00,21,11,10,
15. Jan. 2021 08:15,18,10,8,
15. Jan. 2021 08:30,18,4,14,
15. Jan. 2021 08:45,10,5,5,
15. Jan. 2021 09:00,13,6,7,
15. Jan. 2021 09:15,19,11,8,
15. Jan. 2021 09:30,17,6,11,
15. Jan. 2021 09:45,12,8,4,
15. Jan. 2021 10:00,13,3,10,
15. Jan. 2021 10:15,15,8,7,
15. Jan. 2021 10:30,16,9,7,
15. Jan. 2021 10:45,11,5,6,
15. Jan. 2021 11:00,7,5,2,
15. Jan. 2021 11:15,7,2,5,
15. Jan. 2021 11:30,13,8,5,
15. Jan. 2021 11:45,16,10,6,
15. Jan. 2021 12:00,18,6,12,
15. Jan. 2021 12:15,26,13,13,
15. Jan. 2021 12:30,14,9,5,
15. Jan. 2021 12:45,22,8,14,
15. Jan. 2021 13:00,19,11,8,
15. Jan. 2021 13:15,21,9,12,
15. Jan. 2021 13:30,26,13,13,
15. Jan. 2021 13:45,37,19,18,
15. Jan. 2021 14:00,24,9,15,
15. Jan. 2021 14:15,28,10,18,
15. Jan. 2021 14:30,21,11,10,
15. Jan. 2021 14:45,31,23,8,
15. Jan. 2021 15:00,24,11,13,
15. Jan. 2021 15:15,24,12,12,
15. Jan. 2021 15:30,21,7,14,
15. Jan. 2021 15:45,18,7,11,
15. Jan. 2021 16:00,27,14,13,
15. Jan. 2021 16:15,22,13,9,
15. Jan. 2021 16:30,19,9,10,
15. Jan. 2021 16:45,30,12,18,
15. Jan. 2021 17:00,29,18,11,
15. Jan. 2021 17:15,17,6,11,
15. Jan. 2021 17:30,22,15,7,
15. Jan. 2021 17:45,20,14,6,
15. Jan. 2021 18:00,13,5,8,
15. Jan. 2021 18:15,18,10,8,
15. Jan. 2021 18:30,21,11,10,
15. Jan. 2021 18:45,15,11,4,
15. Jan. 2021 19:00,10,4,6,
15. Jan. 2021 19:15,16,7,9,
15. Jan. 2021 19:30,17,7,10,
15. Jan. 2021 19:45,14,10,4,
15. Jan. 2021 20:00,13,7,6,
15. Jan. 2021 20:15,4,1,3,
15. Jan. 2021 20:30,6,3,3,
15. Jan. 2021 20:45,1,0,1,
15. Jan. 2021 21:00,2,1,1,
15. Jan. 2021 21:15,0,0,0,
15. Jan. 2021 21:30,0,0,0,
15. Jan. 2021 21:45,1,0,1,
15. Jan. 2021 22:00,2,1,1,
15. Jan. 2021 22:15,3,2,1,
15. Jan. 2021 22:30,1,0,1,
15. Jan. 2021 22:45,1,0,1,
15. Jan. 2021 23:00,0,0,0,
15. Jan. 2021 23:15,1,1,0,
15. Jan. 2021 23:30,2,2,0,
15. Jan. 2021 23:45,0,0,0,
16. Jan. 2021 00:00,0,0,0,
16. Jan. 2021 00:15,1,1,0,
16. Jan. 2021 00:30,0,0,0,
16. Jan. 2021 00:45,0,0,0,
16. Jan. 2021 01:00,3,3,0,
16. Jan. 2021 01:15,1,0,1,
16. Jan. 2021 01:30,1,1,0,
16. Jan. 2021 01:45,2,2,0,
16. Jan. 2021 02:00,0,0,0,
16. Jan. 2021 02:15,0,0,0,
16. Jan. 2021 02:30,0,0,0,
16. Jan. 2021 02:45,0,0,0,
16. Jan. 2021 03:00,0,0,0,
16. Jan. 2021 03:15,0,0,0,
16. Jan. 2021 03:30,0,0,0,
16. Jan. 2021 03:45,1,0,1,
16. Jan. 2021 04:00,0,0,0,
16. Jan. 2021 04:15,0,0,0,
16. Jan. 2021 04:30,0,0,0,
16. Jan. 2021 04:45,1,0,1,
16. Jan. 2021 05:00,1,1,0,
16. Jan. 2021 05:15,1,1,0,
16. Jan. 2021 05:30,5,4,1,
16. Jan. 2021 05:45,2,0,2,
16. Jan. 2021 06:00,1,1,0,
16. Jan. 2021 06:15,2,0,2,
16. Jan. 2021 06:30,2,0,2,
16. Jan. 2021 06:45,2,2,0,
16. Jan. 2021 07:00,1,0,1,
16. Jan. 2021 07:15,3,1,2,
16. Jan. 2021 07:30,4,2,2,
16. Jan. 2021 07:45,3,3,0,
16. Jan. 2021 08:00,2,2,0,
16. Jan. 2021 08:15,7,5,2,
16. Jan. 2021 08:30,4,1,3,
16. Jan. 2021 08:45,10,7,3,
16. Jan. 2021 09:00,11,8,3,
16. Jan. 2021 09:15,9,2,7,
16. Jan. 2021 09:30,9,5,4,
16. Jan. 2021 09:45,15,4,11,
16. Jan. 2021 10:00,21,8,13,
16. Jan. 2021 10:15,13,7,6,
16. Jan. 2021 10:30,12,7,5,
16. Jan. 2021 10:45,21,11,10,
16. Jan. 2021 11:00,14,11,3,
16. Jan. 2021 11:15,16,5,11,
16. Jan. 2021 11:30,30,9,21,
16. Jan. 2021 11:45,21,7,14,
16. Jan. 2021 12:00,15,9,6,
16. Jan. 2021 12:15,27,10,17,
16. Jan. 2021 12:30,19,11,8,
16. Jan. 2021 12:45,31,21,10,
16. Jan. 2021 13:00,26,16,10,
16. Jan. 2021 13:15,23,6,17,
16. Jan. 2021 13:30,25,12,13,
16. Jan. 2021 13:45,20,10,10,
16. Jan. 2021 14:00,26,10,16,
16. Jan. 2021 14:15,22,10,12,
16. Jan. 2021 14:30,23,6,17,
16. Jan. 2021 14:45,19,7,12,
16. Jan. 2021 15:00,23,9,14,
16. Jan. 2021 15:15,17,6,11,
16. Jan. 2021 15:30,28,13,15,
16. Jan. 2021 15:45,17,11,6,
16. Jan. 2021 16:00,14,4,10,
16. Jan. 2021 16:15,22,12,10,
16. Jan. 2021 16:30,16,6,10,
16. Jan. 2021 16:45,18,11,7,
16. Jan. 2021 17:00,17,8,9,
16. Jan. 2021 17:15,12,8,4,
16. Jan. 2021 17:30,29,16,13,
16. Jan. 2021 17:45,18,9,9,
16. Jan. 2021 18:00,23,16,7,
16. Jan. 2021 18:15,8,6,2,
16. Jan. 2021 18:30,10,5,5,
16. Jan. 2021 18:45,8,4,4,
16. Jan. 2021 19:00,14,8,6,
16. Jan. 2021 19:15,18,11,7,
16. Jan. 2021 19:30,16,6,10,
16. Jan. 2021 19:45,24,16,8,
16. Jan. 2021 20:00,14,9,5,
16. Jan. 2021 20:15,5,2,3,
16. Jan. 2021 20:30,1,1,0,
16. Jan. 2021 20:45,3,0,3,
16. Jan. 2021 21:00,2,1,1,
16. Jan. 2021 21:15,1,0,1,
16. Jan. 2021 21:30,2,1,1,
16. Jan. 2021 21:45,1,1,0,
16. Jan. 2021 22:00,0,0,0,
16. Jan. 2021 22:15,1,0,1,
16. Jan. 2021 22:30,1,0,1,
16. Jan. 2021 22:45,1,0,1,
16. Jan. 2021 23:00,0,0,0,
16. Jan. 2021 23:15,2,1,1,
16. Jan. 2021 23:30,2,1,1,
16. Jan. 2021 23:45,2,1,1,
17. Jan. 2021 00:00,1,0,1,
17. Jan. 2021 00:15,2,2,0,
17. Jan. 2021 00:30,0,0,0,
17. Jan. 2021 00:45,2,1,1,
17. Jan. 2021 01:00,0,0,0,
17. Jan. 2021 01:15,2,0,2,
17. Jan. 2021 01:30,1,1,0,
17. Jan. 2021 01:45,0,0,0,
17. Jan. 2021 02:00,1,1,0,
17. Jan. 2021 02:15,0,0,0,
17. Jan. 2021 02:30,1,1,0,
17. Jan. 2021 02:45,0,0,0,
17. Jan. 2021 03:00,0,0,0,
17. Jan. 2021 03:15,0,0,0,
17. Jan. 2021 03:30,0,0,0,
17. Jan. 2021 03:45,0,0,0,
17. Jan. 2021 04:00,0,0,0,
17. Jan. 2021 04:15,0,0,0,
17. Jan. 2021 04:30,0,0,0,
17. Jan. 2021 04:45,0,0,0,
17. Jan. 2021 05:00,0,0,0,
17. Jan. 2021 05:15,0,0,0,
17. Jan. 2021 05:30,0,0,0,
17. Jan. 2021 05:45,2,1,1,
17. Jan. 2021 06:00,1,0,1,
17. Jan. 2021 06:15,0,0,0,
17. Jan. 2021 06:30,0,0,0,
17. Jan. 2021 06:45,3,1,2,
17. Jan. 2021 07:00,9,4,5,
17. Jan. 2021 07:15,4,1,3,
17. Jan. 2021 07:30,6,3,3,
17. Jan. 2021 07:45,2,0,2,
17. Jan. 2021 08:00,0,0,0,
17. Jan. 2021 08:15,3,2,1,
17. Jan. 2021 08:30,6,3,3,
17. Jan. 2021 08:45,6,3,3,
17. Jan. 2021 09:00,0,0,0,
17. Jan. 2021 09:15,4,2,2,
17. Jan. 2021 09:30,7,3,4,
17. Jan. 2021 09:45,4,1,3,
17. Jan. 2021 10:00,5,1,4,
17. Jan. 2021 10:15,3,2,1,
17. Jan. 2021 10:30,3,1,2,
17. Jan. 2021 10:45,3,1,2,
17. Jan. 2021 11:00,8,4,4,
17. Jan. 2021 11:15,6,3,3,
17. Jan. 2021 11:30,5,0,5,
17. Jan. 2021 11:45,6,4,2,
17. Jan. 2021 12:00,7,2,5,
17. Jan. 2021 12:15,5,0,5,
17. Jan. 2021 12:30,10,4,6,
17. Jan. 2021 12:45,7,3,4,
17. Jan. 2021 13:00,6,1,5,
17. Jan. 2021 13:15,4,2,2,
17. Jan. 2021 13:30,13,7,6,
17. Jan. 2021 13:45,9,2,7,
17. Jan. 2021 14:00,11,8,3,
17. Jan. 2021 14:15,18,4,14,
17. Jan. 2021 14:30,10,3,7,
17. Jan. 2021 14:45,21,14,7,
17. Jan. 2021 15:00,13,6,7,
17. Jan. 2021 15:15,11,3,8,
17. Jan. 2021 15:30,20,10,10,
17. Jan. 2021 15:45,16,5,11,
17. Jan. 2021 16:00,24,16,8,
17. Jan. 2021 16:15,15,9,6,
17. Jan. 2021 16:30,16,10,6,
17. Jan. 2021 16:45,14,7,7,
17. Jan. 2021 17:00,14,10,4,
17. Jan. 2021 17:15,19,11,8,
17. Jan. 2021 17:30,13,9,4,
17. Jan. 2021 17:45,23,13,10,
17. Jan. 2021 18:00,9,5,4,
17. Jan. 2021 18:15,14,7,7,
17. Jan. 2021 18:30,8,4,4,
17. Jan. 2021 18:45,20,11,9,
17. Jan. 2021 19:00,12,10,2,
17. Jan. 2021 19:15,13,6,7,
17. Jan. 2021 19:30,6,3,3,
17. Jan. 2021 19:45,15,10,5,
17. Jan. 2021 20:00,12,7,5,
17. Jan. 2021 20:15,5,4,1,
17. Jan. 2021 20:30,4,0,4,
17. Jan. 2021 20:45,2,1,1,
17. Jan. 2021 21:00,3,2,1,
17. Jan. 2021 21:15,4,3,1,
17. Jan. 2021 21:30,2,1,1,
17. Jan. 2021 21:45,2,0,2,
17. Jan. 2021 22:00,2,1,1,
17. Jan. 2021 22:15,2,2,0,
17. Jan. 2021 22:30,1,0,1,
17. Jan. 2021 22:45,0,0,0,
17. Jan. 2021 23:00,0,0,0,
17. Jan. 2021 23:15,0,0,0,
17. Jan. 2021 23:30,1,0,1,
17. Jan. 2021 23:45,0,0,0,
18. Jan. 2021 00:00,0,0,0,
18. Jan. 2021 00:15,0,0,0,
18. Jan. 2021 00:30,1,0,1,
18. Jan. 2021 00:45,0,0,0,
18. Jan. 2021 01:00,2,1,1,
18. Jan. 2021 01:15,0,0,0,
18. Jan. 2021 01:30,1,1,0,
18. Jan. 2021 01:45,0,0,0,
18. Jan. 2021 02:00,2,2,0,
18. Jan. 2021 02:15,0,0,0,
18. Jan. 2021 02:30,1,0,1,
18. Jan. 2021 02:45,1,0,1,
18. Jan. 2021 03:00,0,0,0,
18. Jan. 2021 03:15,0,0,0,
18. Jan. 2021 03:30,1,0,1,
18. Jan. 2021 03:45,0,0,0,
18. Jan. 2021 04:00,1,1,0,
18. Jan. 2021 04:15,0,0,0,
18. Jan. 2021 04:30,2,2,0,
18. Jan. 2021 04:45,4,2,2,
18. Jan. 2021 05:00,0,0,0,
18. Jan. 2021 05:15,0,0,0,
18. Jan. 2021 05:30,3,0,3,
18. Jan. 2021 05:45,12,7,5,
18. Jan. 2021 06:00,8,5,3,
18. Jan. 2021 06:15,17,11,6,
18. Jan. 2021 06:30,15,7,8,
18. Jan. 2021 06:45,19,10,9,
18. Jan. 2021 07:00,21,9,12,
18. Jan. 2021 07:15,50,25,25,
18. Jan. 2021 07:30,50,29,21,
18. Jan. 2021 07:45,64,35,29,
18. Jan. 2021 08:00,46,19,27,
18. Jan. 2021 08:15,47,22,25,
18. Jan. 2021 08:30,57,20,37,
18. Jan. 2021 08:45,59,25,34,
18. Jan. 2021 09:00,54,24,30,
18. Jan. 2021 09:15,45,21,24,
18. Jan. 2021 09:30,33,24,9,
18. Jan. 2021 09:45,61,31,30,
18. Jan. 2021 10:00,38,24,14,
18. Jan. 2021 10:15,42,19,23,
18. Jan. 2021 10:30,28,12,16,
18. Jan. 2021 10:45,31,17,14,
18. Jan. 2021 11:00,32,13,19,
18. Jan. 2021 11:15,43,21,22,
18. Jan. 2021 11:30,30,17,13,
18. Jan. 2021 11:45,36,19,17,
18. Jan. 2021 12:00,43,17,26,
18. Jan. 2021 12:15,47,26,21,
18. Jan. 2021 12:30,55,27,28,
18. Jan. 2021 12:45,62,34,28,
18. Jan. 2021 13:00,75,34,41,
18. Jan. 2021 13:15,62,26,36,
18. Jan. 2021 13:30,59,32,27,
18. Jan. 2021 13:45,56,33,23,
18. Jan. 2021 14:00,44,23,21,
18. Jan. 2021 14:15,63,31,32,
18. Jan. 2021 14:30,59,32,27,
18. Jan. 2021 14:45,58,31,27,
18. Jan. 2021 15:00,55,29,26,
18. Jan. 2021 15:15,44,15,29,
18. Jan. 2021 15:30,58,25,33,
18. Jan. 2021 15:45,49,27,22,
18. Jan. 2021 16:00,50,25,25,
18. Jan. 2021 16:15,62,33,29,
18. Jan. 2021 16:30,54,29,25,
18. Jan. 2021 16:45,75,44,31,
18. Jan. 2021 17:00,69,39,30,
18. Jan. 2021 17:15,71,37,34,
18. Jan. 2021 17:30,64,33,31,
18. Jan. 2021 17:45,65,36,29,
18. Jan. 2021 18:00,53,28,25,
18. Jan. 2021 18:15,61,24,37,
18. Jan. 2021 18:30,52,22,30,
18. Jan. 2021 18:45,29,17,12,
18. Jan. 2021 19:00,35,16,19,
18. Jan. 2021 19:15,25,13,12,
18. Jan. 2021 19:30,30,12,18,
18. Jan. 2021 19:45,37,20,17,
18. Jan. 2021 20:00,22,9,13,
18. Jan. 2021 20:15,12,7,5,
18. Jan. 2021 20:30,13,11,2,
18. Jan. 2021 20:45,6,3,3,
18. Jan. 2021 21:00,11,7,4,
18. Jan. 2021 21:15,2,2,0,
18. Jan. 2021 21:30,4,1,3,
18. Jan. 2021 21:45,6,1,5,
18. Jan. 2021 22:00,1,0,1,
18. Jan. 2021 22:15,2,0,2,
18. Jan. 2021 22:30,6,4,2,
18. Jan. 2021 22:45,1,1,0,
18. Jan. 2021 23:00,1,1,0,
18. Jan. 2021 23:15,6,4,2,
18. Jan. 2021 23:30,2,2,0,
18. Jan. 2021 23:45,1,1,0,
19. Jan. 2021 00:00,0,0,0,
19. Jan. 2021 00:15,1,0,1,
19. Jan. 2021 00:30,1,1,0,
19. Jan. 2021 00:45,1,1,0,
19. Jan. 2021 01:00,0,0,0,
19. Jan. 2021 01:15,0,0,0,
19. Jan. 2021 01:30,1,0,1,
19. Jan. 2021 01:45,0,0,0,
19. Jan. 2021 02:00,0,0,0,
19. Jan. 2021 02:15,0,0,0,
19. Jan. 2021 02:30,0,0,0,
19. Jan. 2021 02:45,1,0,1,
19. Jan. 2021 03:00,0,0,0,
19. Jan. 2021 03:15,0,0,0,
19. Jan. 2021 03:30,1,0,1,
19. Jan. 2021 03:45,1,1,0,
19. Jan. 2021 04:00,0,0,0,
19. Jan. 2021 04:15,0,0,0,
19. Jan. 2021 04:30,2,2,0,
19. Jan. 2021 04:45,1,0,1,
19. Jan. 2021 05:00,0,0,0,
19. Jan. 2021 05:15,4,2,2,
19. Jan. 2021 05:30,7,5,2,
19. Jan. 2021 05:45,8,3,5,
19. Jan. 2021 06:00,5,3,2,
19. Jan. 2021 06:15,15,13,2,
19. Jan. 2021 06:30,26,14,12,
19. Jan. 2021 06:45,25,12,13,
19. Jan. 2021 07:00,38,16,22,
19. Jan. 2021 07:15,46,25,21,
19. Jan. 2021 07:30,72,40,32,
19. Jan. 2021 07:45,90,43,47,
19. Jan. 2021 08:00,67,36,31,
19. Jan. 2021 08:15,83,45,38,
19. Jan. 2021 08:30,84,41,43,
19. Jan. 2021 08:45,75,34,41,
19. Jan. 2021 09:00,59,33,26,
19. Jan. 2021 09:15,50,22,28,
19. Jan. 2021 09:30,48,26,22,
19. Jan. 2021 09:45,43,22,21,
19. Jan. 2021 10:00,42,23,19,
19. Jan. 2021 10:15,37,18,19,
19. Jan. 2021 10:30,34,19,15,
19. Jan. 2021 10:45,44,27,17,
19. Jan. 2021 11:00,40,21,19,
19. Jan. 2021 11:15,46,30,16,
19. Jan. 2021 11:30,56,28,28,
19. Jan. 2021 11:45,42,21,21,
19. Jan. 2021 12:00,61,26,35,
19. Jan. 2021 12:15,60,28,32,
19. Jan. 2021 12:30,77,38,39,
19. Jan. 2021 12:45,66,33,33,
19. Jan. 2021 13:00,71,28,43,
19. Jan. 2021 13:15,69,37,32,
19. Jan. 2021 13:30,59,35,24,
19. Jan. 2021 13:45,76,42,34,
19. Jan. 2021 14:00,54,31,23,
19. Jan. 2021 14:15,59,36,23,
19. Jan. 2021 14:30,63,26,37,
19. Jan. 2021 14:45,73,33,40,
19. Jan. 2021 15:00,50,30,20,
19. Jan. 2021 15:15,69,39,30,
19. Jan. 2021 15:30,70,34,36,
19. Jan. 2021 15:45,80,37,43,
19. Jan. 2021 16:00,80,39,41,
19. Jan. 2021 16:15,70,39,31,
19. Jan. 2021 16:30,68,33,35,
19. Jan. 2021 16:45,89,41,48,
19. Jan. 2021 17:00,76,32,44,
19. Jan. 2021 17:15,86,47,39,
19. Jan. 2021 17:30,72,36,36,
19. Jan. 2021 17:45,84,37,47,
19. Jan. 2021 18:00,72,31,41,
19. Jan. 2021 18:15,71,44,27,
19. Jan. 2021 18:30,51,18,33,
19. Jan. 2021 18:45,48,18,30,
19. Jan. 2021 19:00,40,20,20,
19. Jan. 2021 19:15,50,25,25,
19. Jan. 2021 19:30,36,15,21,
19. Jan. 2021 19:45,55,32,23,
19. Jan. 2021 20:00,21,14,7,
19. Jan. 2021 20:15,11,7,4,
19. Jan. 2021 20:30,11,6,5,
19. Jan. 2021 20:45,10,3,7,
19. Jan. 2021 21:00,7,3,4,
19. Jan. 2021 21:15,5,2,3,
19. Jan. 2021 21:30,6,1,5,
19. Jan. 2021 21:45,3,1,2,
19. Jan. 2021 22:00,3,2,1,
19. Jan. 2021 22:15,4,2,2,
19. Jan. 2021 22:30,2,1,1,
19. Jan. 2021 22:45,2,1,1,
19. Jan. 2021 23:00,3,3,0,
19. Jan. 2021 23:15,0,0,0,
19. Jan. 2021 23:30,1,1,0,
19. Jan. 2021 23:45,0,0,0,
20. Jan. 2021 00:00,0,0,0,
20. Jan. 2021 00:15,0,0,0,
20. Jan. 2021 00:30,2,2,0,
20. Jan. 2021 00:45,2,2,0,
20. Jan. 2021 01:00,1,0,1,
20. Jan. 2021 01:15,1,0,1,
20. Jan. 2021 01:30,0,0,0,
20. Jan. 2021 01:45,0,0,0,
20. Jan. 2021 02:00,0,0,0,
20. Jan. 2021 02:15,0,0,0,
20. Jan. 2021 02:30,0,0,0,
20. Jan. 2021 02:45,1,0,1,
20. Jan. 2021 03:00,0,0,0,
20. Jan. 2021 03:15,0,0,0,
20. Jan. 2021 03:30,0,0,0,
20. Jan. 2021 03:45,2,1,1,
20. Jan. 2021 04:00,0,0,0,
20. Jan. 2021 04:15,0,0,0,
20. Jan. 2021 04:30,4,4,0,
20. Jan. 2021 04:45,0,0,0,
20. Jan. 2021 05:00,4,1,3,
20. Jan. 2021 05:15,3,2,1,
20. Jan. 2021 05:30,7,5,2,
20. Jan. 2021 05:45,17,8,9,
20. Jan. 2021 06:00,8,6,2,
20. Jan. 2021 06:15,18,10,8,
20. Jan. 2021 06:30,24,12,12,
20. Jan. 2021 06:45,30,13,17,
20. Jan. 2021 07:00,36,17,19,
20. Jan. 2021 07:15,51,23,28,
20. Jan. 2021 07:30,72,29,43,
20. Jan. 2021 07:45,86,43,43,
20. Jan. 2021 08:00,89,47,42,
20. Jan. 2021 08:15,88,47,41,
20. Jan. 2021 08:30,77,33,44,
20. Jan. 2021 08:45,79,46,33,
20. Jan. 2021 09:00,49,28,21,
20. Jan. 2021 09:15,47,24,23,
20. Jan. 2021 09:30,48,23,25,
20. Jan. 2021 09:45,53,32,21,
20. Jan. 2021 10:00,40,22,18,
20. Jan. 2021 10:15,29,14,15,
20. Jan. 2021 10:30,43,30,13,
20. Jan. 2021 10:45,46,25,21,
20. Jan. 2021 11:00,46,20,26,
20. Jan. 2021 11:15,53,30,23,
20. Jan. 2021 11:30,49,19,30,
20. Jan. 2021 11:45,70,37,33,
20. Jan. 2021 12:00,63,24,39,
20. Jan. 2021 12:15,72,35,37,
20. Jan. 2021 12:30,74,35,39,
20. Jan. 2021 12:45,83,53,30,
20. Jan. 2021 13:00,85,40,45,
20. Jan. 2021 13:15,70,32,38,
20. Jan. 2021 13:30,80,37,43,
20. Jan. 2021 13:45,80,38,42,
20. Jan. 2021 14:00,83,40,43,
20. Jan. 2021 14:15,87,54,33,
20. Jan. 2021 14:30,41,18,23,
20. Jan. 2021 14:45,0,0,0,
20. Jan. 2021 15:00,0,0,0,
20. Jan. 2021 15:15,0,0,0,
20. Jan. 2021 15:30,1,1,0,
20. Jan. 2021 15:45,3,1,2,
20. Jan. 2021 16:00,86,47,39,
20. Jan. 2021 16:15,91,49,42,
20. Jan. 2021 16:30,104,56,48,
20. Jan. 2021 16:45,86,51,35,
20. Jan. 2021 17:00,97,50,47,
20. Jan. 2021 17:15,97,53,44,
20. Jan. 2021 17:30,94,53,41,
20. Jan. 2021 17:45,82,40,42,
20. Jan. 2021 18:00,84,43,41,
20. Jan. 2021 18:15,61,29,32,
20. Jan. 2021 18:30,53,29,24,
20. Jan. 2021 18:45,52,28,24,
20. Jan. 2021 19:00,57,22,35,
20. Jan. 2021 19:15,43,19,24,
20. Jan. 2021 19:30,49,21,28,
20. Jan. 2021 19:45,54,24,30,
20. Jan. 2021 20:00,32,19,13,
20. Jan. 2021 20:15,22,7,15,
20. Jan. 2021 20:30,10,5,5,
20. Jan. 2021 20:45,7,2,5,
20. Jan. 2021 21:00,7,5,2,
20. Jan. 2021 21:15,9,6,3,
20. Jan. 2021 21:30,5,1,4,
20. Jan. 2021 21:45,2,1,1,
20. Jan. 2021 22:00,2,2,0,
20. Jan. 2021 22:15,7,3,4,
20. Jan. 2021 22:30,5,4,1,
20. Jan. 2021 22:45,1,1,0,
20. Jan. 2021 23:00,2,1,1,
20. Jan. 2021 23:15,2,2,0,
20. Jan. 2021 23:30,0,0,0,
20. Jan. 2021 23:45,0,0,0,
21. Jan. 2021 00:00,0,0,0,
21. Jan. 2021 00:15,1,1,0,
21. Jan. 2021 00:30,0,0,0,
21. Jan. 2021 00:45,3,1,2,
21. Jan. 2021 01:00,0,0,0,
21. Jan. 2021 01:15,0,0,0,
21. Jan. 2021 01:30,0,0,0,
21. Jan. 2021 01:45,0,0,0,
21. Jan. 2021 02:00,0,0,0,
21. Jan. 2021 02:15,0,0,0,
21. Jan. 2021 02:30,0,0,0,
21. Jan. 2021 02:45,0,0,0,
21. Jan. 2021 03:00,0,0,0,
21. Jan. 2021 03:15,0,0,0,
21. Jan. 2021 03:30,0,0,0,
21. Jan. 2021 03:45,2,1,1,
21. Jan. 2021 04:00,0,0,0,
21. Jan. 2021 04:15,0,0,0,
21. Jan. 2021 04:30,1,0,1,
21. Jan. 2021 04:45,4,1,3,
21. Jan. 2021 05:00,1,1,0,
21. Jan. 2021 05:15,4,2,2,
21. Jan. 2021 05:30,10,6,4,
21. Jan. 2021 05:45,13,8,5,
21. Jan. 2021 06:00,11,7,4,
21. Jan. 2021 06:15,22,12,10,
21. Jan. 2021 06:30,22,11,11,
21. Jan. 2021 06:45,29,16,13,
21. Jan. 2021 07:00,42,19,23,
21. Jan. 2021 07:15,66,35,31,
21. Jan. 2021 07:30,92,61,31,
21. Jan. 2021 07:45,113,55,58,
21. Jan. 2021 08:00,75,38,37,
21. Jan. 2021 08:15,108,54,54,
21. Jan. 2021 08:30,99,50,49,
21. Jan. 2021 08:45,105,57,48,
21. Jan. 2021 09:00,63,32,31,
21. Jan. 2021 09:15,74,37,37,
21. Jan. 2021 09:30,67,29,38,
21. Jan. 2021 09:45,71,35,36,
21. Jan. 2021 10:00,62,31,31,
21. Jan. 2021 10:15,41,15,26,
21. Jan. 2021 10:30,51,20,31,
21. Jan. 2021 10:45,60,30,30,
21. Jan. 2021 11:00,51,31,20,
21. Jan. 2021 11:15,61,36,25,
21. Jan. 2021 11:30,73,36,37,
21. Jan. 2021 11:45,72,33,39,
21. Jan. 2021 12:00,83,39,44,
21. Jan. 2021 12:15,91,50,41,
21. Jan. 2021 12:30,109,63,46,
21. Jan. 2021 12:45,79,37,42,
21. Jan. 2021 13:00,95,49,46,
21. Jan. 2021 13:15,97,52,45,
21. Jan. 2021 13:30,80,28,52,
21. Jan. 2021 13:45,84,40,44,
21. Jan. 2021 14:00,88,46,42,
21. Jan. 2021 14:15,89,36,53,
21. Jan. 2021 14:30,77,42,35,
21. Jan. 2021 14:45,93,46,47,
21. Jan. 2021 15:00,85,39,46,
21. Jan. 2021 15:15,80,41,39,
21. Jan. 2021 15:30,87,40,47,
21. Jan. 2021 15:45,103,55,48,
21. Jan. 2021 16:00,101,53,48,
21. Jan. 2021 16:15,113,66,47,
21. Jan. 2021 16:30,95,57,38,
21. Jan. 2021 16:45,114,58,56,
21. Jan. 2021 17:00,106,40,66,
21. Jan. 2021 17:15,118,67,51,
21. Jan. 2021 17:30,103,53,50,
21. Jan. 2021 17:45,112,61,51,
21. Jan. 2021 18:00,74,35,39,
21. Jan. 2021 18:15,83,44,39,
21. Jan. 2021 18:30,69,26,43,
21. Jan. 2021 18:45,52,28,24,
21. Jan. 2021 19:00,52,29,23,
21. Jan. 2021 19:15,50,24,26,
21. Jan. 2021 19:30,45,24,21,
21. Jan. 2021 19:45,68,39,29,
21. Jan. 2021 20:00,44,22,22,
21. Jan. 2021 20:15,21,11,10,
21. Jan. 2021 20:30,16,6,10,
21. Jan. 2021 20:45,12,7,5,
21. Jan. 2021 21:00,14,6,8,
21. Jan. 2021 21:15,6,2,4,
21. Jan. 2021 21:30,7,4,3,
21. Jan. 2021 21:45,1,1,0,
21. Jan. 2021 22:00,1,0,1,
21. Jan. 2021 22:15,4,2,2,
21. Jan. 2021 22:30,2,2,0,
21. Jan. 2021 22:45,0,0,0,
21. Jan. 2021 23:00,2,1,1,
21. Jan. 2021 23:15,1,0,1,
21. Jan. 2021 23:30,3,3,0,
21. Jan. 2021 23:45,2,2,0,
22. Jan. 2021 00:00,0,0,0,
22. Jan. 2021 00:15,0,0,0,
22. Jan. 2021 00:30,1,1,0,
22. Jan. 2021 00:45,1,0,1,
22. Jan. 2021 01:00,0,0,0,
22. Jan. 2021 01:15,1,1,0,
22. Jan. 2021 01:30,0,0,0,
22. Jan. 2021 01:45,1,1,0,
22. Jan. 2021 02:00,0,0,0,
22. Jan. 2021 02:15,0,0,0,
22. Jan. 2021 02:30,1,0,1,
22. Jan. 2021 02:45,0,0,0,
22. Jan. 2021 03:00,1,0,1,
22. Jan. 2021 03:15,0,0,0,
22. Jan. 2021 03:30,1,1,0,
22. Jan. 2021 03:45,1,1,0,
22. Jan. 2021 04:00,0,0,0,
22. Jan. 2021 04:15,1,1,0,
22. Jan. 2021 04:30,2,1,1,
22. Jan. 2021 04:45,4,1,3,
22. Jan. 2021 05:00,1,0,1,
22. Jan. 2021 05:15,5,2,3,
22. Jan. 2021 05:30,8,7,1,
22. Jan. 2021 05:45,15,7,8,
22. Jan. 2021 06:00,14,10,4,
22. Jan. 2021 06:15,12,5,7,
22. Jan. 2021 06:30,32,21,11,
22. Jan. 2021 06:45,37,18,19,
22. Jan. 2021 07:00,41,20,21,
22. Jan. 2021 07:15,56,27,29,
22. Jan. 2021 07:30,63,32,31,
22. Jan. 2021 07:45,113,64,49,
22. Jan. 2021 08:00,96,51,45,
22. Jan. 2021 08:15,96,50,46,
22. Jan. 2021 08:30,89,38,51,
22. Jan. 2021 08:45,123,67,56,
22. Jan. 2021 09:00,74,43,31,
22. Jan. 2021 09:15,77,49,28,
22. Jan. 2021 09:30,83,50,33,
22. Jan. 2021 09:45,111,67,44,
22. Jan. 2021 10:00,78,41,37,
22. Jan. 2021 10:15,72,41,31,
22. Jan. 2021 10:30,91,44,47,
22. Jan. 2021 10:45,85,37,48,
22. Jan. 2021 11:00,97,43,54,
22. Jan. 2021 11:15,87,50,37,
22. Jan. 2021 11:30,94,49,45,
22. Jan. 2021 11:45,118,53,65,
22. Jan. 2021 12:00,113,62,51,
22. Jan. 2021 12:15,105,40,65,
22. Jan. 2021 12:30,104,49,55,
22. Jan. 2021 12:45,117,48,69,
22. Jan. 2021 13:00,117,58,59,
22. Jan. 2021 13:15,112,51,61,
22. Jan. 2021 13:30,78,36,42,
22. Jan. 2021 13:45,104,55,49,
22. Jan. 2021 14:00,127,64,63,
22. Jan. 2021 14:15,117,55,62,
22. Jan. 2021 14:30,96,58,38,
22. Jan. 2021 14:45,111,61,50,
22. Jan. 2021 15:00,103,55,48,
22. Jan. 2021 15:15,100,59,41,
22. Jan. 2021 15:30,90,53,37,
22. Jan. 2021 15:45,106,54,52,
22. Jan. 2021 16:00,114,44,70,
22. Jan. 2021 16:15,116,58,58,
22. Jan. 2021 16:30,131,52,79,
22. Jan. 2021 16:45,105,52,53,
22. Jan. 2021 17:00,113,63,50,
22. Jan. 2021 17:15,104,61,43,
22. Jan. 2021 17:30,96,43,53,
22. Jan. 2021 17:45,91,42,49,
22. Jan. 2021 18:00,63,28,35,
22. Jan. 2021 18:15,76,36,40,
22. Jan. 2021 18:30,54,22,32,
22. Jan. 2021 18:45,55,29,26,
22. Jan. 2021 19:00,60,30,30,
22. Jan. 2021 19:15,52,28,24,
22. Jan. 2021 19:30,56,22,34,
22. Jan. 2021 19:45,84,42,42,
22. Jan. 2021 20:00,31,11,20,
22. Jan. 2021 20:15,17,10,7,
22. Jan. 2021 20:30,14,9,5,
22. Jan. 2021 20:45,14,10,4,
22. Jan. 2021 21:00,3,1,2,
22. Jan. 2021 21:15,3,2,1,
22. Jan. 2021 21:30,7,6,1,
22. Jan. 2021 21:45,2,1,1,
22. Jan. 2021 22:00,0,0,0,
22. Jan. 2021 22:15,1,1,0,
22. Jan. 2021 22:30,7,4,3,
22. Jan. 2021 22:45,6,4,2,
22. Jan. 2021 23:00,1,1,0,
22. Jan. 2021 23:15,1,1,0,
22. Jan. 2021 23:30,2,0,2,
22. Jan. 2021 23:45,0,0,0,
23. Jan. 2021 00:00,1,1,0,
23. Jan. 2021 00:15,1,0,1,
23. Jan. 2021 00:30,1,0,1,
23. Jan. 2021 00:45,2,0,2,
23. Jan. 2021 01:00,0,0,0,
23. Jan. 2021 01:15,0,0,0,
23. Jan. 2021 01:30,3,2,1,
23. Jan. 2021 01:45,2,2,0,
23. Jan. 2021 02:00,1,1,0,
23. Jan. 2021 02:15,0,0,0,
23. Jan. 2021 02:30,1,0,1,
23. Jan. 2021 02:45,0,0,0,
23. Jan. 2021 03:00,1,0,1,
23. Jan. 2021 03:15,2,0,2,
23. Jan. 2021 03:30,0,0,0,
23. Jan. 2021 03:45,0,0,0,
23. Jan. 2021 04:00,0,0,0,
23. Jan. 2021 04:15,1,1,0,
23. Jan. 2021 04:30,0,0,0,
23. Jan. 2021 04:45,5,0,5,
23. Jan. 2021 05:00,5,5,0,
23. Jan. 2021 05:15,1,0,1,
23. Jan. 2021 05:30,8,8,0,
23. Jan. 2021 05:45,7,2,5,
23. Jan. 2021 06:00,4,4,0,
23. Jan. 2021 06:15,6,5,1,
23. Jan. 2021 06:30,3,2,1,
23. Jan. 2021 06:45,7,5,2,
23. Jan. 2021 07:00,8,3,5,
23. Jan. 2021 07:15,9,2,7,
23. Jan. 2021 07:30,13,5,8,
23. Jan. 2021 07:45,11,4,7,
23. Jan. 2021 08:00,10,6,4,
23. Jan. 2021 08:15,21,15,6,
23. Jan. 2021 08:30,20,10,10,
23. Jan. 2021 08:45,36,19,17,
23. Jan. 2021 09:00,27,17,10,
23. Jan. 2021 09:15,45,24,21,
23. Jan. 2021 09:30,37,20,17,
23. Jan. 2021 09:45,48,31,17,
23. Jan. 2021 10:00,62,28,34,
23. Jan. 2021 10:15,55,30,25,
23. Jan. 2021 10:30,56,32,24,
23. Jan. 2021 10:45,69,33,36,
23. Jan. 2021 11:00,57,32,25,
23. Jan. 2021 11:15,80,48,32,
23. Jan. 2021 11:30,73,41,32,
23. Jan. 2021 11:45,87,44,43,
23. Jan. 2021 12:00,73,29,44,
23. Jan. 2021 12:15,89,46,43,
23. Jan. 2021 12:30,71,27,44,
23. Jan. 2021 12:45,68,33,35,
23. Jan. 2021 13:00,99,43,56,
23. Jan. 2021 13:15,70,33,37,
23. Jan. 2021 13:30,63,44,19,
23. Jan. 2021 13:45,93,33,60,
23. Jan. 2021 14:00,72,41,31,
23. Jan. 2021 14:15,81,43,38,
23. Jan. 2021 14:30,98,49,49,
23. Jan. 2021 14:45,68,28,40,
23. Jan. 2021 15:00,89,57,32,
23. Jan. 2021 15:15,79,33,46,
23. Jan. 2021 15:30,70,37,33,
23. Jan. 2021 15:45,82,41,41,
23. Jan. 2021 16:00,85,52,33,
23. Jan. 2021 16:15,78,39,39,
23. Jan. 2021 16:30,93,46,47,
23. Jan. 2021 16:45,86,43,43,
23. Jan. 2021 17:00,56,30,26,
23. Jan. 2021 17:15,51,23,28,
23. Jan. 2021 17:30,64,31,33,
23. Jan. 2021 17:45,59,29,30,
23. Jan. 2021 18:00,53,24,29,
23. Jan. 2021 18:15,44,29,15,
23. Jan. 2021 18:30,35,15,20,
23. Jan. 2021 18:45,45,19,26,
23. Jan. 2021 19:00,24,11,13,
23. Jan. 2021 19:15,52,29,23,
23. Jan. 2021 19:30,42,27,15,
23. Jan. 2021 19:45,64,45,19,
23. Jan. 2021 20:00,35,20,15,
23. Jan. 2021 20:15,8,4,4,
23. Jan. 2021 20:30,13,8,5,
23. Jan. 2021 20:45,3,2,1,
23. Jan. 2021 21:00,2,0,2,
23. Jan. 2021 21:15,5,2,3,
23. Jan. 2021 21:30,2,1,1,
23. Jan. 2021 21:45,1,1,0,
23. Jan. 2021 22:00,3,2,1,
23. Jan. 2021 22:15,7,3,4,
23. Jan. 2021 22:30,4,2,2,
23. Jan. 2021 22:45,0,0,0,
23. Jan. 2021 23:00,2,2,0,
23. Jan. 2021 23:15,3,1,2,
23. Jan. 2021 23:30,5,3,2,
23. Jan. 2021 23:45,1,0,1,
24. Jan. 2021 00:00,3,2,1,
24. Jan. 2021 00:15,0,0,0,
24. Jan. 2021 00:30,0,0,0,
24. Jan. 2021 00:45,1,1,0,
24. Jan. 2021 01:00,1,1,0,
24. Jan. 2021 01:15,1,1,0,
24. Jan. 2021 01:30,2,2,0,
24. Jan. 2021 01:45,1,1,0,
24. Jan. 2021 02:00,1,0,1,
24. Jan. 2021 02:15,0,0,0,
24. Jan. 2021 02:30,0,0,0,
24. Jan. 2021 02:45,0,0,0,
24. Jan. 2021 03:00,1,0,1,
24. Jan. 2021 03:15,3,1,2,
24. Jan. 2021 03:30,0,0,0,
24. Jan. 2021 03:45,2,0,2,
24. Jan. 2021 04:00,0,0,0,
24. Jan. 2021 04:15,1,1,0,
24. Jan. 2021 04:30,0,0,0,
24. Jan. 2021 04:45,0,0,0,
24. Jan. 2021 05:00,3,3,0,
24. Jan. 2021 05:15,4,1,3,
24. Jan. 2021 05:30,3,2,1,
24. Jan. 2021 05:45,2,2,0,
24. Jan. 2021 06:00,2,1,1,
24. Jan. 2021 06:15,9,7,2,
24. Jan. 2021 06:30,7,6,1,
24. Jan. 2021 06:45,0,0,0,
24. Jan. 2021 07:00,3,2,1,
24. Jan. 2021 07:15,4,2,2,
24. Jan. 2021 07:30,2,1,1,
24. Jan. 2021 07:45,5,3,2,
24. Jan. 2021 08:00,4,2,2,
24. Jan. 2021 08:15,6,6,0,
24. Jan. 2021 08:30,8,4,4,
24. Jan. 2021 08:45,10,6,4,
24. Jan. 2021 09:00,15,9,6,
24. Jan. 2021 09:15,18,7,11,
24. Jan. 2021 09:30,16,7,9,
24. Jan. 2021 09:45,28,19,9,
24. Jan. 2021 10:00,14,9,5,
24. Jan. 2021 10:15,42,21,21,
24. Jan. 2021 10:30,25,7,18,
24. Jan. 2021 10:45,43,15,28,
24. Jan. 2021 11:00,45,27,18,
24. Jan. 2021 11:15,39,19,20,
24. Jan. 2021 11:30,52,16,36,
24. Jan. 2021 11:45,25,14,11,
24. Jan. 2021 12:00,42,19,23,
24. Jan. 2021 12:15,46,16,30,
24. Jan. 2021 12:30,46,15,31,
24. Jan. 2021 12:45,55,26,29,
24. Jan. 2021 13:00,52,31,21,
24. Jan. 2021 13:15,58,19,39,
24. Jan. 2021 13:30,46,19,27,
24. Jan. 2021 13:45,62,28,34,
24. Jan. 2021 14:00,76,25,51,
24. Jan. 2021 14:15,50,23,27,
24. Jan. 2021 14:30,80,38,42,
24. Jan. 2021 14:45,86,44,42,
24. Jan. 2021 15:00,57,25,32,
24. Jan. 2021 15:15,63,37,26,
24. Jan. 2021 15:30,55,32,23,
24. Jan. 2021 15:45,58,44,14,
24. Jan. 2021 16:00,58,35,23,
24. Jan. 2021 16:15,56,23,33,
24. Jan. 2021 16:30,47,28,19,
24. Jan. 2021 16:45,68,32,36,
24. Jan. 2021 17:00,49,29,20,
24. Jan. 2021 17:15,51,28,23,
24. Jan. 2021 17:30,40,19,21,
24. Jan. 2021 17:45,28,12,16,
24. Jan. 2021 18:00,33,20,13,
24. Jan. 2021 18:15,32,17,15,
24. Jan. 2021 18:30,27,16,11,
24. Jan. 2021 18:45,20,9,11,
24. Jan. 2021 19:00,24,16,8,
24. Jan. 2021 19:15,23,14,9,
24. Jan. 2021 19:30,32,15,17,
24. Jan. 2021 19:45,41,22,19,
24. Jan. 2021 20:00,31,16,15,
24. Jan. 2021 20:15,9,5,4,
24. Jan. 2021 20:30,4,1,3,
24. Jan. 2021 20:45,5,3,2,
24. Jan. 2021 21:00,4,4,0,
24. Jan. 2021 21:15,8,5,3,
24. Jan. 2021 21:30,3,1,2,
24. Jan. 2021 21:45,1,0,1,
24. Jan. 2021 22:00,2,2,0,
24. Jan. 2021 22:15,4,3,1,
24. Jan. 2021 22:30,2,1,1,
24. Jan. 2021 22:45,0,0,0,
24. Jan. 2021 23:00,2,1,1,
24. Jan. 2021 23:15,0,0,0,
24. Jan. 2021 23:30,0,0,0,
24. Jan. 2021 23:45,2,2,0,
25. Jan. 2021 00:00,2,1,1,
25. Jan. 2021 00:15,0,0,0,
25. Jan. 2021 00:30,1,0,1,
25. Jan. 2021 00:45,0,0,0,
25. Jan. 2021 01:00,0,0,0,
25. Jan. 2021 01:15,1,1,0,
25. Jan. 2021 01:30,0,0,0,
25. Jan. 2021 01:45,2,2,0,
25. Jan. 2021 02:00,0,0,0,
25. Jan. 2021 02:15,0,0,0,
25. Jan. 2021 02:30,0,0,0,
25. Jan. 2021 02:45,1,0,1,
25. Jan. 2021 03:00,0,0,0,
25. Jan. 2021 03:15,0,0,0,
25. Jan. 2021 03:30,0,0,0,
25. Jan. 2021 03:45,0,0,0,
25. Jan. 2021 04:00,0,0,0,
25. Jan. 2021 04:15,0,0,0,
25. Jan. 2021 04:30,3,3,0,
25. Jan. 2021 04:45,3,1,2,
25. Jan. 2021 05:00,1,1,0,
25. Jan. 2021 05:15,0,0,0,
25. Jan. 2021 05:30,8,4,4,
25. Jan. 2021 05:45,12,5,7,
25. Jan. 2021 06:00,9,6,3,
25. Jan. 2021 06:15,14,8,6,
25. Jan. 2021 06:30,17,10,7,
25. Jan. 2021 06:45,30,17,13,
25. Jan. 2021 07:00,38,17,21,
25. Jan. 2021 07:15,53,25,28,
25. Jan. 2021 07:30,60,31,29,
25. Jan. 2021 07:45,64,33,31,
25. Jan. 2021 08:00,61,32,29,
25. Jan. 2021 08:15,70,29,41,
25. Jan. 2021 08:30,70,37,33,
25. Jan. 2021 08:45,80,43,37,
25. Jan. 2021 09:00,54,32,22,
25. Jan. 2021 09:15,50,30,20,
25. Jan. 2021 09:30,39,23,16,
25. Jan. 2021 09:45,48,30,18,
25. Jan. 2021 10:00,39,17,22,
25. Jan. 2021 10:15,41,19,22,
25. Jan. 2021 10:30,27,19,8,
25. Jan. 2021 10:45,39,23,16,
25. Jan. 2021 11:00,44,17,27,
25. Jan. 2021 11:15,48,21,27,
25. Jan. 2021 11:30,56,21,35,
25. Jan. 2021 11:45,44,21,23,
25. Jan. 2021 12:00,56,27,29,
25. Jan. 2021 12:15,68,40,28,
25. Jan. 2021 12:30,74,42,32,
25. Jan. 2021 12:45,80,41,39,
25. Jan. 2021 13:00,70,36,34,
25. Jan. 2021 13:15,57,29,28,
25. Jan. 2021 13:30,74,39,35,
25. Jan. 2021 13:45,88,52,36,
25. Jan. 2021 14:00,54,29,25,
25. Jan. 2021 14:15,83,33,50,
25. Jan. 2021 14:30,84,49,35,
25. Jan. 2021 14:45,56,29,27,
25. Jan. 2021 15:00,62,38,24,
25. Jan. 2021 15:15,66,44,22,
25. Jan. 2021 15:30,75,38,37,
25. Jan. 2021 15:45,94,53,41,
25. Jan. 2021 16:00,85,45,40,
25. Jan. 2021 16:15,65,37,28,
25. Jan. 2021 16:30,89,60,29,
25. Jan. 2021 16:45,88,41,47,
25. Jan. 2021 17:00,108,42,66,
25. Jan. 2021 17:15,90,40,50,
25. Jan. 2021 17:30,73,37,36,
25. Jan. 2021 17:45,80,40,40,
25. Jan. 2021 18:00,80,39,41,
25. Jan. 2021 18:15,53,25,28,
25. Jan. 2021 18:30,63,32,31,
25. Jan. 2021 18:45,37,17,20,
25. Jan. 2021 19:00,51,22,29,
25. Jan. 2021 19:15,40,19,21,
25. Jan. 2021 19:30,51,27,24,
25. Jan. 2021 19:45,60,37,23,
25. Jan. 2021 20:00,36,17,19,
25. Jan. 2021 20:15,11,5,6,
25. Jan. 2021 20:30,17,5,12,
25. Jan. 2021 20:45,6,3,3,
25. Jan. 2021 21:00,7,4,3,
25. Jan. 2021 21:15,6,3,3,
25. Jan. 2021 21:30,2,2,0,
25. Jan. 2021 21:45,5,2,3,
25. Jan. 2021 22:00,4,2,2,
25. Jan. 2021 22:15,4,3,1,
25. Jan. 2021 22:30,2,0,2,
25. Jan. 2021 22:45,1,1,0,
25. Jan. 2021 23:00,2,1,1,
25. Jan. 2021 23:15,2,1,1,
25. Jan. 2021 23:30,0,0,0,
25. Jan. 2021 23:45,1,1,0,
26. Jan. 2021 00:00,1,1,0,
26. Jan. 2021 00:15,1,1,0,
26. Jan. 2021 00:30,0,0,0,
26. Jan. 2021 00:45,0,0,0,
26. Jan. 2021 01:00,0,0,0,
26. Jan. 2021 01:15,4,4,0,
26. Jan. 2021 01:30,0,0,0,
26. Jan. 2021 01:45,1,1,0,
26. Jan. 2021 02:00,1,1,0,
26. Jan. 2021 02:15,0,0,0,
26. Jan. 2021 02:30,0,0,0,
26. Jan. 2021 02:45,0,0,0,
26. Jan. 2021 03:00,2,0,2,
26. Jan. 2021 03:15,0,0,0,
26. Jan. 2021 03:30,0,0,0,
26. Jan. 2021 03:45,0,0,0,
26. Jan. 2021 04:00,0,0,0,
26. Jan. 2021 04:15,0,0,0,
26. Jan. 2021 04:30,1,1,0,
26. Jan. 2021 04:45,2,0,2,
26. Jan. 2021 05:00,3,2,1,
26. Jan. 2021 05:15,4,3,1,
26. Jan. 2021 05:30,12,9,3,
26. Jan. 2021 05:45,11,5,6,
26. Jan. 2021 06:00,19,13,6,
26. Jan. 2021 06:15,21,17,4,
26. Jan. 2021 06:30,32,12,20,
26. Jan. 2021 06:45,41,21,20,
26. Jan. 2021 07:00,41,21,20,
26. Jan. 2021 07:15,48,31,17,
26. Jan. 2021 07:30,99,62,37,
26. Jan. 2021 07:45,107,62,45,
26. Jan. 2021 08:00,86,46,40,
26. Jan. 2021 08:15,80,43,37,
26. Jan. 2021 08:30,111,67,44,
26. Jan. 2021 08:45,117,70,47,
26. Jan. 2021 09:00,53,28,25,
26. Jan. 2021 09:15,56,30,26,
26. Jan. 2021 09:30,74,37,37,
26. Jan. 2021 09:45,78,50,28,
26. Jan. 2021 10:00,75,45,30,
26. Jan. 2021 10:15,56,29,27,
26. Jan. 2021 10:30,57,24,33,
26. Jan. 2021 10:45,65,37,28,
26. Jan. 2021 11:00,48,25,23,
26. Jan. 2021 11:15,60,32,28,
26. Jan. 2021 11:30,68,31,37,
26. Jan. 2021 11:45,73,33,40,
26. Jan. 2021 12:00,60,35,25,
26. Jan. 2021 12:15,85,44,41,
26. Jan. 2021 12:30,87,47,40,
26. Jan. 2021 12:45,81,37,44,
26. Jan. 2021 13:00,81,42,39,
26. Jan. 2021 13:15,60,28,32,
26. Jan. 2021 13:30,72,34,38,
26. Jan. 2021 13:45,84,42,42,
26. Jan. 2021 14:00,75,45,30,
26. Jan. 2021 14:15,84,38,46,
26. Jan. 2021 14:30,74,34,40,
26. Jan. 2021 14:45,82,46,36,
26. Jan. 2021 15:00,82,44,38,
26. Jan. 2021 15:15,81,37,44,
26. Jan. 2021 15:30,76,36,40,
26. Jan. 2021 15:45,90,43,47,
26. Jan. 2021 16:00,94,45,49,
26. Jan. 2021 16:15,95,46,49,
26. Jan. 2021 16:30,82,46,36,
26. Jan. 2021 16:45,114,65,49,
26. Jan. 2021 17:00,113,65,48,
26. Jan. 2021 17:15,93,43,50,
26. Jan. 2021 17:30,99,48,51,
26. Jan. 2021 17:45,104,56,48,
26. Jan. 2021 18:00,86,33,53,
26. Jan. 2021 18:15,90,45,45,
26. Jan. 2021 18:30,68,33,35,
26. Jan. 2021 18:45,66,25,41,
26. Jan. 2021 19:00,49,23,26,
26. Jan. 2021 19:15,47,27,20,
26. Jan. 2021 19:30,43,23,20,
26. Jan. 2021 19:45,58,26,32,
26. Jan. 2021 20:00,34,17,17,
26. Jan. 2021 20:15,23,9,14,
26. Jan. 2021 20:30,6,2,4,
26. Jan. 2021 20:45,8,1,7,
26. Jan. 2021 21:00,6,3,3,
26. Jan. 2021 21:15,13,4,9,
26. Jan. 2021 21:30,5,1,4,
26. Jan. 2021 21:45,3,2,1,
26. Jan. 2021 22:00,5,1,4,
26. Jan. 2021 22:15,5,0,5,
26. Jan. 2021 22:30,3,3,0,
26. Jan. 2021 22:45,2,1,1,
26. Jan. 2021 23:00,6,3,3,
26. Jan. 2021 23:15,3,2,1,
26. Jan. 2021 23:30,0,0,0,
26. Jan. 2021 23:45,0,0,0,
27. Jan. 2021 00:00,3,2,1,
27. Jan. 2021 00:15,0,0,0,
27. Jan. 2021 00:30,1,0,1,
27. Jan. 2021 00:45,0,0,0,
27. Jan. 2021 01:00,0,0,0,
27. Jan. 2021 01:15,0,0,0,
27. Jan. 2021 01:30,0,0,0,
27. Jan. 2021 01:45,1,1,0,
27. Jan. 2021 02:00,0,0,0,
27. Jan. 2021 02:15,0,0,0,
27. Jan. 2021 02:30,0,0,0,
27. Jan. 2021 02:45,1,0,1,
27. Jan. 2021 03:00,0,0,0,
27. Jan. 2021 03:15,0,0,0,
27. Jan. 2021 03:30,0,0,0,
27. Jan. 2021 03:45,0,0,0,
27. Jan. 2021 04:00,1,1,0,
27. Jan. 2021 04:15,0,0,0,
27. Jan. 2021 04:30,3,3,0,
27. Jan. 2021 04:45,3,1,2,
27. Jan. 2021 05:00,2,1,1,
27. Jan. 2021 05:15,1,1,0,
27. Jan. 2021 05:30,9,6,3,
27. Jan. 2021 05:45,13,10,3,
27. Jan. 2021 06:00,15,7,8,
27. Jan. 2021 06:15,13,8,5,
27. Jan. 2021 06:30,30,19,11,
27. Jan. 2021 06:45,38,21,17,
27. Jan. 2021 07:00,40,21,19,
27. Jan. 2021 07:15,51,28,23,
27. Jan. 2021 07:30,85,53,32,
27. Jan. 2021 07:45,102,48,54,
27. Jan. 2021 08:00,85,46,39,
27. Jan. 2021 08:15,100,65,35,
27. Jan. 2021 08:30,88,50,38,
27. Jan. 2021 08:45,120,65,55,
27. Jan. 2021 09:00,71,37,34,
27. Jan. 2021 09:15,61,30,31,
27. Jan. 2021 09:30,57,19,38,
27. Jan. 2021 09:45,72,53,19,
27. Jan. 2021 10:00,64,32,32,
27. Jan. 2021 10:15,57,29,28,
27. Jan. 2021 10:30,37,17,20,
27. Jan. 2021 10:45,49,16,33,
27. Jan. 2021 11:00,34,16,18,
27. Jan. 2021 11:15,44,26,18,
27. Jan. 2021 11:30,22,10,12,
27. Jan. 2021 11:45,37,11,26,
27. Jan. 2021 12:00,48,24,24,
27. Jan. 2021 12:15,40,17,23,
27. Jan. 2021 12:30,42,19,23,
27. Jan. 2021 12:45,42,20,22,
27. Jan. 2021 13:00,47,23,24,
27. Jan. 2021 13:15,38,19,19,
27. Jan. 2021 13:30,45,12,33,
27. Jan. 2021 13:45,45,32,13,
27. Jan. 2021 14:00,42,27,15,
27. Jan. 2021 14:15,35,11,24,
27. Jan. 2021 14:30,52,28,24,
27. Jan. 2021 14:45,43,16,27,
27. Jan. 2021 15:00,45,18,27,
27. Jan. 2021 15:15,62,38,24,
27. Jan. 2021 15:30,57,24,33,
27. Jan. 2021 15:45,67,31,36,
27. Jan. 2021 16:00,62,40,22,
27. Jan. 2021 16:15,71,37,34,
27. Jan. 2021 16:30,71,43,28,
27. Jan. 2021 16:45,82,36,46,
27. Jan. 2021 17:00,79,37,42,
27. Jan. 2021 17:15,85,42,43,
27. Jan. 2021 17:30,66,29,37,
27. Jan. 2021 17:45,63,38,25,
27. Jan. 2021 18:00,69,33,36,
27. Jan. 2021 18:15,59,28,31,
27. Jan. 2021 18:30,63,30,33,
27. Jan. 2021 18:45,39,17,22,
27. Jan. 2021 19:00,40,21,19,
27. Jan. 2021 19:15,37,19,18,
27. Jan. 2021 19:30,30,15,15,
27. Jan. 2021 19:45,55,32,23,
27. Jan. 2021 20:00,28,18,10,
27. Jan. 2021 20:15,18,9,9,
27. Jan. 2021 20:30,11,7,4,
27. Jan. 2021 20:45,7,4,3,
27. Jan. 2021 21:00,4,2,2,
27. Jan. 2021 21:15,7,4,3,
27. Jan. 2021 21:30,4,3,1,
27. Jan. 2021 21:45,2,1,1,
27. Jan. 2021 22:00,1,0,1,
27. Jan. 2021 22:15,1,0,1,
27. Jan. 2021 22:30,0,0,0,
27. Jan. 2021 22:45,2,2,0,
27. Jan. 2021 23:00,1,1,0,
27. Jan. 2021 23:15,1,0,1,
27. Jan. 2021 23:30,1,0,1,
27. Jan. 2021 23:45,4,3,1,
28. Jan. 2021 00:00,1,1,0,
28. Jan. 2021 00:15,1,1,0,
28. Jan. 2021 00:30,0,0,0,
28. Jan. 2021 00:45,2,2,0,
28. Jan. 2021 01:00,1,0,1,
28. Jan. 2021 01:15,0,0,0,
28. Jan. 2021 01:30,0,0,0,
28. Jan. 2021 01:45,1,1,0,
28. Jan. 2021 02:00,0,0,0,
28. Jan. 2021 02:15,0,0,0,
28. Jan. 2021 02:30,1,1,0,
28. Jan. 2021 02:45,0,0,0,
28. Jan. 2021 03:00,1,0,1,
28. Jan. 2021 03:15,0,0,0,
28. Jan. 2021 03:30,0,0,0,
28. Jan. 2021 03:45,0,0,0,
28. Jan. 2021 04:00,0,0,0,
28. Jan. 2021 04:15,0,0,0,
28. Jan. 2021 04:30,1,1,0,
28. Jan. 2021 04:45,3,1,2,
28. Jan. 2021 05:00,0,0,0,
28. Jan. 2021 05:15,4,3,1,
28. Jan. 2021 05:30,7,3,4,
28. Jan. 2021 05:45,10,6,4,
28. Jan. 2021 06:00,9,3,6,
28. Jan. 2021 06:15,14,11,3,
28. Jan. 2021 06:30,24,17,7,
28. Jan. 2021 06:45,24,10,14,
28. Jan. 2021 07:00,27,16,11,
28. Jan. 2021 07:15,46,24,22,
28. Jan. 2021 07:30,67,41,26,
28. Jan. 2021 07:45,83,46,37,
28. Jan. 2021 08:00,68,35,33,
28. Jan. 2021 08:15,78,30,48,
28. Jan. 2021 08:30,90,50,40,
28. Jan. 2021 08:45,83,48,35,
28. Jan. 2021 09:00,49,30,19,
28. Jan. 2021 09:15,38,18,20,
28. Jan. 2021 09:30,32,14,18,
28. Jan. 2021 09:45,46,30,16,
28. Jan. 2021 10:00,37,24,13,
28. Jan. 2021 10:15,22,11,11,
28. Jan. 2021 10:30,30,7,23,
28. Jan. 2021 10:45,31,17,14,
28. Jan. 2021 11:00,27,17,10,
28. Jan. 2021 11:15,26,10,16,
28. Jan. 2021 11:30,31,13,18,
28. Jan. 2021 11:45,30,13,17,
28. Jan. 2021 12:00,34,19,15,
28. Jan. 2021 12:15,54,29,25,
28. Jan. 2021 12:30,50,21,29,
28. Jan. 2021 12:45,51,23,28,
28. Jan. 2021 13:00,55,23,32,
28. Jan. 2021 13:15,42,21,21,
28. Jan. 2021 13:30,54,24,30,
28. Jan. 2021 13:45,77,47,30,
28. Jan. 2021 14:00,73,38,35,
28. Jan. 2021 14:15,66,41,25,
28. Jan. 2021 14:30,73,39,34,
28. Jan. 2021 14:45,67,35,32,
28. Jan. 2021 15:00,55,22,33,
28. Jan. 2021 15:15,65,35,30,
28. Jan. 2021 15:30,58,25,33,
28. Jan. 2021 15:45,73,33,40,
28. Jan. 2021 16:00,100,50,50,
28. Jan. 2021 16:15,80,31,49,
28. Jan. 2021 16:30,95,47,48,
28. Jan. 2021 16:45,113,61,52,
28. Jan. 2021 17:00,77,34,43,
28. Jan. 2021 17:15,83,34,49,
28. Jan. 2021 17:30,73,38,35,
28. Jan. 2021 17:45,94,44,50,
28. Jan. 2021 18:00,93,42,51,
28. Jan. 2021 18:15,69,32,37,
28. Jan. 2021 18:30,58,25,33,
28. Jan. 2021 18:45,54,30,24,
28. Jan. 2021 19:00,54,19,35,
28. Jan. 2021 19:15,48,27,21,
28. Jan. 2021 19:30,34,15,19,
28. Jan. 2021 19:45,56,28,28,
28. Jan. 2021 20:00,39,18,21,
28. Jan. 2021 20:15,25,11,14,
28. Jan. 2021 20:30,16,6,10,
28. Jan. 2021 20:45,11,5,6,
28. Jan. 2021 21:00,5,4,1,
28. Jan. 2021 21:15,6,3,3,
28. Jan. 2021 21:30,6,2,4,
28. Jan. 2021 21:45,6,3,3,
28. Jan. 2021 22:00,7,2,5,
28. Jan. 2021 22:15,5,5,0,
28. Jan. 2021 22:30,0,0,0,
28. Jan. 2021 22:45,4,0,4,
28. Jan. 2021 23:00,0,0,0,
28. Jan. 2021 23:15,0,0,0,
28. Jan. 2021 23:30,4,1,3,
28. Jan. 2021 23:45,1,0,1,
29. Jan. 2021 00:00,0,0,0,
29. Jan. 2021 00:15,1,0,1,
29. Jan. 2021 00:30,2,2,0,
29. Jan. 2021 00:45,1,1,0,
29. Jan. 2021 01:00,0,0,0,
29. Jan. 2021 01:15,0,0,0,
29. Jan. 2021 01:30,0,0,0,
29. Jan. 2021 01:45,1,1,0,
29. Jan. 2021 02:00,0,0,0,
29. Jan. 2021 02:15,1,0,1,
29. Jan. 2021 02:30,1,1,0,
29. Jan. 2021 02:45,1,0,1,
29. Jan. 2021 03:00,0,0,0,
29. Jan. 2021 03:15,1,0,1,
29. Jan. 2021 03:30,1,1,0,
29. Jan. 2021 03:45,0,0,0,
29. Jan. 2021 04:00,0,0,0,
29. Jan. 2021 04:15,0,0,0,
29. Jan. 2021 04:30,5,3,2,
29. Jan. 2021 04:45,1,1,0,
29. Jan. 2021 05:00,2,2,0,
29. Jan. 2021 05:15,2,0,2,
29. Jan. 2021 05:30,5,3,2,
29. Jan. 2021 05:45,11,4,7,
29. Jan. 2021 06:00,8,4,4,
29. Jan. 2021 06:15,11,9,2,
29. Jan. 2021 06:30,15,10,5,
29. Jan. 2021 06:45,34,18,16,
29. Jan. 2021 07:00,50,30,20,
29. Jan. 2021 07:15,56,28,28,
29. Jan. 2021 07:30,61,36,25,
29. Jan. 2021 07:45,103,66,37,
29. Jan. 2021 08:00,63,31,32,
29. Jan. 2021 08:15,96,53,43,
29. Jan. 2021 08:30,74,32,42,
29. Jan. 2021 08:45,71,32,39,
29. Jan. 2021 09:00,63,36,27,
29. Jan. 2021 09:15,61,30,31,
29. Jan. 2021 09:30,80,38,42,
29. Jan. 2021 09:45,74,42,32,
29. Jan. 2021 10:00,63,38,25,
29. Jan. 2021 10:15,83,58,25,
29. Jan. 2021 10:30,74,40,34,
29. Jan. 2021 10:45,75,40,35,
29. Jan. 2021 11:00,83,37,46,
29. Jan. 2021 11:15,86,43,43,
29. Jan. 2021 11:30,89,42,47,
29. Jan. 2021 11:45,64,24,40,
29. Jan. 2021 12:00,81,41,40,
29. Jan. 2021 12:15,90,38,52,
29. Jan. 2021 12:30,82,36,46,
29. Jan. 2021 12:45,84,32,52,
29. Jan. 2021 13:00,87,39,48,
29. Jan. 2021 13:15,83,29,54,
29. Jan. 2021 13:30,51,25,26,
29. Jan. 2021 13:45,62,39,23,
29. Jan. 2021 14:00,64,28,36,
29. Jan. 2021 14:15,78,28,50,
29. Jan. 2021 14:30,65,36,29,
29. Jan. 2021 14:45,62,33,29,
29. Jan. 2021 15:00,74,32,42,
29. Jan. 2021 15:15,61,29,32,
29. Jan. 2021 15:30,61,31,30,
29. Jan. 2021 15:45,69,32,37,
29. Jan. 2021 16:00,88,42,46,
29. Jan. 2021 16:15,70,27,43,
29. Jan. 2021 16:30,78,36,42,
29. Jan. 2021 16:45,71,30,41,
29. Jan. 2021 17:00,74,31,43,
29. Jan. 2021 17:15,78,38,40,
29. Jan. 2021 17:30,72,32,40,
29. Jan. 2021 17:45,64,23,41,
29. Jan. 2021 18:00,54,26,28,
29. Jan. 2021 18:15,52,20,32,
29. Jan. 2021 18:30,53,23,30,
29. Jan. 2021 18:45,42,18,24,
29. Jan. 2021 19:00,47,21,26,
29. Jan. 2021 19:15,39,14,25,
29. Jan. 2021 19:30,48,26,22,
29. Jan. 2021 19:45,58,32,26,
29. Jan. 2021 20:00,33,15,18,
29. Jan. 2021 20:15,15,12,3,
29. Jan. 2021 20:30,12,3,9,
29. Jan. 2021 20:45,12,4,8,
29. Jan. 2021 21:00,6,5,1,
29. Jan. 2021 21:15,10,9,1,
29. Jan. 2021 21:30,4,1,3,
29. Jan. 2021 21:45,2,2,0,
29. Jan. 2021 22:00,3,2,1,
29. Jan. 2021 22:15,4,2,2,
29. Jan. 2021 22:30,7,5,2,
29. Jan. 2021 22:45,1,0,1,
29. Jan. 2021 23:00,1,1,0,
29. Jan. 2021 23:15,2,2,0,
29. Jan. 2021 23:30,5,2,3,
29. Jan. 2021 23:45,2,1,1,
30. Jan. 2021 00:00,2,0,2,
30. Jan. 2021 00:15,1,1,0,
30. Jan. 2021 00:30,0,0,0,
30. Jan. 2021 00:45,2,1,1,
30. Jan. 2021 01:00,2,1,1,
30. Jan. 2021 01:15,1,1,0,
30. Jan. 2021 01:30,1,1,0,
30. Jan. 2021 01:45,0,0,0,
30. Jan. 2021 02:00,0,0,0,
30. Jan. 2021 02:15,0,0,0,
30. Jan. 2021 02:30,0,0,0,
30. Jan. 2021 02:45,2,0,2,
30. Jan. 2021 03:00,3,2,1,
30. Jan. 2021 03:15,0,0,0,
30. Jan. 2021 03:30,0,0,0,
30. Jan. 2021 03:45,1,1,0,
30. Jan. 2021 04:00,1,0,1,
30. Jan. 2021 04:15,1,1,0,
30. Jan. 2021 04:30,1,1,0,
30. Jan. 2021 04:45,2,0,2,
30. Jan. 2021 05:00,2,2,0,
30. Jan. 2021 05:15,1,0,1,
30. Jan. 2021 05:30,6,5,1,
30. Jan. 2021 05:45,4,1,3,
30. Jan. 2021 06:00,6,4,2,
30. Jan. 2021 06:15,2,2,0,
30. Jan. 2021 06:30,5,3,2,
30. Jan. 2021 06:45,10,3,7,
30. Jan. 2021 07:00,7,5,2,
30. Jan. 2021 07:15,6,1,5,
30. Jan. 2021 07:30,10,6,4,
30. Jan. 2021 07:45,8,7,1,
30. Jan. 2021 08:00,18,8,10,
30. Jan. 2021 08:15,18,10,8,
30. Jan. 2021 08:30,16,12,4,
30. Jan. 2021 08:45,29,18,11,
30. Jan. 2021 09:00,29,11,18,
30. Jan. 2021 09:15,40,20,20,
30. Jan. 2021 09:30,51,20,31,
30. Jan. 2021 09:45,62,37,25,
30. Jan. 2021 10:00,72,43,29,
30. Jan. 2021 10:15,78,42,36,
30. Jan. 2021 10:30,83,35,48,
30. Jan. 2021 10:45,109,46,63,
30. Jan. 2021 11:00,74,47,27,
30. Jan. 2021 11:15,85,48,37,
30. Jan. 2021 11:30,75,35,40,
30. Jan. 2021 11:45,79,34,45,
30. Jan. 2021 12:00,83,35,48,
30. Jan. 2021 12:15,97,34,63,
30. Jan. 2021 12:30,92,53,39,
30. Jan. 2021 12:45,47,23,24,
30. Jan. 2021 13:00,71,40,31,
30. Jan. 2021 13:15,43,20,23,
30. Jan. 2021 13:30,49,23,26,
30. Jan. 2021 13:45,39,8,31,
30. Jan. 2021 14:00,52,18,34,
30. Jan. 2021 14:15,45,22,23,
30. Jan. 2021 14:30,36,26,10,
30. Jan. 2021 14:45,41,21,20,
30. Jan. 2021 15:00,44,16,28,
30. Jan. 2021 15:15,42,21,21,
30. Jan. 2021 15:30,42,15,27,
30. Jan. 2021 15:45,55,31,24,
30. Jan. 2021 16:00,35,20,15,
30. Jan. 2021 16:15,44,21,23,
30. Jan. 2021 16:30,40,18,22,
30. Jan. 2021 16:45,27,11,16,
30. Jan. 2021 17:00,46,25,21,
30. Jan. 2021 17:15,34,16,18,
30. Jan. 2021 17:30,33,11,22,
30. Jan. 2021 17:45,35,18,17,
30. Jan. 2021 18:00,40,14,26,
30. Jan. 2021 18:15,37,19,18,
30. Jan. 2021 18:30,39,24,15,
30. Jan. 2021 18:45,35,20,15,
30. Jan. 2021 19:00,19,11,8,
30. Jan. 2021 19:15,42,17,25,
30. Jan. 2021 19:30,45,21,24,
30. Jan. 2021 19:45,68,31,37,
30. Jan. 2021 20:00,38,21,17,
30. Jan. 2021 20:15,19,11,8,
30. Jan. 2021 20:30,6,4,2,
30. Jan. 2021 20:45,5,1,4,
30. Jan. 2021 21:00,3,2,1,
30. Jan. 2021 21:15,14,10,4,
30. Jan. 2021 21:30,9,3,6,
30. Jan. 2021 21:45,5,3,2,
30. Jan. 2021 22:00,7,3,4,
30. Jan. 2021 22:15,2,0,2,
30. Jan. 2021 22:30,1,0,1,
30. Jan. 2021 22:45,2,1,1,
30. Jan. 2021 23:00,4,2,2,
30. Jan. 2021 23:15,2,1,1,
30. Jan. 2021 23:30,3,1,2,
30. Jan. 2021 23:45,4,1,3,
31. Jan. 2021 00:00,1,1,0,
31. Jan. 2021 00:15,7,4,3,
31. Jan. 2021 00:30,2,1,1,
31. Jan. 2021 00:45,4,1,3,
31. Jan. 2021 01:00,2,0,2,
31. Jan. 2021 01:15,0,0,0,
31. Jan. 2021 01:30,1,0,1,
31. Jan. 2021 01:45,0,0,0,
31. Jan. 2021 02:00,1,0,1,
31. Jan. 2021 02:15,1,1,0,
31. Jan. 2021 02:30,1,0,1,
31. Jan. 2021 02:45,1,1,0,
31. Jan. 2021 03:00,1,0,1,
31. Jan. 2021 03:15,1,1,0,
31. Jan. 2021 03:30,1,1,0,
31. Jan. 2021 03:45,2,1,1,
31. Jan. 2021 04:00,0,0,0,
31. Jan. 2021 04:15,0,0,0,
31. Jan. 2021 04:30,2,2,0,
31. Jan. 2021 04:45,0,0,0,
31. Jan. 2021 05:00,1,0,1,
31. Jan. 2021 05:15,3,1,2,
31. Jan. 2021 05:30,1,1,0,
31. Jan. 2021 05:45,3,1,2,
31. Jan. 2021 06:00,5,4,1,
31. Jan. 2021 06:15,3,3,0,
31. Jan. 2021 06:30,4,3,1,
31. Jan. 2021 06:45,4,0,4,
31. Jan. 2021 07:00,2,1,1,
31. Jan. 2021 07:15,2,0,2,
31. Jan. 2021 07:30,3,3,0,
31. Jan. 2021 07:45,8,3,5,
31. Jan. 2021 08:00,4,2,2,
31. Jan. 2021 08:15,7,3,4,
31. Jan. 2021 08:30,10,7,3,
31. Jan. 2021 08:45,9,6,3,
31. Jan. 2021 09:00,21,12,9,
31. Jan. 2021 09:15,11,7,4,
31. Jan. 2021 09:30,16,8,8,
31. Jan. 2021 09:45,25,19,6,
31. Jan. 2021 10:00,27,14,13,
31. Jan. 2021 10:15,21,11,10,
31. Jan. 2021 10:30,21,7,14,
31. Jan. 2021 10:45,32,14,18,
31. Jan. 2021 11:00,31,19,12,
31. Jan. 2021 11:15,25,12,13,
31. Jan. 2021 11:30,24,6,18,
31. Jan. 2021 11:45,33,13,20,
31. Jan. 2021 12:00,36,14,22,
31. Jan. 2021 12:15,25,12,13,
31. Jan. 2021 12:30,41,23,18,
31. Jan. 2021 12:45,38,20,18,
31. Jan. 2021 13:00,27,8,19,
31. Jan. 2021 13:15,43,23,20,
31. Jan. 2021 13:30,58,24,34,
31. Jan. 2021 13:45,52,19,33,
31. Jan. 2021 14:00,56,27,29,
31. Jan. 2021 14:15,76,33,43,
31. Jan. 2021 14:30,42,18,24,
31. Jan. 2021 14:45,63,24,39,
31. Jan. 2021 15:00,61,25,36,
31. Jan. 2021 15:15,48,32,16,
31. Jan. 2021 15:30,45,19,26,
31. Jan. 2021 15:45,63,32,31,
31. Jan. 2021 16:00,56,23,33,
31. Jan. 2021 16:15,60,22,38,
31. Jan. 2021 16:30,49,26,23,
31. Jan. 2021 16:45,45,19,26,
31. Jan. 2021 17:00,45,25,20,
31. Jan. 2021 17:15,50,19,31,
31. Jan. 2021 17:30,47,29,18,
31. Jan. 2021 17:45,40,21,19,
31. Jan. 2021 18:00,34,17,17,
31. Jan. 2021 18:15,35,24,11,
31. Jan. 2021 18:30,30,15,15,
31. Jan. 2021 18:45,29,13,16,
31. Jan. 2021 19:00,30,17,13,
31. Jan. 2021 19:15,29,15,14,
31. Jan. 2021 19:30,40,18,22,
31. Jan. 2021 19:45,51,22,29,
31. Jan. 2021 20:00,24,17,7,
31. Jan. 2021 20:15,9,2,7,
31. Jan. 2021 20:30,6,2,4,
31. Jan. 2021 20:45,5,2,3,
31. Jan. 2021 21:00,7,1,6,
31. Jan. 2021 21:15,7,3,4,
31. Jan. 2021 21:30,1,0,1,
31. Jan. 2021 21:45,3,2,1,
31. Jan. 2021 22:00,4,3,1,
31. Jan. 2021 22:15,4,1,3,
31. Jan. 2021 22:30,5,5,0,
31. Jan. 2021 22:45,3,1,2,
31. Jan. 2021 23:00,3,0,3,
31. Jan. 2021 23:15,2,2,0,
31. Jan. 2021 23:30,3,2,1,
31. Jan. 2021 23:45,2,1,1,
1. Febr. 2021 00:00,1,1,0,
1. Febr. 2021 00:15,1,1,0,
1. Febr. 2021 00:30,4,2,2,
1. Febr. 2021 00:45,3,1,2,
1. Febr. 2021 01:00,1,1,0,
1. Febr. 2021 01:15,0,0,0,
1. Febr. 2021 01:30,1,1,0,
1. Febr. 2021 01:45,2,2,0,
1. Febr. 2021 02:00,0,0,0,
1. Febr. 2021 02:15,1,1,0,
1. Febr. 2021 02:30,0,0,0,
1. Febr. 2021 02:45,1,0,1,
1. Febr. 2021 03:00,1,0,1,
1. Febr. 2021 03:15,0,0,0,
1. Febr. 2021 03:30,2,2,0,
1. Febr. 2021 03:45,0,0,0,
1. Febr. 2021 04:00,1,0,1,
1. Febr. 2021 04:15,1,1,0,
1. Febr. 2021 04:30,4,3,1,
1. Febr. 2021 04:45,6,3,3,
1. Febr. 2021 05:00,3,2,1,
1. Febr. 2021 05:15,1,1,0,
1. Febr. 2021 05:30,8,3,5,
1. Febr. 2021 05:45,13,7,6,
1. Febr. 2021 06:00,18,14,4,
1. Febr. 2021 06:15,12,9,3,
1. Febr. 2021 06:30,28,18,10,
1. Febr. 2021 06:45,38,20,18,
1. Febr. 2021 07:00,36,18,18,
1. Febr. 2021 07:15,75,41,34,
1. Febr. 2021 07:30,72,47,25,
1. Febr. 2021 07:45,104,53,51,
1. Febr. 2021 08:00,96,46,50,
1. Febr. 2021 08:15,110,54,56,
1. Febr. 2021 08:30,98,62,36,
1. Febr. 2021 08:45,125,63,62,
1. Febr. 2021 09:00,65,45,20,
1. Febr. 2021 09:15,75,46,29,
1. Febr. 2021 09:30,59,42,17,
1. Febr. 2021 09:45,73,47,26,
1. Febr. 2021 10:00,59,29,30,
1. Febr. 2021 10:15,50,21,29,
1. Febr. 2021 10:30,54,28,26,
1. Febr. 2021 10:45,65,35,30,
1. Febr. 2021 11:00,57,30,27,
1. Febr. 2021 11:15,50,22,28,
1. Febr. 2021 11:30,71,34,37,
1. Febr. 2021 11:45,66,30,36,
1. Febr. 2021 12:00,63,28,35,
1. Febr. 2021 12:15,75,42,33,
1. Febr. 2021 12:30,78,29,49,
1. Febr. 2021 12:45,91,50,41,
1. Febr. 2021 13:00,79,35,44,
1. Febr. 2021 13:15,85,36,49,
1. Febr. 2021 13:30,66,23,43,
1. Febr. 2021 13:45,82,43,39,
1. Febr. 2021 14:00,65,30,35,
1. Febr. 2021 14:15,70,37,33,
1. Febr. 2021 14:30,81,36,45,
1. Febr. 2021 14:45,83,47,36,
1. Febr. 2021 15:00,90,49,41,
1. Febr. 2021 15:15,87,38,49,
1. Febr. 2021 15:30,91,39,52,
1. Febr. 2021 15:45,83,33,50,
1. Febr. 2021 16:00,107,60,47,
1. Febr. 2021 16:15,109,62,47,
1. Febr. 2021 16:30,115,57,58,
1. Febr. 2021 16:45,113,53,60,
1. Febr. 2021 17:00,121,48,73,
1. Febr. 2021 17:15,115,47,68,
1. Febr. 2021 17:30,130,65,65,
1. Febr. 2021 17:45,81,37,44,
1. Febr. 2021 18:00,86,39,47,
1. Febr. 2021 18:15,91,46,45,
1. Febr. 2021 18:30,55,28,27,
1. Febr. 2021 18:45,60,23,37,
1. Febr. 2021 19:00,55,23,32,
1. Febr. 2021 19:15,68,31,37,
1. Febr. 2021 19:30,49,23,26,
1. Febr. 2021 19:45,67,28,39,
1. Febr. 2021 20:00,44,24,20,
1. Febr. 2021 20:15,15,4,11,
1. Febr. 2021 20:30,6,3,3,
1. Febr. 2021 20:45,11,5,6,
1. Febr. 2021 21:00,12,4,8,
1. Febr. 2021 21:15,7,4,3,
1. Febr. 2021 21:30,9,5,4,
1. Febr. 2021 21:45,4,2,2,
1. Febr. 2021 22:00,3,1,2,
1. Febr. 2021 22:15,3,2,1,
1. Febr. 2021 22:30,4,2,2,
1. Febr. 2021 22:45,2,0,2,
1. Febr. 2021 23:00,5,2,3,
1. Febr. 2021 23:15,7,5,2,
1. Febr. 2021 23:30,3,2,1,
1. Febr. 2021 23:45,2,0,2,
2. Febr. 2021 00:00,2,1,1,
2. Febr. 2021 00:15,1,1,0,
2. Febr. 2021 00:30,2,1,1,
2. Febr. 2021 00:45,0,0,0,
2. Febr. 2021 01:00,4,1,3,
2. Febr. 2021 01:15,3,3,0,
2. Febr. 2021 01:30,1,1,0,
2. Febr. 2021 01:45,1,1,0,
2. Febr. 2021 02:00,0,0,0,
2. Febr. 2021 02:15,0,0,0,
2. Febr. 2021 02:30,0,0,0,
2. Febr. 2021 02:45,0,0,0,
2. Febr. 2021 03:00,1,1,0,
2. Febr. 2021 03:15,0,0,0,
2. Febr. 2021 03:30,0,0,0,
2. Febr. 2021 03:45,0,0,0,
2. Febr. 2021 04:00,2,0,2,
2. Febr. 2021 04:15,2,0,2,
2. Febr. 2021 04:30,1,1,0,
2. Febr. 2021 04:45,2,1,1,
2. Febr. 2021 05:00,0,0,0,
2. Febr. 2021 05:15,6,3,3,
2. Febr. 2021 05:30,11,7,4,
2. Febr. 2021 05:45,17,10,7,
2. Febr. 2021 06:00,19,12,7,
2. Febr. 2021 06:15,17,13,4,
2. Febr. 2021 06:30,34,21,13,
2. Febr. 2021 06:45,42,21,21,
2. Febr. 2021 07:00,55,27,28,
2. Febr. 2021 07:15,73,38,35,
2. Febr. 2021 07:30,92,58,34,
2. Febr. 2021 07:45,120,66,54,
2. Febr. 2021 08:00,104,52,52,
2. Febr. 2021 08:15,109,58,51,
2. Febr. 2021 08:30,119,71,48,
2. Febr. 2021 08:45,155,102,53,
2. Febr. 2021 09:00,100,61,39,
2. Febr. 2021 09:15,55,34,21,
2. Febr. 2021 09:30,84,55,29,
2. Febr. 2021 09:45,79,33,46,
2. Febr. 2021 10:00,57,37,20,
2. Febr. 2021 10:15,66,35,31,
2. Febr. 2021 10:30,74,41,33,
2. Febr. 2021 10:45,86,47,39,
2. Febr. 2021 11:00,61,30,31,
2. Febr. 2021 11:15,70,35,35,
2. Febr. 2021 11:30,67,35,32,
2. Febr. 2021 11:45,93,41,52,
2. Febr. 2021 12:00,104,47,57,
2. Febr. 2021 12:15,99,51,48,
2. Febr. 2021 12:30,104,46,58,
2. Febr. 2021 12:45,110,52,58,
2. Febr. 2021 13:00,97,56,41,
2. Febr. 2021 13:15,109,50,59,
2. Febr. 2021 13:30,92,49,43,
2. Febr. 2021 13:45,80,31,49,
2. Febr. 2021 14:00,89,42,47,
2. Febr. 2021 14:15,116,56,60,
2. Febr. 2021 14:30,100,49,51,
2. Febr. 2021 14:45,92,39,53,
2. Febr. 2021 15:00,93,46,47,
2. Febr. 2021 15:15,96,59,37,
2. Febr. 2021 15:30,100,39,61,
2. Febr. 2021 15:45,135,57,78,
2. Febr. 2021 16:00,128,65,63,
2. Febr. 2021 16:15,119,55,64,
2. Febr. 2021 16:30,123,53,70,
2. Febr. 2021 16:45,109,42,67,
2. Febr. 2021 17:00,114,58,56,
2. Febr. 2021 17:15,129,54,75,
2. Febr. 2021 17:30,118,61,57,
2. Febr. 2021 17:45,114,51,63,
2. Febr. 2021 18:00,112,50,62,
2. Febr. 2021 18:15,100,58,42,
2. Febr. 2021 18:30,78,35,43,
2. Febr. 2021 18:45,74,37,37,
2. Febr. 2021 19:00,79,34,45,
2. Febr. 2021 19:15,54,23,31,
2. Febr. 2021 19:30,50,23,27,
2. Febr. 2021 19:45,74,38,36,
2. Febr. 2021 20:00,48,22,26,
2. Febr. 2021 20:15,23,15,8,
2. Febr. 2021 20:30,19,7,12,
2. Febr. 2021 20:45,12,5,7,
2. Febr. 2021 21:00,7,5,2,
2. Febr. 2021 21:15,2,0,2,
2. Febr. 2021 21:30,4,1,3,
2. Febr. 2021 21:45,6,3,3,
2. Febr. 2021 22:00,6,2,4,
2. Febr. 2021 22:15,5,5,0,
2. Febr. 2021 22:30,7,0,7,
2. Febr. 2021 22:45,4,2,2,
2. Febr. 2021 23:00,4,2,2,
2. Febr. 2021 23:15,2,0,2,
2. Febr. 2021 23:30,7,3,4,
2. Febr. 2021 23:45,0,0,0,
3. Febr. 2021 00:00,2,0,2,
3. Febr. 2021 00:15,1,0,1,
3. Febr. 2021 00:30,1,1,0,
3. Febr. 2021 00:45,1,0,1,
3. Febr. 2021 01:00,0,0,0,
3. Febr. 2021 01:15,2,2,0,
3. Febr. 2021 01:30,2,0,2,
3. Febr. 2021 01:45,1,1,0,
3. Febr. 2021 02:00,0,0,0,
3. Febr. 2021 02:15,1,1,0,
3. Febr. 2021 02:30,0,0,0,
3. Febr. 2021 02:45,1,0,1,
3. Febr. 2021 03:00,0,0,0,
3. Febr. 2021 03:15,1,1,0,
3. Febr. 2021 03:30,0,0,0,
3. Febr. 2021 03:45,1,0,1,
3. Febr. 2021 04:00,0,0,0,
3. Febr. 2021 04:15,2,1,1,
3. Febr. 2021 04:30,1,1,0,
3. Febr. 2021 04:45,3,1,2,
3. Febr. 2021 05:00,4,3,1,
3. Febr. 2021 05:15,1,0,1,
3. Febr. 2021 05:30,9,6,3,
3. Febr. 2021 05:45,14,6,8,
3. Febr. 2021 06:00,17,12,5,
3. Febr. 2021 06:15,22,15,7,
3. Febr. 2021 06:30,33,16,17,
3. Febr. 2021 06:45,36,17,19,
3. Febr. 2021 07:00,52,25,27,
3. Febr. 2021 07:15,66,41,25,
3. Febr. 2021 07:30,64,42,22,
3. Febr. 2021 07:45,113,59,54,
3. Febr. 2021 08:00,85,39,46,
3. Febr. 2021 08:15,92,52,40,
3. Febr. 2021 08:30,111,56,55,
3. Febr. 2021 08:45,100,55,45,
3. Febr. 2021 09:00,63,48,15,
3. Febr. 2021 09:15,59,32,27,
3. Febr. 2021 09:30,43,19,24,
3. Febr. 2021 09:45,56,28,28,
3. Febr. 2021 10:00,48,28,20,
3. Febr. 2021 10:15,32,14,18,
3. Febr. 2021 10:30,55,18,37,
3. Febr. 2021 10:45,29,17,12,
3. Febr. 2021 11:00,40,18,22,
3. Febr. 2021 11:15,29,14,15,
3. Febr. 2021 11:30,33,12,21,
3. Febr. 2021 11:45,56,23,33,
3. Febr. 2021 12:00,48,21,27,
3. Febr. 2021 12:15,55,28,27,
3. Febr. 2021 12:30,56,22,34,
3. Febr. 2021 12:45,42,21,21,
3. Febr. 2021 13:00,96,42,54,
3. Febr. 2021 13:15,60,24,36,
3. Febr. 2021 13:30,59,23,36,
3. Febr. 2021 13:45,57,27,30,
3. Febr. 2021 14:00,59,24,35,
3. Febr. 2021 14:15,53,23,30,
3. Febr. 2021 14:30,55,28,27,
3. Febr. 2021 14:45,61,29,32,
3. Febr. 2021 15:00,48,26,22,
3. Febr. 2021 15:15,58,28,30,
3. Febr. 2021 15:30,57,19,38,
3. Febr. 2021 15:45,42,14,28,
3. Febr. 2021 16:00,61,35,26,
3. Febr. 2021 16:15,84,33,51,
3. Febr. 2021 16:30,70,34,36,
3. Febr. 2021 16:45,80,30,50,
3. Febr. 2021 17:00,92,32,60,
3. Febr. 2021 17:15,95,43,52,
3. Febr. 2021 17:30,99,43,56,
3. Febr. 2021 17:45,63,32,31,
3. Febr. 2021 18:00,73,31,42,
3. Febr. 2021 18:15,51,19,32,
3. Febr. 2021 18:30,69,34,35,
3. Febr. 2021 18:45,52,23,29,
3. Febr. 2021 19:00,35,17,18,
3. Febr. 2021 19:15,26,11,15,
3. Febr. 2021 19:30,45,17,28,
3. Febr. 2021 19:45,65,37,28,
3. Febr. 2021 20:00,44,24,20,
3. Febr. 2021 20:15,15,5,10,
3. Febr. 2021 20:30,8,3,5,
3. Febr. 2021 20:45,11,5,6,
3. Febr. 2021 21:00,11,5,6,
3. Febr. 2021 21:15,5,4,1,
3. Febr. 2021 21:30,5,2,3,
3. Febr. 2021 21:45,2,1,1,
3. Febr. 2021 22:00,5,4,1,
3. Febr. 2021 22:15,4,1,3,
3. Febr. 2021 22:30,5,2,3,
3. Febr. 2021 22:45,3,2,1,
3. Febr. 2021 23:00,1,0,1,
3. Febr. 2021 23:15,2,1,1,
3. Febr. 2021 23:30,2,0,2,
3. Febr. 2021 23:45,1,1,0,
4. Febr. 2021 00:00,2,0,2,
4. Febr. 2021 00:15,1,0,1,
4. Febr. 2021 00:30,2,1,1,
4. Febr. 2021 00:45,0,0,0,
4. Febr. 2021 01:00,0,0,0,
4. Febr. 2021 01:15,0,0,0,
4. Febr. 2021 01:30,0,0,0,
4. Febr. 2021 01:45,1,1,0,
4. Febr. 2021 02:00,0,0,0,
4. Febr. 2021 02:15,2,2,0,
4. Febr. 2021 02:30,0,0,0,
4. Febr. 2021 02:45,0,0,0,
4. Febr. 2021 03:00,0,0,0,
4. Febr. 2021 03:15,0,0,0,
4. Febr. 2021 03:30,1,0,1,
4. Febr. 2021 03:45,0,0,0,
4. Febr. 2021 04:00,0,0,0,
4. Febr. 2021 04:15,0,0,0,
4. Febr. 2021 04:30,3,3,0,
4. Febr. 2021 04:45,6,3,3,
4. Febr. 2021 05:00,3,2,1,
4. Febr. 2021 05:15,2,0,2,
4. Febr. 2021 05:30,12,8,4,
4. Febr. 2021 05:45,19,13,6,
4. Febr. 2021 06:00,13,7,6,
4. Febr. 2021 06:15,18,13,5,
4. Febr. 2021 06:30,34,18,16,
4. Febr. 2021 06:45,38,15,23,
4. Febr. 2021 07:00,47,25,22,
4. Febr. 2021 07:15,60,36,24,
4. Febr. 2021 07:30,82,48,34,
4. Febr. 2021 07:45,119,63,56,
4. Febr. 2021 08:00,102,49,53,
4. Febr. 2021 08:15,111,55,56,
4. Febr. 2021 08:30,116,75,41,
4. Febr. 2021 08:45,107,66,41,
4. Febr. 2021 09:00,80,42,38,
4. Febr. 2021 09:15,79,44,35,
4. Febr. 2021 09:30,75,39,36,
4. Febr. 2021 09:45,71,40,31,
4. Febr. 2021 10:00,75,38,37,
4. Febr. 2021 10:15,74,35,39,
4. Febr. 2021 10:30,98,48,50,
4. Febr. 2021 10:45,90,53,37,
4. Febr. 2021 11:00,80,34,46,
4. Febr. 2021 11:15,96,52,44,
4. Febr. 2021 11:30,92,46,46,
4. Febr. 2021 11:45,130,73,57,
4. Febr. 2021 12:00,95,47,48,
4. Febr. 2021 12:15,115,53,62,
4. Febr. 2021 12:30,128,65,63,
4. Febr. 2021 12:45,117,50,67,
4. Febr. 2021 13:00,122,52,70,
4. Febr. 2021 13:15,155,75,80,
4. Febr. 2021 13:30,126,72,54,
4. Febr. 2021 13:45,133,63,70,
4. Febr. 2021 14:00,126,56,70,
4. Febr. 2021 14:15,132,75,57,
4. Febr. 2021 14:30,120,49,71,
4. Febr. 2021 14:45,151,81,70,
4. Febr. 2021 15:00,132,46,86,
4. Febr. 2021 15:15,144,67,77,
4. Febr. 2021 15:30,160,76,84,
4. Febr. 2021 15:45,138,60,78,
4. Febr. 2021 16:00,138,76,62,
4. Febr. 2021 16:15,153,68,85,
4. Febr. 2021 16:30,163,73,90,
4. Febr. 2021 16:45,185,99,86,
4. Febr. 2021 17:00,163,76,87,
4. Febr. 2021 17:15,139,67,72,
4. Febr. 2021 17:30,165,81,84,
4. Febr. 2021 17:45,143,71,72,
4. Febr. 2021 18:00,114,55,59,
4. Febr. 2021 18:15,97,33,64,
4. Febr. 2021 18:30,71,30,41,
4. Febr. 2021 18:45,94,47,47,
4. Febr. 2021 19:00,74,24,50,
4. Febr. 2021 19:15,79,37,42,
4. Febr. 2021 19:30,60,23,37,
4. Febr. 2021 19:45,88,45,43,
4. Febr. 2021 20:00,60,26,34,
4. Febr. 2021 20:15,29,11,18,
4. Febr. 2021 20:30,13,5,8,
4. Febr. 2021 20:45,7,3,4,
4. Febr. 2021 21:00,12,3,9,
4. Febr. 2021 21:15,10,4,6,
4. Febr. 2021 21:30,7,6,1,
4. Febr. 2021 21:45,7,5,2,
4. Febr. 2021 22:00,8,4,4,
4. Febr. 2021 22:15,7,2,5,
4. Febr. 2021 22:30,6,3,3,
4. Febr. 2021 22:45,5,5,0,
4. Febr. 2021 23:00,0,0,0,
4. Febr. 2021 23:15,3,0,3,
4. Febr. 2021 23:30,1,1,0,
4. Febr. 2021 23:45,0,0,0,
5. Febr. 2021 00:00,1,1,0,
5. Febr. 2021 00:15,1,1,0,
5. Febr. 2021 00:30,0,0,0,
5. Febr. 2021 00:45,1,1,0,
5. Febr. 2021 01:00,0,0,0,
5. Febr. 2021 01:15,0,0,0,
5. Febr. 2021 01:30,0,0,0,
5. Febr. 2021 01:45,1,1,0,
5. Febr. 2021 02:00,1,1,0,
5. Febr. 2021 02:15,1,0,1,
5. Febr. 2021 02:30,0,0,0,
5. Febr. 2021 02:45,0,0,0,
5. Febr. 2021 03:00,0,0,0,
5. Febr. 2021 03:15,0,0,0,
5. Febr. 2021 03:30,0,0,0,
5. Febr. 2021 03:45,1,0,1,
5. Febr. 2021 04:00,0,0,0,
5. Febr. 2021 04:15,0,0,0,
5. Febr. 2021 04:30,1,1,0,
5. Febr. 2021 04:45,2,1,1,
5. Febr. 2021 05:00,3,2,1,
5. Febr. 2021 05:15,2,0,2,
5. Febr. 2021 05:30,13,9,4,
5. Febr. 2021 05:45,14,6,8,
5. Febr. 2021 06:00,21,14,7,
5. Febr. 2021 06:15,17,14,3,
5. Febr. 2021 06:30,37,23,14,
5. Febr. 2021 06:45,38,18,20,
5. Febr. 2021 07:00,51,28,23,
5. Febr. 2021 07:15,52,27,25,
5. Febr. 2021 07:30,97,53,44,
5. Febr. 2021 07:45,119,69,50,
5. Febr. 2021 08:00,112,74,38,
5. Febr. 2021 08:15,131,72,59,
5. Febr. 2021 08:30,137,78,59,
5. Febr. 2021 08:45,132,80,52,
5. Febr. 2021 09:00,97,65,32,
5. Febr. 2021 09:15,83,50,33,
5. Febr. 2021 09:30,90,50,40,
5. Febr. 2021 09:45,109,62,47,
5. Febr. 2021 10:00,102,55,47,
5. Febr. 2021 10:15,88,42,46,
5. Febr. 2021 10:30,90,54,36,
5. Febr. 2021 10:45,113,59,54,
5. Febr. 2021 11:00,97,56,41,
5. Febr. 2021 11:15,118,62,56,
5. Febr. 2021 11:30,131,51,80,
5. Febr. 2021 11:45,122,60,62,
5. Febr. 2021 12:00,137,58,79,
5. Febr. 2021 12:15,143,54,89,
5. Febr. 2021 12:30,120,51,69,
5. Febr. 2021 12:45,120,54,66,
5. Febr. 2021 13:00,120,47,73,
5. Febr. 2021 13:15,154,64,90,
5. Febr. 2021 13:30,140,56,84,
5. Febr. 2021 13:45,157,82,75,
5. Febr. 2021 14:00,137,68,69,
5. Febr. 2021 14:15,146,79,67,
5. Febr. 2021 14:30,169,71,98,
5. Febr. 2021 14:45,156,80,76,
5. Febr. 2021 15:00,158,67,91,
5. Febr. 2021 15:15,167,89,78,
5. Febr. 2021 15:30,162,82,80,
5. Febr. 2021 15:45,124,50,74,
5. Febr. 2021 16:00,172,81,91,
5. Febr. 2021 16:15,141,68,73,
5. Febr. 2021 16:30,167,68,99,
5. Febr. 2021 16:45,122,53,69,
5. Febr. 2021 17:00,150,69,81,
5. Febr. 2021 17:15,150,74,76,
5. Febr. 2021 17:30,133,59,74,
5. Febr. 2021 17:45,107,46,61,
5. Febr. 2021 18:00,95,48,47,
5. Febr. 2021 18:15,98,38,60,
5. Febr. 2021 18:30,85,48,37,
5. Febr. 2021 18:45,84,33,51,
5. Febr. 2021 19:00,74,32,42,
5. Febr. 2021 19:15,60,29,31,
5. Febr. 2021 19:30,75,32,43,
5. Febr. 2021 19:45,104,63,41,
5. Febr. 2021 20:00,54,32,22,
5. Febr. 2021 20:15,25,10,15,
5. Febr. 2021 20:30,11,7,4,
5. Febr. 2021 20:45,12,5,7,
5. Febr. 2021 21:00,12,7,5,
5. Febr. 2021 21:15,8,4,4,
5. Febr. 2021 21:30,10,5,5,
5. Febr. 2021 21:45,8,7,1,
5. Febr. 2021 22:00,6,1,5,
5. Febr. 2021 22:15,4,2,2,
5. Febr. 2021 22:30,4,4,0,
5. Febr. 2021 22:45,2,2,0,
5. Febr. 2021 23:00,3,1,2,
5. Febr. 2021 23:15,7,2,5,
5. Febr. 2021 23:30,2,1,1,
5. Febr. 2021 23:45,6,5,1,
6. Febr. 2021 00:00,0,0,0,
6. Febr. 2021 00:15,2,1,1,
6. Febr. 2021 00:30,3,3,0,
6. Febr. 2021 00:45,2,1,1,
6. Febr. 2021 01:00,0,0,0,
6. Febr. 2021 01:15,0,0,0,
6. Febr. 2021 01:30,0,0,0,
6. Febr. 2021 01:45,1,1,0,
6. Febr. 2021 02:00,2,0,2,
6. Febr. 2021 02:15,0,0,0,
6. Febr. 2021 02:30,0,0,0,
6. Febr. 2021 02:45,0,0,0,
6. Febr. 2021 03:00,0,0,0,
6. Febr. 2021 03:15,0,0,0,
6. Febr. 2021 03:30,1,0,1,
6. Febr. 2021 03:45,2,0,2,
6. Febr. 2021 04:00,1,1,0,
6. Febr. 2021 04:15,1,1,0,
6. Febr. 2021 04:30,0,0,0,
6. Febr. 2021 04:45,4,2,2,
6. Febr. 2021 05:00,5,5,0,
6. Febr. 2021 05:15,4,0,4,
6. Febr. 2021 05:30,2,1,1,
6. Febr. 2021 05:45,7,6,1,
6. Febr. 2021 06:00,10,7,3,
6. Febr. 2021 06:15,10,7,3,
6. Febr. 2021 06:30,10,6,4,
6. Febr. 2021 06:45,11,1,10,
6. Febr. 2021 07:00,3,3,0,
6. Febr. 2021 07:15,8,5,3,
6. Febr. 2021 07:30,12,7,5,
6. Febr. 2021 07:45,16,7,9,
6. Febr. 2021 08:00,23,14,9,
6. Febr. 2021 08:15,23,17,6,
6. Febr. 2021 08:30,24,14,10,
6. Febr. 2021 08:45,40,22,18,
6. Febr. 2021 09:00,36,17,19,
6. Febr. 2021 09:15,57,29,28,
6. Febr. 2021 09:30,57,35,22,
6. Febr. 2021 09:45,62,31,31,
6. Febr. 2021 10:00,88,37,51,
6. Febr. 2021 10:15,72,26,46,
6. Febr. 2021 10:30,69,40,29,
6. Febr. 2021 10:45,99,53,46,
6. Febr. 2021 11:00,95,35,60,
6. Febr. 2021 11:15,101,49,52,
6. Febr. 2021 11:30,77,38,39,
6. Febr. 2021 11:45,95,48,47,
6. Febr. 2021 12:00,98,38,60,
6. Febr. 2021 12:15,139,62,77,
6. Febr. 2021 12:30,107,54,53,
6. Febr. 2021 12:45,113,56,57,
6. Febr. 2021 13:00,102,45,57,
6. Febr. 2021 13:15,106,59,47,
6. Febr. 2021 13:30,110,61,49,
6. Febr. 2021 13:45,111,54,57,
6. Febr. 2021 14:00,109,56,53,
6. Febr. 2021 14:15,101,54,47,
6. Febr. 2021 14:30,103,52,51,
6. Febr. 2021 14:45,131,72,59,
6. Febr. 2021 15:00,114,47,67,
6. Febr. 2021 15:15,100,50,50,
6. Febr. 2021 15:30,104,49,55,
6. Febr. 2021 15:45,112,52,60,
6. Febr. 2021 16:00,91,44,47,
6. Febr. 2021 16:15,76,33,43,
6. Febr. 2021 16:30,101,47,54,
6. Febr. 2021 16:45,73,37,36,
6. Febr. 2021 17:00,95,36,59,
6. Febr. 2021 17:15,71,38,33,
6. Febr. 2021 17:30,68,38,30,
6. Febr. 2021 17:45,66,28,38,
6. Febr. 2021 18:00,57,28,29,
6. Febr. 2021 18:15,49,26,23,
6. Febr. 2021 18:30,49,30,19,
6. Febr. 2021 18:45,56,30,26,
6. Febr. 2021 19:00,41,19,22,
6. Febr. 2021 19:15,38,25,13,
6. Febr. 2021 19:30,59,25,34,
6. Febr. 2021 19:45,88,43,45,
6. Febr. 2021 20:00,47,34,13,
6. Febr. 2021 20:15,13,6,7,
6. Febr. 2021 20:30,12,9,3,
6. Febr. 2021 20:45,7,3,4,
6. Febr. 2021 21:00,8,2,6,
6. Febr. 2021 21:15,11,6,5,
6. Febr. 2021 21:30,12,8,4,
6. Febr. 2021 21:45,5,4,1,
6. Febr. 2021 22:00,3,3,0,
6. Febr. 2021 22:15,1,1,0,
6. Febr. 2021 22:30,6,3,3,
6. Febr. 2021 22:45,5,2,3,
6. Febr. 2021 23:00,6,4,2,
6. Febr. 2021 23:15,6,3,3,
6. Febr. 2021 23:30,1,0,1,
6. Febr. 2021 23:45,3,0,3,
7. Febr. 2021 00:00,1,0,1,
7. Febr. 2021 00:15,1,0,1,
7. Febr. 2021 00:30,4,2,2,
7. Febr. 2021 00:45,2,2,0,
7. Febr. 2021 01:00,1,0,1,
7. Febr. 2021 01:15,1,1,0,
7. Febr. 2021 01:30,1,1,0,
7. Febr. 2021 01:45,1,1,0,
7. Febr. 2021 02:00,0,0,0,
7. Febr. 2021 02:15,1,1,0,
7. Febr. 2021 02:30,0,0,0,
7. Febr. 2021 02:45,2,1,1,
7. Febr. 2021 03:00,0,0,0,
7. Febr. 2021 03:15,1,1,0,
7. Febr. 2021 03:30,0,0,0,
7. Febr. 2021 03:45,0,0,0,
7. Febr. 2021 04:00,1,0,1,
7. Febr. 2021 04:15,0,0,0,
7. Febr. 2021 04:30,0,0,0,
7. Febr. 2021 04:45,1,1,0,
7. Febr. 2021 05:00,1,1,0,
7. Febr. 2021 05:15,2,0,2,
7. Febr. 2021 05:30,1,1,0,
7. Febr. 2021 05:45,7,4,3,
7. Febr. 2021 06:00,2,1,1,
7. Febr. 2021 06:15,8,7,1,
7. Febr. 2021 06:30,4,2,2,
7. Febr. 2021 06:45,3,2,1,
7. Febr. 2021 07:00,4,2,2,
7. Febr. 2021 07:15,3,1,2,
7. Febr. 2021 07:30,8,4,4,
7. Febr. 2021 07:45,8,5,3,
7. Febr. 2021 08:00,5,2,3,
7. Febr. 2021 08:15,9,2,7,
7. Febr. 2021 08:30,15,8,7,
7. Febr. 2021 08:45,6,2,4,
7. Febr. 2021 09:00,17,14,3,
7. Febr. 2021 09:15,21,10,11,
7. Febr. 2021 09:30,20,12,8,
7. Febr. 2021 09:45,51,27,24,
7. Febr. 2021 10:00,33,14,19,
7. Febr. 2021 10:15,32,12,20,
7. Febr. 2021 10:30,40,16,24,
7. Febr. 2021 10:45,44,28,16,
7. Febr. 2021 11:00,75,44,31,
7. Febr. 2021 11:15,55,32,23,
7. Febr. 2021 11:30,17,6,11,
7. Febr. 2021 11:45,46,17,29,
7. Febr. 2021 12:00,46,13,33,
7. Febr. 2021 12:15,42,24,18,
7. Febr. 2021 12:30,53,21,32,
7. Febr. 2021 12:45,51,26,25,
7. Febr. 2021 13:00,53,20,33,
7. Febr. 2021 13:15,50,34,16,
7. Febr. 2021 13:30,45,17,28,
7. Febr. 2021 13:45,64,32,32,
7. Febr. 2021 14:00,49,16,33,
7. Febr. 2021 14:15,34,17,17,
7. Febr. 2021 14:30,40,22,18,
7. Febr. 2021 14:45,38,20,18,
7. Febr. 2021 15:00,44,23,21,
7. Febr. 2021 15:15,22,10,12,
7. Febr. 2021 15:30,36,20,16,
7. Febr. 2021 15:45,36,25,11,
7. Febr. 2021 16:00,35,21,14,
7. Febr. 2021 16:15,39,22,17,
7. Febr. 2021 16:30,32,18,14,
7. Febr. 2021 16:45,36,19,17,
7. Febr. 2021 17:00,34,11,23,
7. Febr. 2021 17:15,31,17,14,
7. Febr. 2021 17:30,30,13,17,
7. Febr. 2021 17:45,24,14,10,
7. Febr. 2021 18:00,26,14,12,
7. Febr. 2021 18:15,31,17,14,
7. Febr. 2021 18:30,32,15,17,
7. Febr. 2021 18:45,28,11,17,
7. Febr. 2021 19:00,22,15,7,
7. Febr. 2021 19:15,17,10,7,
7. Febr. 2021 19:30,51,21,30,
7. Febr. 2021 19:45,56,35,21,
7. Febr. 2021 20:00,33,19,14,
7. Febr. 2021 20:15,11,6,5,
7. Febr. 2021 20:30,9,5,4,
7. Febr. 2021 20:45,5,2,3,
7. Febr. 2021 21:00,9,3,6,
7. Febr. 2021 21:15,3,0,3,
7. Febr. 2021 21:30,9,5,4,
7. Febr. 2021 21:45,2,0,2,
7. Febr. 2021 22:00,2,1,1,
7. Febr. 2021 22:15,3,3,0,
7. Febr. 2021 22:30,2,1,1,
7. Febr. 2021 22:45,0,0,0,
7. Febr. 2021 23:00,3,2,1,
7. Febr. 2021 23:15,2,1,1,
7. Febr. 2021 23:30,2,0,2,
7. Febr. 2021 23:45,0,0,0,
8. Febr. 2021 00:00,0,0,0,
8. Febr. 2021 00:15,0,0,0,
8. Febr. 2021 00:30,1,0,1,
8. Febr. 2021 00:45,0,0,0,
8. Febr. 2021 01:00,0,0,0,
8. Febr. 2021 01:15,0,0,0,
8. Febr. 2021 01:30,1,1,0,
8. Febr. 2021 01:45,1,1,0,
8. Febr. 2021 02:00,0,0,0,
8. Febr. 2021 02:15,0,0,0,
8. Febr. 2021 02:30,0,0,0,
8. Febr. 2021 02:45,1,0,1,
8. Febr. 2021 03:00,0,0,0,
8. Febr. 2021 03:15,0,0,0,
8. Febr. 2021 03:30,2,2,0,
8. Febr. 2021 03:45,2,0,2,
8. Febr. 2021 04:00,3,3,0,
8. Febr. 2021 04:15,0,0,0,
8. Febr. 2021 04:30,4,3,1,
8. Febr. 2021 04:45,5,1,4,
8. Febr. 2021 05:00,5,2,3,
8. Febr. 2021 05:15,6,4,2,
8. Febr. 2021 05:30,12,8,4,
8. Febr. 2021 05:45,21,16,5,
8. Febr. 2021 06:00,19,12,7,
8. Febr. 2021 06:15,24,16,8,
8. Febr. 2021 06:30,32,17,15,
8. Febr. 2021 06:45,38,21,17,
8. Febr. 2021 07:00,44,21,23,
8. Febr. 2021 07:15,62,29,33,
8. Febr. 2021 07:30,90,56,34,
8. Febr. 2021 07:45,127,74,53,
8. Febr. 2021 08:00,91,41,50,
8. Febr. 2021 08:15,115,47,68,
8. Febr. 2021 08:30,130,76,54,
8. Febr. 2021 08:45,143,83,60,
8. Febr. 2021 09:00,89,48,41,
8. Febr. 2021 09:15,72,43,29,
8. Febr. 2021 09:30,70,34,36,
8. Febr. 2021 09:45,67,35,32,
8. Febr. 2021 10:00,67,42,25,
8. Febr. 2021 10:15,73,49,24,
8. Febr. 2021 10:30,77,34,43,
8. Febr. 2021 10:45,82,45,37,
8. Febr. 2021 11:00,75,40,35,
8. Febr. 2021 11:15,84,36,48,
8. Febr. 2021 11:30,92,42,50,
8. Febr. 2021 11:45,90,44,46,
8. Febr. 2021 12:00,94,38,56,
8. Febr. 2021 12:15,103,56,47,
8. Febr. 2021 12:30,117,49,68,
8. Febr. 2021 12:45,98,52,46,
8. Febr. 2021 13:00,126,50,76,
8. Febr. 2021 13:15,99,60,39,
8. Febr. 2021 13:30,86,35,51,
8. Febr. 2021 13:45,135,74,61,
8. Febr. 2021 14:00,108,51,57,
8. Febr. 2021 14:15,104,52,52,
8. Febr. 2021 14:30,99,45,54,
8. Febr. 2021 14:45,89,49,40,
8. Febr. 2021 15:00,76,40,36,
8. Febr. 2021 15:15,106,47,59,
8. Febr. 2021 15:30,86,44,42,
8. Febr. 2021 15:45,113,62,51,
8. Febr. 2021 16:00,137,68,69,
8. Febr. 2021 16:15,112,50,62,
8. Febr. 2021 16:30,97,44,53,
8. Febr. 2021 16:45,110,41,69,
8. Febr. 2021 17:00,130,61,69,
8. Febr. 2021 17:15,110,53,57,
8. Febr. 2021 17:30,109,50,59,
8. Febr. 2021 17:45,119,53,66,
8. Febr. 2021 18:00,111,50,61,
8. Febr. 2021 18:15,93,45,48,
8. Febr. 2021 18:30,73,45,28,
8. Febr. 2021 18:45,62,27,35,
8. Febr. 2021 19:00,66,25,41,
8. Febr. 2021 19:15,56,27,29,
8. Febr. 2021 19:30,47,24,23,
8. Febr. 2021 19:45,76,40,36,
8. Febr. 2021 20:00,51,23,28,
8. Febr. 2021 20:15,30,17,13,
8. Febr. 2021 20:30,14,9,5,
8. Febr. 2021 20:45,7,4,3,
8. Febr. 2021 21:00,6,2,4,
8. Febr. 2021 21:15,13,7,6,
8. Febr. 2021 21:30,5,2,3,
8. Febr. 2021 21:45,6,4,2,
8. Febr. 2021 22:00,4,2,2,
8. Febr. 2021 22:15,4,2,2,
8. Febr. 2021 22:30,7,4,3,
8. Febr. 2021 22:45,3,0,3,
8. Febr. 2021 23:00,2,1,1,
8. Febr. 2021 23:15,0,0,0,
8. Febr. 2021 23:30,0,0,0,
8. Febr. 2021 23:45,2,0,2,
9. Febr. 2021 00:00,1,0,1,
9. Febr. 2021 00:15,1,1,0,
9. Febr. 2021 00:30,0,0,0,
9. Febr. 2021 00:45,0,0,0,
9. Febr. 2021 01:00,0,0,0,
9. Febr. 2021 01:15,0,0,0,
9. Febr. 2021 01:30,1,1,0,
9. Febr. 2021 01:45,2,2,0,
9. Febr. 2021 02:00,0,0,0,
9. Febr. 2021 02:15,0,0,0,
9. Febr. 2021 02:30,1,0,1,
9. Febr. 2021 02:45,1,0,1,
9. Febr. 2021 03:00,0,0,0,
9. Febr. 2021 03:15,2,2,0,
9. Febr. 2021 03:30,0,0,0,
9. Febr. 2021 03:45,1,1,0,
9. Febr. 2021 04:00,0,0,0,
9. Febr. 2021 04:15,2,2,0,
9. Febr. 2021 04:30,2,1,1,
9. Febr. 2021 04:45,3,0,3,
9. Febr. 2021 05:00,1,0,1,
9. Febr. 2021 05:15,2,2,0,
9. Febr. 2021 05:30,6,4,2,
9. Febr. 2021 05:45,12,8,4,
9. Febr. 2021 06:00,16,9,7,
9. Febr. 2021 06:15,18,13,5,
9. Febr. 2021 06:30,34,22,12,
9. Febr. 2021 06:45,42,24,18,
9. Febr. 2021 07:00,37,17,20,
9. Febr. 2021 07:15,55,31,24,
9. Febr. 2021 07:30,67,36,31,
9. Febr. 2021 07:45,93,49,44,
9. Febr. 2021 08:00,74,33,41,
9. Febr. 2021 08:15,85,43,42,
9. Febr. 2021 08:30,88,48,40,
9. Febr. 2021 08:45,77,38,39,
9. Febr. 2021 09:00,45,24,21,
9. Febr. 2021 09:15,42,25,17,
9. Febr. 2021 09:30,44,27,17,
9. Febr. 2021 09:45,60,34,26,
9. Febr. 2021 10:00,30,15,15,
9. Febr. 2021 10:15,30,12,18,
9. Febr. 2021 10:30,44,20,24,
9. Febr. 2021 10:45,54,32,22,
9. Febr. 2021 11:00,42,23,19,
9. Febr. 2021 11:15,56,26,30,
9. Febr. 2021 11:30,48,27,21,
9. Febr. 2021 11:45,60,38,22,
9. Febr. 2021 12:00,67,24,43,
9. Febr. 2021 12:15,76,38,38,
9. Febr. 2021 12:30,64,35,29,
9. Febr. 2021 12:45,66,29,37,
9. Febr. 2021 13:00,55,18,37,
9. Febr. 2021 13:15,85,48,37,
9. Febr. 2021 13:30,66,29,37,
9. Febr. 2021 13:45,90,41,49,
9. Febr. 2021 14:00,61,30,31,
9. Febr. 2021 14:15,80,35,45,
9. Febr. 2021 14:30,70,40,30,
9. Febr. 2021 14:45,77,29,48,
9. Febr. 2021 15:00,89,43,46,
9. Febr. 2021 15:15,85,42,43,
9. Febr. 2021 15:30,101,51,50,
9. Febr. 2021 15:45,96,51,45,
9. Febr. 2021 16:00,98,49,49,
9. Febr. 2021 16:15,120,68,52,
9. Febr. 2021 16:30,91,38,53,
9. Febr. 2021 16:45,109,54,55,
9. Febr. 2021 17:00,115,51,64,
9. Febr. 2021 17:15,135,62,73,
9. Febr. 2021 17:30,114,67,47,
9. Febr. 2021 17:45,102,56,46,
9. Febr. 2021 18:00,94,41,53,
9. Febr. 2021 18:15,74,37,37,
9. Febr. 2021 18:30,92,35,57,
9. Febr. 2021 18:45,69,30,39,
9. Febr. 2021 19:00,53,18,35,
9. Febr. 2021 19:15,57,32,25,
9. Febr. 2021 19:30,48,26,22,
9. Febr. 2021 19:45,60,26,34,
9. Febr. 2021 20:00,43,13,30,
9. Febr. 2021 20:15,16,5,11,
9. Febr. 2021 20:30,11,2,9,
9. Febr. 2021 20:45,13,11,2,
9. Febr. 2021 21:00,10,5,5,
9. Febr. 2021 21:15,10,7,3,
9. Febr. 2021 21:30,8,2,6,
9. Febr. 2021 21:45,3,1,2,
9. Febr. 2021 22:00,9,6,3,
9. Febr. 2021 22:15,4,4,0,
9. Febr. 2021 22:30,4,3,1,
9. Febr. 2021 22:45,3,0,3,
9. Febr. 2021 23:00,2,2,0,
9. Febr. 2021 23:15,9,3,6,
9. Febr. 2021 23:30,3,3,0,
9. Febr. 2021 23:45,2,1,1,
10. Febr. 2021 00:00,1,1,0,
10. Febr. 2021 00:15,0,0,0,
10. Febr. 2021 00:30,3,2,1,
10. Febr. 2021 00:45,2,1,1,
10. Febr. 2021 01:00,0,0,0,
10. Febr. 2021 01:15,1,1,0,
10. Febr. 2021 01:30,1,1,0,
10. Febr. 2021 01:45,2,1,1,
10. Febr. 2021 02:00,0,0,0,
10. Febr. 2021 02:15,0,0,0,
10. Febr. 2021 02:30,0,0,0,
10. Febr. 2021 02:45,0,0,0,
10. Febr. 2021 03:00,0,0,0,
10. Febr. 2021 03:15,3,1,2,
10. Febr. 2021 03:30,2,2,0,
10. Febr. 2021 03:45,0,0,0,
10. Febr. 2021 04:00,0,0,0,
10. Febr. 2021 04:15,0,0,0,
10. Febr. 2021 04:30,2,2,0,
10. Febr. 2021 04:45,3,1,2,
10. Febr. 2021 05:00,2,2,0,
10. Febr. 2021 05:15,0,0,0,
10. Febr. 2021 05:30,7,6,1,
10. Febr. 2021 05:45,20,13,7,
10. Febr. 2021 06:00,22,16,6,
10. Febr. 2021 06:15,13,11,2,
10. Febr. 2021 06:30,23,10,13,
10. Febr. 2021 06:45,31,16,15,
10. Febr. 2021 07:00,41,15,26,
10. Febr. 2021 07:15,61,35,26,
10. Febr. 2021 07:30,71,44,27,
10. Febr. 2021 07:45,100,47,53,
10. Febr. 2021 08:00,72,34,38,
10. Febr. 2021 08:15,90,62,28,
10. Febr. 2021 08:30,92,50,42,
10. Febr. 2021 08:45,92,54,38,
10. Febr. 2021 09:00,53,34,19,
10. Febr. 2021 09:15,58,27,31,
10. Febr. 2021 09:30,43,17,26,
10. Febr. 2021 09:45,54,30,24,
10. Febr. 2021 10:00,44,21,23,
10. Febr. 2021 10:15,40,27,13,
10. Febr. 2021 10:30,52,22,30,
10. Febr. 2021 10:45,49,24,25,
10. Febr. 2021 11:00,37,23,14,
10. Febr. 2021 11:15,51,28,23,
10. Febr. 2021 11:30,40,24,16,
10. Febr. 2021 11:45,43,21,22,
10. Febr. 2021 12:00,56,26,30,
10. Febr. 2021 12:15,58,30,28,
10. Febr. 2021 12:30,64,26,38,
10. Febr. 2021 12:45,72,31,41,
10. Febr. 2021 13:00,91,44,47,
10. Febr. 2021 13:15,85,42,43,
10. Febr. 2021 13:30,69,38,31,
10. Febr. 2021 13:45,69,40,29,
10. Febr. 2021 14:00,83,43,40,
10. Febr. 2021 14:15,91,43,48,
10. Febr. 2021 14:30,74,30,44,
10. Febr. 2021 14:45,79,34,45,
10. Febr. 2021 15:00,58,26,32,
10. Febr. 2021 15:15,65,34,31,
10. Febr. 2021 15:30,63,24,39,
10. Febr. 2021 15:45,81,35,46,
10. Febr. 2021 16:00,65,34,31,
10. Febr. 2021 16:15,71,35,36,
10. Febr. 2021 16:30,77,37,40,
10. Febr. 2021 16:45,78,42,36,
10. Febr. 2021 17:00,68,27,41,
10. Febr. 2021 17:15,94,39,55,
10. Febr. 2021 17:30,68,32,36,
10. Febr. 2021 17:45,73,29,44,
10. Febr. 2021 18:00,60,28,32,
10. Febr. 2021 18:15,57,31,26,
10. Febr. 2021 18:30,47,16,31,
10. Febr. 2021 18:45,62,25,37,
10. Febr. 2021 19:00,52,18,34,
10. Febr. 2021 19:15,33,20,13,
10. Febr. 2021 19:30,39,24,15,
10. Febr. 2021 19:45,39,23,16,
10. Febr. 2021 20:00,38,21,17,
10. Febr. 2021 20:15,15,7,8,
10. Febr. 2021 20:30,8,2,6,
10. Febr. 2021 20:45,7,5,2,
10. Febr. 2021 21:00,2,0,2,
10. Febr. 2021 21:15,8,3,5,
10. Febr. 2021 21:30,7,2,5,
10. Febr. 2021 21:45,5,5,0,
10. Febr. 2021 22:00,12,8,4,
10. Febr. 2021 22:15,1,1,0,
10. Febr. 2021 22:30,3,1,2,
10. Febr. 2021 22:45,4,1,3,
10. Febr. 2021 23:00,1,0,1,
10. Febr. 2021 23:15,4,2,2,
10. Febr. 2021 23:30,5,1,4,
10. Febr. 2021 23:45,1,0,1,
11. Febr. 2021 00:00,2,1,1,
11. Febr. 2021 00:15,0,0,0,
11. Febr. 2021 00:30,0,0,0,
11. Febr. 2021 00:45,1,1,0,
11. Febr. 2021 01:00,0,0,0,
11. Febr. 2021 01:15,1,1,0,
11. Febr. 2021 01:30,0,0,0,
11. Febr. 2021 01:45,0,0,0,
11. Febr. 2021 02:00,1,1,0,
11. Febr. 2021 02:15,0,0,0,
11. Febr. 2021 02:30,0,0,0,
11. Febr. 2021 02:45,0,0,0,
11. Febr. 2021 03:00,2,0,2,
11. Febr. 2021 03:15,1,0,1,
11. Febr. 2021 03:30,0,0,0,
11. Febr. 2021 03:45,1,1,0,
11. Febr. 2021 04:00,1,0,1,
11. Febr. 2021 04:15,1,1,0,
11. Febr. 2021 04:30,2,1,1,
11. Febr. 2021 04:45,3,1,2,
11. Febr. 2021 05:00,1,1,0,
11. Febr. 2021 05:15,5,2,3,
11. Febr. 2021 05:30,8,3,5,
11. Febr. 2021 05:45,6,2,4,
11. Febr. 2021 06:00,7,4,3,
11. Febr. 2021 06:15,9,6,3,
11. Febr. 2021 06:30,13,7,6,
11. Febr. 2021 06:45,14,7,7,
11. Febr. 2021 07:00,23,8,15,
11. Febr. 2021 07:15,42,22,20,
11. Febr. 2021 07:30,43,24,19,
11. Febr. 2021 07:45,64,29,35,
11. Febr. 2021 08:00,56,30,26,
11. Febr. 2021 08:15,55,29,26,
11. Febr. 2021 08:30,54,26,28,
11. Febr. 2021 08:45,50,30,20,
11. Febr. 2021 09:00,47,29,18,
11. Febr. 2021 09:15,33,17,16,
11. Febr. 2021 09:30,26,8,18,
11. Febr. 2021 09:45,34,25,9,
11. Febr. 2021 10:00,33,22,11,
11. Febr. 2021 10:15,52,32,20,
11. Febr. 2021 10:30,27,14,13,
11. Febr. 2021 10:45,38,16,22,
11. Febr. 2021 11:00,33,22,11,
11. Febr. 2021 11:15,37,16,21,
11. Febr. 2021 11:30,47,21,26,
11. Febr. 2021 11:45,53,25,28,
11. Febr. 2021 12:00,56,33,23,
11. Febr. 2021 12:15,57,42,15,
11. Febr. 2021 12:30,66,37,29,
11. Febr. 2021 12:45,52,22,30,
11. Febr. 2021 13:00,66,24,42,
11. Febr. 2021 13:15,57,31,26,
11. Febr. 2021 13:30,70,41,29,
11. Febr. 2021 13:45,61,24,37,
11. Febr. 2021 14:00,63,26,37,
11. Febr. 2021 14:15,85,37,48,
11. Febr. 2021 14:30,78,48,30,
11. Febr. 2021 14:45,92,51,41,
11. Febr. 2021 15:00,81,39,42,
11. Febr. 2021 15:15,72,36,36,
11. Febr. 2021 15:30,82,38,44,
11. Febr. 2021 15:45,80,44,36,
11. Febr. 2021 16:00,69,48,21,
11. Febr. 2021 16:15,83,46,37,
11. Febr. 2021 16:30,79,50,29,
11. Febr. 2021 16:45,89,45,44,
11. Febr. 2021 17:00,75,38,37,
11. Febr. 2021 17:15,78,38,40,
11. Febr. 2021 17:30,65,30,35,
11. Febr. 2021 17:45,79,37,42,
11. Febr. 2021 18:00,57,25,32,
11. Febr. 2021 18:15,53,32,21,
11. Febr. 2021 18:30,61,31,30,
11. Febr. 2021 18:45,50,24,26,
11. Febr. 2021 19:00,52,28,24,
11. Febr. 2021 19:15,54,28,26,
11. Febr. 2021 19:30,39,20,19,
11. Febr. 2021 19:45,25,16,9,
11. Febr. 2021 20:00,41,10,31,
11. Febr. 2021 20:15,31,13,18,
11. Febr. 2021 20:30,16,10,6,
11. Febr. 2021 20:45,16,7,9,
11. Febr. 2021 21:00,16,13,3,
11. Febr. 2021 21:15,13,3,10,
11. Febr. 2021 21:30,9,4,5,
11. Febr. 2021 21:45,8,5,3,
11. Febr. 2021 22:00,14,6,8,
11. Febr. 2021 22:15,11,3,8,
11. Febr. 2021 22:30,6,5,1,
11. Febr. 2021 22:45,9,6,3,
11. Febr. 2021 23:00,11,2,9,
11. Febr. 2021 23:15,17,9,8,
11. Febr. 2021 23:30,8,6,2,
11. Febr. 2021 23:45,6,2,4,
12. Febr. 2021 00:00,6,2,4,
12. Febr. 2021 00:15,8,1,7,
12. Febr. 2021 00:30,9,5,4,
12. Febr. 2021 00:45,7,3,4,
12. Febr. 2021 01:00,4,4,0,
12. Febr. 2021 01:15,2,1,1,
12. Febr. 2021 01:30,0,0,0,
12. Febr. 2021 01:45,4,3,1,
12. Febr. 2021 02:00,2,1,1,
12. Febr. 2021 02:15,3,2,1,
12. Febr. 2021 02:30,0,0,0,
12. Febr. 2021 02:45,2,1,1,
12. Febr. 2021 03:00,0,0,0,
12. Febr. 2021 03:15,0,0,0,
12. Febr. 2021 03:30,0,0,0,
12. Febr. 2021 03:45,1,1,0,
12. Febr. 2021 04:00,0,0,0,
12. Febr. 2021 04:15,1,0,1,
12. Febr. 2021 04:30,1,1,0,
12. Febr. 2021 04:45,2,1,1,
12. Febr. 2021 05:00,0,0,0,
12. Febr. 2021 05:15,3,0,3,
12. Febr. 2021 05:30,9,4,5,
12. Febr. 2021 05:45,7,3,4,
12. Febr. 2021 06:00,4,4,0,
12. Febr. 2021 06:15,12,7,5,
12. Febr. 2021 06:30,15,10,5,
12. Febr. 2021 06:45,27,11,16,
12. Febr. 2021 07:00,29,15,14,
12. Febr. 2021 07:15,31,15,16,
12. Febr. 2021 07:30,47,30,17,
12. Febr. 2021 07:45,72,40,32,
12. Febr. 2021 08:00,61,40,21,
12. Febr. 2021 08:15,62,40,22,
12. Febr. 2021 08:30,64,42,22,
12. Febr. 2021 08:45,83,45,38,
12. Febr. 2021 09:00,61,34,27,
12. Febr. 2021 09:15,52,31,21,
12. Febr. 2021 09:30,47,33,14,
12. Febr. 2021 09:45,60,39,21,
12. Febr. 2021 10:00,53,31,22,
12. Febr. 2021 10:15,42,19,23,
12. Febr. 2021 10:30,61,38,23,
12. Febr. 2021 10:45,78,41,37,
12. Febr. 2021 11:00,51,33,18,
12. Febr. 2021 11:15,53,27,26,
12. Febr. 2021 11:30,77,39,38,
12. Febr. 2021 11:45,73,36,37,
12. Febr. 2021 12:00,66,23,43,
12. Febr. 2021 12:15,84,46,38,
12. Febr. 2021 12:30,90,41,49,
12. Febr. 2021 12:45,94,38,56,
12. Febr. 2021 13:00,81,36,45,
12. Febr. 2021 13:15,79,39,40,
12. Febr. 2021 13:30,77,46,31,
12. Febr. 2021 13:45,93,32,61,
12. Febr. 2021 14:00,86,43,43,
12. Febr. 2021 14:15,78,36,42,
12. Febr. 2021 14:30,65,26,39,
12. Febr. 2021 14:45,92,45,47,
12. Febr. 2021 15:00,63,34,29,
12. Febr. 2021 15:15,82,39,43,
12. Febr. 2021 15:30,106,53,53,
12. Febr. 2021 15:45,90,42,48,
12. Febr. 2021 16:00,89,54,35,
12. Febr. 2021 16:15,71,38,33,
12. Febr. 2021 16:30,80,42,38,
12. Febr. 2021 16:45,74,42,32,
12. Febr. 2021 17:00,71,31,40,
12. Febr. 2021 17:15,68,34,34,
12. Febr. 2021 17:30,77,34,43,
12. Febr. 2021 17:45,77,47,30,
12. Febr. 2021 18:00,55,25,30,
12. Febr. 2021 18:15,50,27,23,
12. Febr. 2021 18:30,77,38,39,
12. Febr. 2021 18:45,58,29,29,
12. Febr. 2021 19:00,36,12,24,
12. Febr. 2021 19:15,28,16,12,
12. Febr. 2021 19:30,28,17,11,
12. Febr. 2021 19:45,40,23,17,
12. Febr. 2021 20:00,35,20,15,
12. Febr. 2021 20:15,25,11,14,
12. Febr. 2021 20:30,24,8,16,
12. Febr. 2021 20:45,13,8,5,
12. Febr. 2021 21:00,16,7,9,
12. Febr. 2021 21:15,12,5,7,
12. Febr. 2021 21:30,6,3,3,
12. Febr. 2021 21:45,12,7,5,
12. Febr. 2021 22:00,6,3,3,
12. Febr. 2021 22:15,10,3,7,
12. Febr. 2021 22:30,8,3,5,
12. Febr. 2021 22:45,6,2,4,
12. Febr. 2021 23:00,15,10,5,
12. Febr. 2021 23:15,8,1,7,
12. Febr. 2021 23:30,11,5,6,
12. Febr. 2021 23:45,3,2,1,
13. Febr. 2021 00:00,5,0,5,
13. Febr. 2021 00:15,5,2,3,
13. Febr. 2021 00:30,5,3,2,
13. Febr. 2021 00:45,3,2,1,
13. Febr. 2021 01:00,1,1,0,
13. Febr. 2021 01:15,4,3,1,
13. Febr. 2021 01:30,9,4,5,
13. Febr. 2021 01:45,5,3,2,
13. Febr. 2021 02:00,1,0,1,
13. Febr. 2021 02:15,6,6,0,
13. Febr. 2021 02:30,1,1,0,
13. Febr. 2021 02:45,1,1,0,
13. Febr. 2021 03:00,1,1,0,
13. Febr. 2021 03:15,1,0,1,
13. Febr. 2021 03:30,1,0,1,
13. Febr. 2021 03:45,0,0,0,
13. Febr. 2021 04:00,4,0,4,
13. Febr. 2021 04:15,0,0,0,
13. Febr. 2021 04:30,1,1,0,
13. Febr. 2021 04:45,1,1,0,
13. Febr. 2021 05:00,3,3,0,
13. Febr. 2021 05:15,1,0,1,
13. Febr. 2021 05:30,1,1,0,
13. Febr. 2021 05:45,7,3,4,
13. Febr. 2021 06:00,3,3,0,
13. Febr. 2021 06:15,2,1,1,
13. Febr. 2021 06:30,4,3,1,
13. Febr. 2021 06:45,8,2,6,
13. Febr. 2021 07:00,8,2,6,
13. Febr. 2021 07:15,4,3,1,
13. Febr. 2021 07:30,14,10,4,
13. Febr. 2021 07:45,13,4,9,
13. Febr. 2021 08:00,14,9,5,
13. Febr. 2021 08:15,19,11,8,
13. Febr. 2021 08:30,20,12,8,
13. Febr. 2021 08:45,26,16,10,
13. Febr. 2021 09:00,17,7,10,
13. Febr. 2021 09:15,27,14,13,
13. Febr. 2021 09:30,29,14,15,
13. Febr. 2021 09:45,51,26,25,
13. Febr. 2021 10:00,35,23,12,
13. Febr. 2021 10:15,37,14,23,
13. Febr. 2021 10:30,31,15,16,
13. Febr. 2021 10:45,48,29,19,
13. Febr. 2021 11:00,48,28,20,
13. Febr. 2021 11:15,57,28,29,
13. Febr. 2021 11:30,58,25,33,
13. Febr. 2021 11:45,61,23,38,
13. Febr. 2021 12:00,51,26,25,
13. Febr. 2021 12:15,44,32,12,
13. Febr. 2021 12:30,52,22,30,
13. Febr. 2021 12:45,53,30,23,
13. Febr. 2021 13:00,52,32,20,
13. Febr. 2021 13:15,51,22,29,
13. Febr. 2021 13:30,57,24,33,
13. Febr. 2021 13:45,58,30,28,
13. Febr. 2021 14:00,48,20,28,
13. Febr. 2021 14:15,55,30,25,
13. Febr. 2021 14:30,70,34,36,
13. Febr. 2021 14:45,54,23,31,
13. Febr. 2021 15:00,55,36,19,
13. Febr. 2021 15:15,48,23,25,
13. Febr. 2021 15:30,56,29,27,
13. Febr. 2021 15:45,48,26,22,
13. Febr. 2021 16:00,51,26,25,
13. Febr. 2021 16:15,55,25,30,
13. Febr. 2021 16:30,55,34,21,
13. Febr. 2021 16:45,56,34,22,
13. Febr. 2021 17:00,45,24,21,
13. Febr. 2021 17:15,40,22,18,
13. Febr. 2021 17:30,57,34,23,
13. Febr. 2021 17:45,48,25,23,
13. Febr. 2021 18:00,43,30,13,
13. Febr. 2021 18:15,43,20,23,
13. Febr. 2021 18:30,38,16,22,
13. Febr. 2021 18:45,34,14,20,
13. Febr. 2021 19:00,25,11,14,
13. Febr. 2021 19:15,30,19,11,
13. Febr. 2021 19:30,19,9,10,
13. Febr. 2021 19:45,23,9,14,
13. Febr. 2021 20:00,27,13,14,
13. Febr. 2021 20:15,27,14,13,
13. Febr. 2021 20:30,17,10,7,
13. Febr. 2021 20:45,15,6,9,
13. Febr. 2021 21:00,16,10,6,
13. Febr. 2021 21:15,6,4,2,
13. Febr. 2021 21:30,12,4,8,
13. Febr. 2021 21:45,6,4,2,
13. Febr. 2021 22:00,10,6,4,
13. Febr. 2021 22:15,8,4,4,
13. Febr. 2021 22:30,6,5,1,
13. Febr. 2021 22:45,6,5,1,
13. Febr. 2021 23:00,4,2,2,
13. Febr. 2021 23:15,3,1,2,
13. Febr. 2021 23:30,4,2,2,
13. Febr. 2021 23:45,4,0,4,
14. Febr. 2021 00:00,5,2,3,
14. Febr. 2021 00:15,9,4,5,
14. Febr. 2021 00:30,4,2,2,
14. Febr. 2021 00:45,4,2,2,
14. Febr. 2021 01:00,4,3,1,
14. Febr. 2021 01:15,8,2,6,
14. Febr. 2021 01:30,2,2,0,
14. Febr. 2021 01:45,4,1,3,
14. Febr. 2021 02:00,1,1,0,
14. Febr. 2021 02:15,3,0,3,
14. Febr. 2021 02:30,3,0,3,
14. Febr. 2021 02:45,2,0,2,
14. Febr. 2021 03:00,0,0,0,
14. Febr. 2021 03:15,1,1,0,
14. Febr. 2021 03:30,3,3,0,
14. Febr. 2021 03:45,0,0,0,
14. Febr. 2021 04:00,1,1,0,
14. Febr. 2021 04:15,4,2,2,
14. Febr. 2021 04:30,2,2,0,
14. Febr. 2021 04:45,3,3,0,
14. Febr. 2021 05:00,0,0,0,
14. Febr. 2021 05:15,0,0,0,
14. Febr. 2021 05:30,1,0,1,
14. Febr. 2021 05:45,5,1,4,
14. Febr. 2021 06:00,3,2,1,
14. Febr. 2021 06:15,3,3,0,
14. Febr. 2021 06:30,3,3,0,
14. Febr. 2021 06:45,4,2,2,
14. Febr. 2021 07:00,5,4,1,
14. Febr. 2021 07:15,7,3,4,
14. Febr. 2021 07:30,2,0,2,
14. Febr. 2021 07:45,6,1,5,
14. Febr. 2021 08:00,5,2,3,
14. Febr. 2021 08:15,6,3,3,
14. Febr. 2021 08:30,7,5,2,
14. Febr. 2021 08:45,12,5,7,
14. Febr. 2021 09:00,8,6,2,
14. Febr. 2021 09:15,23,17,6,
14. Febr. 2021 09:30,26,11,15,
14. Febr. 2021 09:45,22,9,13,
14. Febr. 2021 10:00,15,5,10,
14. Febr. 2021 10:15,15,4,11,
14. Febr. 2021 10:30,28,14,14,
14. Febr. 2021 10:45,33,19,14,
14. Febr. 2021 11:00,30,15,15,
14. Febr. 2021 11:15,35,19,16,
14. Febr. 2021 11:30,36,14,22,
14. Febr. 2021 11:45,41,17,24,
14. Febr. 2021 12:00,29,15,14,
14. Febr. 2021 12:15,35,21,14,
14. Febr. 2021 12:30,35,19,16,
14. Febr. 2021 12:45,46,17,29,
14. Febr. 2021 13:00,31,14,17,
14. Febr. 2021 13:15,42,19,23,
14. Febr. 2021 13:30,44,25,19,
14. Febr. 2021 13:45,72,37,35,
14. Febr. 2021 14:00,40,24,16,
14. Febr. 2021 14:15,39,15,24,
14. Febr. 2021 14:30,59,34,25,
14. Febr. 2021 14:45,55,28,27,
14. Febr. 2021 15:00,58,31,27,
14. Febr. 2021 15:15,55,30,25,
14. Febr. 2021 15:30,72,39,33,
14. Febr. 2021 15:45,44,28,16,
14. Febr. 2021 16:00,55,31,24,
14. Febr. 2021 16:15,53,29,24,
14. Febr. 2021 16:30,61,24,37,
14. Febr. 2021 16:45,65,32,33,
14. Febr. 2021 17:00,34,20,14,
14. Febr. 2021 17:15,44,28,16,
14. Febr. 2021 17:30,48,22,26,
14. Febr. 2021 17:45,59,25,34,
14. Febr. 2021 18:00,49,32,17,
14. Febr. 2021 18:15,36,17,19,
14. Febr. 2021 18:30,19,10,9,
14. Febr. 2021 18:45,38,22,16,
14. Febr. 2021 19:00,26,16,10,
14. Febr. 2021 19:15,20,7,13,
14. Febr. 2021 19:30,21,13,8,
14. Febr. 2021 19:45,24,14,10,
14. Febr. 2021 20:00,16,7,9,
14. Febr. 2021 20:15,23,10,13,
14. Febr. 2021 20:30,17,5,12,
14. Febr. 2021 20:45,10,4,6,
14. Febr. 2021 21:00,11,7,4,
14. Febr. 2021 21:15,6,3,3,
14. Febr. 2021 21:30,15,6,9,
14. Febr. 2021 21:45,8,4,4,
14. Febr. 2021 22:00,14,7,7,
14. Febr. 2021 22:15,5,1,4,
14. Febr. 2021 22:30,5,0,5,
14. Febr. 2021 22:45,4,3,1,
14. Febr. 2021 23:00,6,5,1,
14. Febr. 2021 23:15,3,0,3,
14. Febr. 2021 23:30,5,2,3,
14. Febr. 2021 23:45,1,0,1,
15. Febr. 2021 00:00,2,2,0,
15. Febr. 2021 00:15,4,2,2,
15. Febr. 2021 00:30,2,1,1,
15. Febr. 2021 00:45,3,2,1,
15. Febr. 2021 01:00,1,1,0,
15. Febr. 2021 01:15,0,0,0,
15. Febr. 2021 01:30,0,0,0,
15. Febr. 2021 01:45,0,0,0,
15. Febr. 2021 02:00,2,0,2,
15. Febr. 2021 02:15,0,0,0,
15. Febr. 2021 02:30,1,1,0,
15. Febr. 2021 02:45,1,0,1,
15. Febr. 2021 03:00,0,0,0,
15. Febr. 2021 03:15,0,0,0,
15. Febr. 2021 03:30,4,1,3,
15. Febr. 2021 03:45,0,0,0,
15. Febr. 2021 04:00,1,1,0,
15. Febr. 2021 04:15,1,1,0,
15. Febr. 2021 04:30,0,0,0,
15. Febr. 2021 04:45,6,4,2,
15. Febr. 2021 05:00,2,2,0,
15. Febr. 2021 05:15,1,0,1,
15. Febr. 2021 05:30,9,4,5,
15. Febr. 2021 05:45,14,10,4,
15. Febr. 2021 06:00,19,11,8,
15. Febr. 2021 06:15,25,20,5,
15. Febr. 2021 06:30,34,22,12,
15. Febr. 2021 06:45,20,13,7,
15. Febr. 2021 07:00,51,15,36,
15. Febr. 2021 07:15,57,40,17,
15. Febr. 2021 07:30,72,45,27,
15. Febr. 2021 07:45,78,43,35,
15. Febr. 2021 08:00,77,34,43,
15. Febr. 2021 08:15,75,46,29,
15. Febr. 2021 08:30,80,48,32,
15. Febr. 2021 08:45,118,77,41,
15. Febr. 2021 09:00,66,41,25,
15. Febr. 2021 09:15,49,39,10,
15. Febr. 2021 09:30,55,27,28,
15. Febr. 2021 09:45,58,38,20,
15. Febr. 2021 10:00,50,28,22,
15. Febr. 2021 10:15,58,23,35,
15. Febr. 2021 10:30,52,33,19,
15. Febr. 2021 10:45,59,32,27,
15. Febr. 2021 11:00,56,25,31,
15. Febr. 2021 11:15,75,42,33,
15. Febr. 2021 11:30,67,27,40,
15. Febr. 2021 11:45,92,41,51,
15. Febr. 2021 12:00,75,22,53,
15. Febr. 2021 12:15,97,44,53,
15. Febr. 2021 12:30,77,30,47,
15. Febr. 2021 12:45,100,50,50,
15. Febr. 2021 13:00,74,40,34,
15. Febr. 2021 13:15,85,39,46,
15. Febr. 2021 13:30,86,40,46,
15. Febr. 2021 13:45,82,42,40,
15. Febr. 2021 14:00,77,40,37,
15. Febr. 2021 14:15,84,46,38,
15. Febr. 2021 14:30,91,48,43,
15. Febr. 2021 14:45,86,50,36,
15. Febr. 2021 15:00,84,42,42,
15. Febr. 2021 15:15,96,42,54,
15. Febr. 2021 15:30,99,51,48,
15. Febr. 2021 15:45,104,54,50,
15. Febr. 2021 16:00,80,39,41,
15. Febr. 2021 16:15,125,59,66,
15. Febr. 2021 16:30,112,52,60,
15. Febr. 2021 16:45,94,45,49,
15. Febr. 2021 17:00,125,56,69,
15. Febr. 2021 17:15,108,55,53,
15. Febr. 2021 17:30,87,41,46,
15. Febr. 2021 17:45,83,41,42,
15. Febr. 2021 18:00,105,52,53,
15. Febr. 2021 18:15,79,34,45,
15. Febr. 2021 18:30,50,22,28,
15. Febr. 2021 18:45,69,38,31,
15. Febr. 2021 19:00,58,29,29,
15. Febr. 2021 19:15,49,27,22,
15. Febr. 2021 19:30,38,19,19,
15. Febr. 2021 19:45,48,31,17,
15. Febr. 2021 20:00,34,12,22,
15. Febr. 2021 20:15,20,10,10,
15. Febr. 2021 20:30,25,7,18,
15. Febr. 2021 20:45,16,12,4,
15. Febr. 2021 21:00,12,7,5,
15. Febr. 2021 21:15,12,6,6,
15. Febr. 2021 21:30,11,5,6,
15. Febr. 2021 21:45,10,4,6,
15. Febr. 2021 22:00,15,10,5,
15. Febr. 2021 22:15,11,7,4,
15. Febr. 2021 22:30,7,3,4,
15. Febr. 2021 22:45,9,5,4,
15. Febr. 2021 23:00,5,0,5,
15. Febr. 2021 23:15,4,4,0,
15. Febr. 2021 23:30,8,2,6,
15. Febr. 2021 23:45,2,2,0,
16. Febr. 2021 00:00,2,0,2,
16. Febr. 2021 00:15,5,5,0,
16. Febr. 2021 00:30,2,0,2,
16. Febr. 2021 00:45,3,2,1,
16. Febr. 2021 01:00,1,1,0,
16. Febr. 2021 01:15,5,2,3,
16. Febr. 2021 01:30,0,0,0,
16. Febr. 2021 01:45,0,0,0,
16. Febr. 2021 02:00,0,0,0,
16. Febr. 2021 02:15,0,0,0,
16. Febr. 2021 02:30,0,0,0,
16. Febr. 2021 02:45,1,1,0,
16. Febr. 2021 03:00,1,0,1,
16. Febr. 2021 03:15,0,0,0,
16. Febr. 2021 03:30,0,0,0,
16. Febr. 2021 03:45,0,0,0,
16. Febr. 2021 04:00,0,0,0,
16. Febr. 2021 04:15,0,0,0,
16. Febr. 2021 04:30,1,1,0,
16. Febr. 2021 04:45,1,1,0,
16. Febr. 2021 05:00,3,2,1,
16. Febr. 2021 05:15,4,0,4,
16. Febr. 2021 05:30,5,3,2,
16. Febr. 2021 05:45,17,10,7,
16. Febr. 2021 06:00,16,9,7,
16. Febr. 2021 06:15,26,16,10,
16. Febr. 2021 06:30,38,24,14,
16. Febr. 2021 06:45,36,22,14,
16. Febr. 2021 07:00,52,23,29,
16. Febr. 2021 07:15,74,47,27,
16. Febr. 2021 07:30,79,50,29,
16. Febr. 2021 07:45,116,65,51,
16. Febr. 2021 08:00,95,46,49,
16. Febr. 2021 08:15,92,57,35,
16. Febr. 2021 08:30,136,83,53,
16. Febr. 2021 08:45,128,73,55,
16. Febr. 2021 09:00,83,51,32,
16. Febr. 2021 09:15,83,49,34,
16. Febr. 2021 09:30,75,41,34,
16. Febr. 2021 09:45,73,46,27,
16. Febr. 2021 10:00,89,48,41,
16. Febr. 2021 10:15,73,40,33,
16. Febr. 2021 10:30,65,39,26,
16. Febr. 2021 10:45,109,61,48,
16. Febr. 2021 11:00,89,56,33,
16. Febr. 2021 11:15,92,48,44,
16. Febr. 2021 11:30,77,38,39,
16. Febr. 2021 11:45,110,52,58,
16. Febr. 2021 12:00,122,53,69,
16. Febr. 2021 12:15,112,54,58,
16. Febr. 2021 12:30,110,58,52,
16. Febr. 2021 12:45,131,56,75,
16. Febr. 2021 13:00,132,64,68,
16. Febr. 2021 13:15,124,58,66,
16. Febr. 2021 13:30,97,42,55,
16. Febr. 2021 13:45,137,68,69,
16. Febr. 2021 14:00,115,59,56,
16. Febr. 2021 14:15,147,76,71,
16. Febr. 2021 14:30,100,42,58,
16. Febr. 2021 14:45,155,78,77,
16. Febr. 2021 15:00,128,64,64,
16. Febr. 2021 15:15,120,60,60,
16. Febr. 2021 15:30,156,83,73,
16. Febr. 2021 15:45,123,63,60,
16. Febr. 2021 16:00,138,67,71,
16. Febr. 2021 16:15,157,72,85,
16. Febr. 2021 16:30,135,64,71,
16. Febr. 2021 16:45,147,72,75,
16. Febr. 2021 17:00,158,78,80,
16. Febr. 2021 17:15,146,64,82,
16. Febr. 2021 17:30,169,99,70,
16. Febr. 2021 17:45,140,77,63,
16. Febr. 2021 18:00,132,51,81,
16. Febr. 2021 18:15,102,47,55,
16. Febr. 2021 18:30,115,50,65,
16. Febr. 2021 18:45,97,43,54,
16. Febr. 2021 19:00,91,43,48,
16. Febr. 2021 19:15,59,30,29,
16. Febr. 2021 19:30,49,25,24,
16. Febr. 2021 19:45,64,34,30,
16. Febr. 2021 20:00,35,20,15,
16. Febr. 2021 20:15,41,16,25,
16. Febr. 2021 20:30,27,14,13,
16. Febr. 2021 20:45,19,11,8,
16. Febr. 2021 21:00,16,6,10,
16. Febr. 2021 21:15,21,9,12,
16. Febr. 2021 21:30,15,11,4,
16. Febr. 2021 21:45,15,10,5,
16. Febr. 2021 22:00,14,8,6,
16. Febr. 2021 22:15,24,13,11,
16. Febr. 2021 22:30,17,8,9,
16. Febr. 2021 22:45,11,6,5,
16. Febr. 2021 23:00,9,8,1,
16. Febr. 2021 23:15,8,2,6,
16. Febr. 2021 23:30,7,4,3,
16. Febr. 2021 23:45,11,3,8,
17. Febr. 2021 00:00,4,0,4,
17. Febr. 2021 00:15,10,4,6,
17. Febr. 2021 00:30,3,2,1,
17. Febr. 2021 00:45,0,0,0,
17. Febr. 2021 01:00,1,1,0,
17. Febr. 2021 01:15,1,0,1,
17. Febr. 2021 01:30,0,0,0,
17. Febr. 2021 01:45,2,2,0,
17. Febr. 2021 02:00,3,3,0,
17. Febr. 2021 02:15,1,1,0,
17. Febr. 2021 02:30,0,0,0,
17. Febr. 2021 02:45,1,0,1,
17. Febr. 2021 03:00,1,0,1,
17. Febr. 2021 03:15,0,0,0,
17. Febr. 2021 03:30,0,0,0,
17. Febr. 2021 03:45,0,0,0,
17. Febr. 2021 04:00,3,3,0,
17. Febr. 2021 04:15,2,2,0,
17. Febr. 2021 04:30,1,1,0,
17. Febr. 2021 04:45,4,1,3,
17. Febr. 2021 05:00,2,2,0,
17. Febr. 2021 05:15,3,0,3,
17. Febr. 2021 05:30,13,5,8,
17. Febr. 2021 05:45,18,10,8,
17. Febr. 2021 06:00,20,10,10,
17. Febr. 2021 06:15,28,18,10,
17. Febr. 2021 06:30,40,27,13,
17. Febr. 2021 06:45,49,26,23,
17. Febr. 2021 07:00,56,31,25,
17. Febr. 2021 07:15,66,34,32,
17. Febr. 2021 07:30,84,52,32,
17. Febr. 2021 07:45,118,66,52,
17. Febr. 2021 08:00,123,62,61,
17. Febr. 2021 08:15,126,70,56,
17. Febr. 2021 08:30,128,67,61,
17. Febr. 2021 08:45,130,90,40,
17. Febr. 2021 09:00,91,51,40,
17. Febr. 2021 09:15,100,58,42,
17. Febr. 2021 09:30,93,62,31,
17. Febr. 2021 09:45,99,61,38,
17. Febr. 2021 10:00,79,36,43,
17. Febr. 2021 10:15,91,40,51,
17. Febr. 2021 10:30,75,38,37,
17. Febr. 2021 10:45,123,65,58,
17. Febr. 2021 11:00,94,47,47,
17. Febr. 2021 11:15,103,54,49,
17. Febr. 2021 11:30,106,58,48,
17. Febr. 2021 11:45,114,57,57,
17. Febr. 2021 12:00,130,50,80,
17. Febr. 2021 12:15,124,52,72,
17. Febr. 2021 12:30,136,63,73,
17. Febr. 2021 12:45,134,67,67,
17. Febr. 2021 13:00,119,61,58,
17. Febr. 2021 13:15,120,50,70,
17. Febr. 2021 13:30,144,75,69,
17. Febr. 2021 13:45,137,75,62,
17. Febr. 2021 14:00,144,73,71,
17. Febr. 2021 14:15,147,70,77,
17. Febr. 2021 14:30,132,68,64,
17. Febr. 2021 14:45,180,95,85,
17. Febr. 2021 15:00,154,70,84,
17. Febr. 2021 15:15,138,78,60,
17. Febr. 2021 15:30,176,90,86,
17. Febr. 2021 15:45,151,74,77,
17. Febr. 2021 16:00,156,87,69,
17. Febr. 2021 16:15,159,79,80,
17. Febr. 2021 16:30,169,86,83,
17. Febr. 2021 16:45,202,102,100,
17. Febr. 2021 17:00,163,86,77,
17. Febr. 2021 17:15,172,71,101,
17. Febr. 2021 17:30,165,86,79,
17. Febr. 2021 17:45,183,94,89,
17. Febr. 2021 18:00,162,76,86,
17. Febr. 2021 18:15,154,74,80,
17. Febr. 2021 18:30,139,71,68,
17. Febr. 2021 18:45,82,38,44,
17. Febr. 2021 19:00,91,46,45,
17. Febr. 2021 19:15,61,29,32,
17. Febr. 2021 19:30,59,28,31,
17. Febr. 2021 19:45,47,22,25,
17. Febr. 2021 20:00,78,34,44,
17. Febr. 2021 20:15,41,17,24,
17. Febr. 2021 20:30,36,15,21,
17. Febr. 2021 20:45,27,13,14,
17. Febr. 2021 21:00,15,10,5,
17. Febr. 2021 21:15,25,9,16,
17. Febr. 2021 21:30,19,9,10,
17. Febr. 2021 21:45,20,4,16,
17. Febr. 2021 22:00,11,6,5,
17. Febr. 2021 22:15,23,11,12,
17. Febr. 2021 22:30,15,11,4,
17. Febr. 2021 22:45,19,5,14,
17. Febr. 2021 23:00,12,5,7,
17. Febr. 2021 23:15,12,6,6,
17. Febr. 2021 23:30,9,6,3,
17. Febr. 2021 23:45,3,1,2,
18. Febr. 2021 00:00,8,2,6,
18. Febr. 2021 00:15,3,2,1,
18. Febr. 2021 00:30,5,4,1,
18. Febr. 2021 00:45,5,1,4,
18. Febr. 2021 01:00,8,5,3,
18. Febr. 2021 01:15,2,1,1,
18. Febr. 2021 01:30,1,0,1,
18. Febr. 2021 01:45,3,1,2,
18. Febr. 2021 02:00,1,1,0,
18. Febr. 2021 02:15,4,2,2,
18. Febr. 2021 02:30,0,0,0,
18. Febr. 2021 02:45,1,1,0,
18. Febr. 2021 03:00,1,0,1,
18. Febr. 2021 03:15,1,0,1,
18. Febr. 2021 03:30,0,0,0,
18. Febr. 2021 03:45,0,0,0,
18. Febr. 2021 04:00,0,0,0,
18. Febr. 2021 04:15,2,1,1,
18. Febr. 2021 04:30,1,1,0,
18. Febr. 2021 04:45,9,7,2,
18. Febr. 2021 05:00,3,1,2,
18. Febr. 2021 05:15,1,0,1,
18. Febr. 2021 05:30,13,5,8,
18. Febr. 2021 05:45,22,15,7,
18. Febr. 2021 06:00,16,9,7,
18. Febr. 2021 06:15,24,13,11,
18. Febr. 2021 06:30,40,25,15,
18. Febr. 2021 06:45,36,17,19,
18. Febr. 2021 07:00,64,37,27,
18. Febr. 2021 07:15,70,38,32,
18. Febr. 2021 07:30,101,61,40,
18. Febr. 2021 07:45,127,72,55,
18. Febr. 2021 08:00,123,70,53,
18. Febr. 2021 08:15,130,82,48,
18. Febr. 2021 08:30,134,74,60,
18. Febr. 2021 08:45,130,77,53,
18. Febr. 2021 09:00,106,65,41,
18. Febr. 2021 09:15,76,48,28,
18. Febr. 2021 09:30,84,49,35,
18. Febr. 2021 09:45,104,67,37,
18. Febr. 2021 10:00,66,44,22,
18. Febr. 2021 10:15,89,47,42,
18. Febr. 2021 10:30,88,49,39,
18. Febr. 2021 10:45,86,44,42,
18. Febr. 2021 11:00,79,51,28,
18. Febr. 2021 11:15,88,46,42,
18. Febr. 2021 11:30,94,49,45,
18. Febr. 2021 11:45,105,46,59,
18. Febr. 2021 12:00,118,54,64,
18. Febr. 2021 12:15,139,70,69,
18. Febr. 2021 12:30,135,60,75,
18. Febr. 2021 12:45,112,46,66,
18. Febr. 2021 13:00,131,58,73,
18. Febr. 2021 13:15,121,68,53,
18. Febr. 2021 13:30,101,51,50,
18. Febr. 2021 13:45,146,78,68,
18. Febr. 2021 14:00,134,68,66,
18. Febr. 2021 14:15,134,55,79,
18. Febr. 2021 14:30,116,58,58,
18. Febr. 2021 14:45,183,94,89,
18. Febr. 2021 15:00,136,68,68,
18. Febr. 2021 15:15,162,90,72,
18. Febr. 2021 15:30,147,74,73,
18. Febr. 2021 15:45,184,93,91,
18. Febr. 2021 16:00,184,96,88,
18. Febr. 2021 16:15,197,95,102,
18. Febr. 2021 16:30,166,76,90,
18. Febr. 2021 16:45,189,86,103,
18. Febr. 2021 17:00,170,66,104,
18. Febr. 2021 17:15,188,89,99,
18. Febr. 2021 17:30,170,88,82,
18. Febr. 2021 17:45,160,81,79,
18. Febr. 2021 18:00,150,67,83,
18. Febr. 2021 18:15,118,59,59,
18. Febr. 2021 18:30,97,41,56,
18. Febr. 2021 18:45,109,48,61,
18. Febr. 2021 19:00,75,32,43,
18. Febr. 2021 19:15,61,31,30,
18. Febr. 2021 19:30,61,23,38,
18. Febr. 2021 19:45,54,30,24,
18. Febr. 2021 20:00,63,28,35,
18. Febr. 2021 20:15,53,23,30,
18. Febr. 2021 20:30,31,13,18,
18. Febr. 2021 20:45,26,16,10,
18. Febr. 2021 21:00,27,14,13,
18. Febr. 2021 21:15,20,10,10,
18. Febr. 2021 21:30,19,9,10,
18. Febr. 2021 21:45,18,10,8,
18. Febr. 2021 22:00,27,8,19,
18. Febr. 2021 22:15,17,7,10,
18. Febr. 2021 22:30,8,5,3,
18. Febr. 2021 22:45,14,6,8,
18. Febr. 2021 23:00,16,12,4,
18. Febr. 2021 23:15,12,4,8,
18. Febr. 2021 23:30,14,4,10,
18. Febr. 2021 23:45,10,6,4,
19. Febr. 2021 00:00,4,2,2,
19. Febr. 2021 00:15,10,3,7,
19. Febr. 2021 00:30,2,1,1,
19. Febr. 2021 00:45,4,1,3,
19. Febr. 2021 01:00,3,2,1,
19. Febr. 2021 01:15,1,0,1,
19. Febr. 2021 01:30,3,3,0,
19. Febr. 2021 01:45,2,1,1,
19. Febr. 2021 02:00,0,0,0,
19. Febr. 2021 02:15,0,0,0,
19. Febr. 2021 02:30,0,0,0,
19. Febr. 2021 02:45,0,0,0,
19. Febr. 2021 03:00,2,0,2,
19. Febr. 2021 03:15,1,1,0,
19. Febr. 2021 03:30,1,1,0,
19. Febr. 2021 03:45,0,0,0,
19. Febr. 2021 04:00,0,0,0,
19. Febr. 2021 04:15,3,0,3,
19. Febr. 2021 04:30,3,3,0,
19. Febr. 2021 04:45,4,1,3,
19. Febr. 2021 05:00,2,1,1,
19. Febr. 2021 05:15,4,0,4,
19. Febr. 2021 05:30,9,4,5,
19. Febr. 2021 05:45,18,11,7,
19. Febr. 2021 06:00,18,13,5,
19. Febr. 2021 06:15,23,15,8,
19. Febr. 2021 06:30,39,28,11,
19. Febr. 2021 06:45,41,30,11,
19. Febr. 2021 07:00,59,28,31,
19. Febr. 2021 07:15,66,36,30,
19. Febr. 2021 07:30,73,48,25,
19. Febr. 2021 07:45,113,66,47,
19. Febr. 2021 08:00,96,56,40,
19. Febr. 2021 08:15,118,67,51,
19. Febr. 2021 08:30,127,63,64,
19. Febr. 2021 08:45,137,93,44,
19. Febr. 2021 09:00,109,72,37,
19. Febr. 2021 09:15,90,56,34,
19. Febr. 2021 09:30,104,68,36,
19. Febr. 2021 09:45,106,74,32,
19. Febr. 2021 10:00,85,43,42,
19. Febr. 2021 10:15,104,50,54,
19. Febr. 2021 10:30,108,61,47,
19. Febr. 2021 10:45,106,64,42,
19. Febr. 2021 11:00,110,48,62,
19. Febr. 2021 11:15,119,65,54,
19. Febr. 2021 11:30,141,73,68,
19. Febr. 2021 11:45,144,86,58,
19. Febr. 2021 12:00,147,57,90,
19. Febr. 2021 12:15,123,56,67,
19. Febr. 2021 12:30,149,62,87,
19. Febr. 2021 12:45,134,43,91,
19. Febr. 2021 13:00,156,75,81,
19. Febr. 2021 13:15,139,55,84,
19. Febr. 2021 13:30,129,62,67,
19. Febr. 2021 13:45,142,64,78,
19. Febr. 2021 14:00,142,55,87,
19. Febr. 2021 14:15,148,81,67,
19. Febr. 2021 14:30,180,83,97,
19. Febr. 2021 14:45,175,88,87,
19. Febr. 2021 15:00,151,78,73,
19. Febr. 2021 15:15,167,92,75,
19. Febr. 2021 15:30,179,89,90,
19. Febr. 2021 15:45,172,97,75,
19. Febr. 2021 16:00,154,68,86,
19. Febr. 2021 16:15,196,94,102,
19. Febr. 2021 16:30,192,106,86,
19. Febr. 2021 16:45,139,58,81,
19. Febr. 2021 17:00,184,87,97,
19. Febr. 2021 17:15,180,88,92,
19. Febr. 2021 17:30,178,92,86,
19. Febr. 2021 17:45,176,91,85,
19. Febr. 2021 18:00,143,76,67,
19. Febr. 2021 18:15,124,59,65,
19. Febr. 2021 18:30,101,48,53,
19. Febr. 2021 18:45,116,48,68,
19. Febr. 2021 19:00,106,43,63,
19. Febr. 2021 19:15,73,32,41,
19. Febr. 2021 19:30,54,30,24,
19. Febr. 2021 19:45,56,35,21,
19. Febr. 2021 20:00,46,24,22,
19. Febr. 2021 20:15,33,14,19,
19. Febr. 2021 20:30,37,18,19,
19. Febr. 2021 20:45,23,10,13,
19. Febr. 2021 21:00,24,10,14,
19. Febr. 2021 21:15,28,14,14,
19. Febr. 2021 21:30,17,6,11,
19. Febr. 2021 21:45,22,9,13,
19. Febr. 2021 22:00,19,12,7,
19. Febr. 2021 22:15,11,4,7,
19. Febr. 2021 22:30,20,11,9,
19. Febr. 2021 22:45,22,11,11,
19. Febr. 2021 23:00,11,4,7,
19. Febr. 2021 23:15,15,4,11,
19. Febr. 2021 23:30,18,11,7,
19. Febr. 2021 23:45,16,7,9,
20. Febr. 2021 00:00,7,4,3,
20. Febr. 2021 00:15,11,4,7,
20. Febr. 2021 00:30,18,13,5,
20. Febr. 2021 00:45,8,5,3,
20. Febr. 2021 01:00,5,4,1,
20. Febr. 2021 01:15,11,6,5,
20. Febr. 2021 01:30,14,8,6,
20. Febr. 2021 01:45,7,3,4,
20. Febr. 2021 02:00,5,1,4,
20. Febr. 2021 02:15,2,1,1,
20. Febr. 2021 02:30,8,5,3,
20. Febr. 2021 02:45,4,0,4,
20. Febr. 2021 03:00,5,5,0,
20. Febr. 2021 03:15,2,1,1,
20. Febr. 2021 03:30,1,0,1,
20. Febr. 2021 03:45,2,1,1,
20. Febr. 2021 04:00,8,8,0,
20. Febr. 2021 04:15,12,7,5,
20. Febr. 2021 04:30,3,2,1,
20. Febr. 2021 04:45,2,1,1,
20. Febr. 2021 05:00,3,3,0,
20. Febr. 2021 05:15,3,0,3,
20. Febr. 2021 05:30,10,6,4,
20. Febr. 2021 05:45,9,4,5,
20. Febr. 2021 06:00,6,3,3,
20. Febr. 2021 06:15,6,4,2,
20. Febr. 2021 06:30,14,10,4,
20. Febr. 2021 06:45,16,7,9,
20. Febr. 2021 07:00,6,2,4,
20. Febr. 2021 07:15,10,3,7,
20. Febr. 2021 07:30,21,8,13,
20. Febr. 2021 07:45,24,20,4,
20. Febr. 2021 08:00,25,18,7,
20. Febr. 2021 08:15,30,18,12,
20. Febr. 2021 08:30,34,20,14,
20. Febr. 2021 08:45,68,35,33,
20. Febr. 2021 09:00,47,20,27,
20. Febr. 2021 09:15,55,27,28,
20. Febr. 2021 09:30,64,37,27,
20. Febr. 2021 09:45,86,41,45,
20. Febr. 2021 10:00,83,49,34,
20. Febr. 2021 10:15,70,32,38,
20. Febr. 2021 10:30,78,34,44,
20. Febr. 2021 10:45,122,71,51,
20. Febr. 2021 11:00,110,54,56,
20. Febr. 2021 11:15,108,59,49,
20. Febr. 2021 11:30,109,61,48,
20. Febr. 2021 11:45,144,71,73,
20. Febr. 2021 12:00,151,67,84,
20. Febr. 2021 12:15,140,67,73,
20. Febr. 2021 12:30,155,89,66,
20. Febr. 2021 12:45,153,55,98,
20. Febr. 2021 13:00,185,91,94,
20. Febr. 2021 13:15,157,66,91,
20. Febr. 2021 13:30,167,73,94,
20. Febr. 2021 13:45,184,90,94,
20. Febr. 2021 14:00,180,87,93,
20. Febr. 2021 14:15,170,78,92,
20. Febr. 2021 14:30,212,114,98,
20. Febr. 2021 14:45,173,83,90,
20. Febr. 2021 15:00,219,98,121,
20. Febr. 2021 15:15,203,100,103,
20. Febr. 2021 15:30,166,84,82,
20. Febr. 2021 15:45,150,79,71,
20. Febr. 2021 16:00,151,71,80,
20. Febr. 2021 16:15,153,88,65,
20. Febr. 2021 16:30,175,93,82,
20. Febr. 2021 16:45,163,92,71,
20. Febr. 2021 17:00,138,91,47,
20. Febr. 2021 17:15,157,95,62,
20. Febr. 2021 17:30,142,89,53,
20. Febr. 2021 17:45,174,110,64,
20. Febr. 2021 18:00,146,83,63,
20. Febr. 2021 18:15,112,57,55,
20. Febr. 2021 18:30,100,51,49,
20. Febr. 2021 18:45,85,44,41,
20. Febr. 2021 19:00,74,30,44,
20. Febr. 2021 19:15,55,29,26,
20. Febr. 2021 19:30,57,38,19,
20. Febr. 2021 19:45,36,24,12,
20. Febr. 2021 20:00,48,25,23,
20. Febr. 2021 20:15,34,17,17,
20. Febr. 2021 20:30,35,17,18,
20. Febr. 2021 20:45,37,15,22,
20. Febr. 2021 21:00,29,14,15,
20. Febr. 2021 21:15,25,13,12,
20. Febr. 2021 21:30,19,5,14,
20. Febr. 2021 21:45,18,8,10,
20. Febr. 2021 22:00,19,9,10,
20. Febr. 2021 22:15,18,10,8,
20. Febr. 2021 22:30,13,5,8,
20. Febr. 2021 22:45,3,3,0,
20. Febr. 2021 23:00,11,4,7,
20. Febr. 2021 23:15,12,4,8,
20. Febr. 2021 23:30,21,10,11,
20. Febr. 2021 23:45,10,7,3,
21. Febr. 2021 00:00,10,9,1,
21. Febr. 2021 00:15,11,3,8,
21. Febr. 2021 00:30,13,10,3,
21. Febr. 2021 00:45,17,10,7,
21. Febr. 2021 01:00,11,6,5,
21. Febr. 2021 01:15,8,3,5,
21. Febr. 2021 01:30,5,2,3,
21. Febr. 2021 01:45,7,6,1,
21. Febr. 2021 02:00,3,0,3,
21. Febr. 2021 02:15,1,0,1,
21. Febr. 2021 02:30,2,2,0,
21. Febr. 2021 02:45,3,1,2,
21. Febr. 2021 03:00,1,1,0,
21. Febr. 2021 03:15,7,2,5,
21. Febr. 2021 03:30,1,1,0,
21. Febr. 2021 03:45,0,0,0,
21. Febr. 2021 04:00,2,2,0,
21. Febr. 2021 04:15,1,0,1,
21. Febr. 2021 04:30,0,0,0,
21. Febr. 2021 04:45,2,2,0,
21. Febr. 2021 05:00,2,2,0,
21. Febr. 2021 05:15,4,2,2,
21. Febr. 2021 05:30,3,1,2,
21. Febr. 2021 05:45,4,1,3,
21. Febr. 2021 06:00,11,8,3,
21. Febr. 2021 06:15,3,3,0,
21. Febr. 2021 06:30,5,4,1,
21. Febr. 2021 06:45,1,1,0,
21. Febr. 2021 07:00,7,3,4,
21. Febr. 2021 07:15,6,2,4,
21. Febr. 2021 07:30,7,2,5,
21. Febr. 2021 07:45,10,4,6,
21. Febr. 2021 08:00,11,5,6,
21. Febr. 2021 08:15,13,7,6,
21. Febr. 2021 08:30,15,3,12,
21. Febr. 2021 08:45,23,11,12,
21. Febr. 2021 09:00,20,14,6,
21. Febr. 2021 09:15,29,16,13,
21. Febr. 2021 09:30,24,16,8,
21. Febr. 2021 09:45,54,33,21,
21. Febr. 2021 10:00,42,19,23,
21. Febr. 2021 10:15,46,11,35,
21. Febr. 2021 10:30,46,25,21,
21. Febr. 2021 10:45,54,26,28,
21. Febr. 2021 11:00,68,39,29,
21. Febr. 2021 11:15,59,34,25,
21. Febr. 2021 11:30,82,35,47,
21. Febr. 2021 11:45,71,34,37,
21. Febr. 2021 12:00,99,53,46,
21. Febr. 2021 12:15,89,33,56,
21. Febr. 2021 12:30,112,32,80,
21. Febr. 2021 12:45,124,55,69,
21. Febr. 2021 13:00,147,68,79,
21. Febr. 2021 13:15,154,66,88,
21. Febr. 2021 13:30,143,70,73,
21. Febr. 2021 13:45,155,83,72,
21. Febr. 2021 14:00,146,83,63,
21. Febr. 2021 14:15,156,89,67,
21. Febr. 2021 14:30,176,99,77,
21. Febr. 2021 14:45,197,108,89,
21. Febr. 2021 15:00,206,119,87,
21. Febr. 2021 15:15,157,85,72,
21. Febr. 2021 15:30,206,99,107,
21. Febr. 2021 15:45,139,82,57,
21. Febr. 2021 16:00,171,85,86,
21. Febr. 2021 16:15,172,89,83,
21. Febr. 2021 16:30,164,108,56,
21. Febr. 2021 16:45,174,106,68,
21. Febr. 2021 17:00,178,104,74,
21. Febr. 2021 17:15,162,92,70,
21. Febr. 2021 17:30,143,71,72,
21. Febr. 2021 17:45,126,59,67,
21. Febr. 2021 18:00,106,58,48,
21. Febr. 2021 18:15,113,46,67,
21. Febr. 2021 18:30,62,34,28,
21. Febr. 2021 18:45,60,33,27,
21. Febr. 2021 19:00,62,34,28,
21. Febr. 2021 19:15,57,28,29,
21. Febr. 2021 19:30,25,14,11,
21. Febr. 2021 19:45,36,21,15,
21. Febr. 2021 20:00,38,20,18,
21. Febr. 2021 20:15,21,8,13,
21. Febr. 2021 20:30,23,12,11,
21. Febr. 2021 20:45,14,6,8,
21. Febr. 2021 21:00,20,10,10,
21. Febr. 2021 21:15,19,9,10,
21. Febr. 2021 21:30,18,8,10,
21. Febr. 2021 21:45,19,10,9,
21. Febr. 2021 22:00,12,10,2,
21. Febr. 2021 22:15,14,10,4,
21. Febr. 2021 22:30,12,7,5,
21. Febr. 2021 22:45,9,6,3,
21. Febr. 2021 23:00,6,1,5,
21. Febr. 2021 23:15,4,2,2,
21. Febr. 2021 23:30,7,4,3,
21. Febr. 2021 23:45,2,1,1,
22. Febr. 2021 00:00,4,4,0,
22. Febr. 2021 00:15,5,4,1,
22. Febr. 2021 00:30,5,3,2,
22. Febr. 2021 00:45,3,2,1,
22. Febr. 2021 01:00,1,0,1,
22. Febr. 2021 01:15,0,0,0,
22. Febr. 2021 01:30,2,1,1,
22. Febr. 2021 01:45,2,0,2,
22. Febr. 2021 02:00,1,0,1,
22. Febr. 2021 02:15,0,0,0,
22. Febr. 2021 02:30,1,0,1,
22. Febr. 2021 02:45,0,0,0,
22. Febr. 2021 03:00,1,0,1,
22. Febr. 2021 03:15,1,1,0,
22. Febr. 2021 03:30,0,0,0,
22. Febr. 2021 03:45,0,0,0,
22. Febr. 2021 04:00,0,0,0,
22. Febr. 2021 04:15,0,0,0,
22. Febr. 2021 04:30,1,1,0,
22. Febr. 2021 04:45,5,4,1,
22. Febr. 2021 05:00,3,3,0,
22. Febr. 2021 05:15,4,2,2,
22. Febr. 2021 05:30,12,6,6,
22. Febr. 2021 05:45,15,8,7,
22. Febr. 2021 06:00,32,22,10,
22. Febr. 2021 06:15,27,15,12,
22. Febr. 2021 06:30,43,32,11,
22. Febr. 2021 06:45,70,43,27,
22. Febr. 2021 07:00,77,39,38,
22. Febr. 2021 07:15,110,55,55,
22. Febr. 2021 07:30,164,107,57,
22. Febr. 2021 07:45,164,93,71,
22. Febr. 2021 08:00,159,92,67,
22. Febr. 2021 08:15,173,94,79,
22. Febr. 2021 08:30,170,91,79,
22. Febr. 2021 08:45,200,119,81,
22. Febr. 2021 09:00,146,82,64,
22. Febr. 2021 09:15,119,69,50,
22. Febr. 2021 09:30,128,71,57,
22. Febr. 2021 09:45,119,70,49,
22. Febr. 2021 10:00,94,56,38,
22. Febr. 2021 10:15,116,61,55,
22. Febr. 2021 10:30,94,55,39,
22. Febr. 2021 10:45,119,69,50,
22. Febr. 2021 11:00,106,49,57,
22. Febr. 2021 11:15,107,56,51,
22. Febr. 2021 11:30,127,63,64,
22. Febr. 2021 11:45,127,51,76,
22. Febr. 2021 12:00,142,72,70,
22. Febr. 2021 12:15,139,58,81,
22. Febr. 2021 12:30,151,74,77,
22. Febr. 2021 12:45,176,81,95,
22. Febr. 2021 13:00,199,91,108,
22. Febr. 2021 13:15,155,67,88,
22. Febr. 2021 13:30,185,102,83,
22. Febr. 2021 13:45,200,108,92,
22. Febr. 2021 14:00,182,98,84,
22. Febr. 2021 14:15,163,84,79,
22. Febr. 2021 14:30,218,129,89,
22. Febr. 2021 14:45,193,100,93,
22. Febr. 2021 15:00,166,83,83,
22. Febr. 2021 15:15,199,97,102,
22. Febr. 2021 15:30,234,100,134,
22. Febr. 2021 15:45,236,138,98,
22. Febr. 2021 16:00,205,97,108,
22. Febr. 2021 16:15,209,103,106,
22. Febr. 2021 16:30,236,126,110,
22. Febr. 2021 16:45,221,91,130,
22. Febr. 2021 17:00,191,93,98,
22. Febr. 2021 17:15,230,101,129,
22. Febr. 2021 17:30,190,97,93,
22. Febr. 2021 17:45,178,83,95,
22. Febr. 2021 18:00,159,72,87,
22. Febr. 2021 18:15,164,66,98,
22. Febr. 2021 18:30,121,47,74,
22. Febr. 2021 18:45,131,57,74,
22. Febr. 2021 19:00,100,42,58,
22. Febr. 2021 19:15,74,34,40,
22. Febr. 2021 19:30,68,37,31,
22. Febr. 2021 19:45,51,27,24,
22. Febr. 2021 20:00,43,18,25,
22. Febr. 2021 20:15,35,17,18,
22. Febr. 2021 20:30,31,20,11,
22. Febr. 2021 20:45,32,13,19,
22. Febr. 2021 21:00,22,14,8,
22. Febr. 2021 21:15,29,15,14,
22. Febr. 2021 21:30,29,9,20,
22. Febr. 2021 21:45,17,9,8,
22. Febr. 2021 22:00,25,13,12,
22. Febr. 2021 22:15,24,13,11,
22. Febr. 2021 22:30,13,5,8,
22. Febr. 2021 22:45,15,3,12,
22. Febr. 2021 23:00,6,2,4,
22. Febr. 2021 23:15,2,1,1,
22. Febr. 2021 23:30,4,1,3,
22. Febr. 2021 23:45,7,3,4,
23. Febr. 2021 00:00,4,4,0,
23. Febr. 2021 00:15,4,2,2,
23. Febr. 2021 00:30,2,2,0,
23. Febr. 2021 00:45,3,2,1,
23. Febr. 2021 01:00,5,3,2,
23. Febr. 2021 01:15,0,0,0,
23. Febr. 2021 01:30,1,1,0,
23. Febr. 2021 01:45,5,4,1,
23. Febr. 2021 02:00,0,0,0,
23. Febr. 2021 02:15,2,1,1,
23. Febr. 2021 02:30,1,1,0,
23. Febr. 2021 02:45,0,0,0,
23. Febr. 2021 03:00,1,1,0,
23. Febr. 2021 03:15,1,1,0,
23. Febr. 2021 03:30,1,1,0,
23. Febr. 2021 03:45,1,1,0,
23. Febr. 2021 04:00,0,0,0,
23. Febr. 2021 04:15,0,0,0,
23. Febr. 2021 04:30,1,1,0,
23. Febr. 2021 04:45,6,2,4,
23. Febr. 2021 05:00,8,7,1,
23. Febr. 2021 05:15,5,2,3,
23. Febr. 2021 05:30,16,10,6,
23. Febr. 2021 05:45,23,16,7,
23. Febr. 2021 06:00,25,15,10,
23. Febr. 2021 06:15,29,21,8,
23. Febr. 2021 06:30,56,34,22,
23. Febr. 2021 06:45,55,29,26,
23. Febr. 2021 07:00,73,46,27,
23. Febr. 2021 07:15,95,48,47,
23. Febr. 2021 07:30,231,155,76,
23. Febr. 2021 07:45,196,103,93,
23. Febr. 2021 08:00,159,91,68,
23. Febr. 2021 08:15,216,117,99,
23. Febr. 2021 08:30,193,115,78,
23. Febr. 2021 08:45,175,109,66,
23. Febr. 2021 09:00,147,88,59,
23. Febr. 2021 09:15,133,80,53,
23. Febr. 2021 09:30,115,70,45,
23. Febr. 2021 09:45,130,77,53,
23. Febr. 2021 10:00,113,69,44,
23. Febr. 2021 10:15,114,69,45,
23. Febr. 2021 10:30,129,69,60,
23. Febr. 2021 10:45,129,78,51,
23. Febr. 2021 11:00,109,41,68,
23. Febr. 2021 11:15,133,75,58,
23. Febr. 2021 11:30,116,60,56,
23. Febr. 2021 11:45,149,58,91,
23. Febr. 2021 12:00,166,80,86,
23. Febr. 2021 12:15,179,76,103,
23. Febr. 2021 12:30,180,87,93,
23. Febr. 2021 12:45,177,76,101,
23. Febr. 2021 13:00,215,92,123,
23. Febr. 2021 13:15,171,80,91,
23. Febr. 2021 13:30,183,83,100,
23. Febr. 2021 13:45,189,95,94,
23. Febr. 2021 14:00,164,87,77,
23. Febr. 2021 14:15,191,102,89,
23. Febr. 2021 14:30,190,106,84,
23. Febr. 2021 14:45,198,102,96,
23. Febr. 2021 15:00,203,103,100,
23. Febr. 2021 15:15,213,125,88,
23. Febr. 2021 15:30,216,126,90,
23. Febr. 2021 15:45,205,92,113,
23. Febr. 2021 16:00,204,110,94,
23. Febr. 2021 16:15,237,123,114,
23. Febr. 2021 16:30,228,111,117,
23. Febr. 2021 16:45,281,136,145,
23. Febr. 2021 17:00,253,120,133,
23. Febr. 2021 17:15,271,134,137,
23. Febr. 2021 17:30,214,105,109,
23. Febr. 2021 17:45,213,97,116,
23. Febr. 2021 18:00,210,82,128,
23. Febr. 2021 18:15,175,71,104,
23. Febr. 2021 18:30,147,69,78,
23. Febr. 2021 18:45,141,55,86,
23. Febr. 2021 19:00,106,45,61,
23. Febr. 2021 19:15,85,38,47,
23. Febr. 2021 19:30,75,41,34,
23. Febr. 2021 19:45,58,28,30,
23. Febr. 2021 20:00,41,18,23,
23. Febr. 2021 20:15,46,23,23,
23. Febr. 2021 20:30,34,22,12,
23. Febr. 2021 20:45,26,8,18,
23. Febr. 2021 21:00,18,11,7,
23. Febr. 2021 21:15,22,11,11,
23. Febr. 2021 21:30,18,10,8,
23. Febr. 2021 21:45,25,15,10,
23. Febr. 2021 22:00,25,12,13,
23. Febr. 2021 22:15,11,6,5,
23. Febr. 2021 22:30,16,9,7,
23. Febr. 2021 22:45,14,6,8,
23. Febr. 2021 23:00,22,13,9,
23. Febr. 2021 23:15,13,7,6,
23. Febr. 2021 23:30,13,8,5,
23. Febr. 2021 23:45,6,5,1,
24. Febr. 2021 00:00,12,7,5,
24. Febr. 2021 00:15,3,0,3,
24. Febr. 2021 00:30,6,2,4,
24. Febr. 2021 00:45,3,1,2,
24. Febr. 2021 01:00,3,3,0,
24. Febr. 2021 01:15,1,1,0,
24. Febr. 2021 01:30,2,2,0,
24. Febr. 2021 01:45,5,2,3,
24. Febr. 2021 02:00,1,1,0,
24. Febr. 2021 02:15,1,0,1,
24. Febr. 2021 02:30,2,0,2,
24. Febr. 2021 02:45,2,2,0,
24. Febr. 2021 03:00,0,0,0,
24. Febr. 2021 03:15,1,1,0,
24. Febr. 2021 03:30,1,0,1,
24. Febr. 2021 03:45,0,0,0,
24. Febr. 2021 04:00,1,1,0,
24. Febr. 2021 04:15,0,0,0,
24. Febr. 2021 04:30,1,1,0,
24. Febr. 2021 04:45,2,0,2,
24. Febr. 2021 05:00,5,4,1,
24. Febr. 2021 05:15,5,3,2,
24. Febr. 2021 05:30,17,11,6,
24. Febr. 2021 05:45,28,15,13,
24. Febr. 2021 06:00,25,17,8,
24. Febr. 2021 06:15,26,19,7,
24. Febr. 2021 06:30,60,32,28,
24. Febr. 2021 06:45,57,33,24,
24. Febr. 2021 07:00,88,47,41,
24. Febr. 2021 07:15,117,67,50,
24. Febr. 2021 07:30,159,99,60,
24. Febr. 2021 07:45,180,113,67,
24. Febr. 2021 08:00,154,83,71,
24. Febr. 2021 08:15,179,103,76,
24. Febr. 2021 08:30,207,114,93,
24. Febr. 2021 08:45,164,107,57,
24. Febr. 2021 09:00,125,75,50,
24. Febr. 2021 09:15,149,96,53,
24. Febr. 2021 09:30,115,78,37,
24. Febr. 2021 09:45,120,65,55,
24. Febr. 2021 10:00,106,66,40,
24. Febr. 2021 10:15,133,83,50,
24. Febr. 2021 10:30,104,57,47,
24. Febr. 2021 10:45,101,46,55,
24. Febr. 2021 11:00,115,59,56,
24. Febr. 2021 11:15,108,47,61,
24. Febr. 2021 11:30,121,65,56,
24. Febr. 2021 11:45,134,63,71,
24. Febr. 2021 12:00,154,77,77,
24. Febr. 2021 12:15,193,90,103,
24. Febr. 2021 12:30,177,70,107,
24. Febr. 2021 12:45,172,69,103,
24. Febr. 2021 13:00,205,89,116,
24. Febr. 2021 13:15,139,65,74,
24. Febr. 2021 13:30,184,85,99,
24. Febr. 2021 13:45,201,105,96,
24. Febr. 2021 14:00,194,94,100,
24. Febr. 2021 14:15,153,69,84,
24. Febr. 2021 14:30,171,86,85,
24. Febr. 2021 14:45,226,128,98,
24. Febr. 2021 15:00,191,94,97,
24. Febr. 2021 15:15,201,107,94,
24. Febr. 2021 15:30,196,87,109,
24. Febr. 2021 15:45,257,120,137,
24. Febr. 2021 16:00,255,133,122,
24. Febr. 2021 16:15,250,133,117,
24. Febr. 2021 16:30,243,125,118,
24. Febr. 2021 16:45,240,109,131,
24. Febr. 2021 17:00,224,101,123,
24. Febr. 2021 17:15,249,131,118,
24. Febr. 2021 17:30,201,92,109,
24. Febr. 2021 17:45,200,105,95,
24. Febr. 2021 18:00,196,85,111,
24. Febr. 2021 18:15,187,89,98,
24. Febr. 2021 18:30,149,65,84,
24. Febr. 2021 18:45,126,49,77,
24. Febr. 2021 19:00,121,63,58,
24. Febr. 2021 19:15,99,54,45,
24. Febr. 2021 19:30,61,27,34,
24. Febr. 2021 19:45,63,23,40,
24. Febr. 2021 20:00,68,35,33,
24. Febr. 2021 20:15,37,16,21,
24. Febr. 2021 20:30,32,16,16,
24. Febr. 2021 20:45,20,10,10,
24. Febr. 2021 21:00,23,11,12,
24. Febr. 2021 21:15,26,20,6,
24. Febr. 2021 21:30,21,7,14,
24. Febr. 2021 21:45,17,8,9,
24. Febr. 2021 22:00,17,9,8,
24. Febr. 2021 22:15,25,11,14,
24. Febr. 2021 22:30,20,13,7,
24. Febr. 2021 22:45,13,5,8,
24. Febr. 2021 23:00,22,11,11,
24. Febr. 2021 23:15,17,10,7,
24. Febr. 2021 23:30,10,6,4,
24. Febr. 2021 23:45,13,8,5,
25. Febr. 2021 00:00,7,5,2,
25. Febr. 2021 00:15,4,3,1,
25. Febr. 2021 00:30,7,1,6,
25. Febr. 2021 00:45,4,4,0,
25. Febr. 2021 01:00,2,2,0,
25. Febr. 2021 01:15,6,4,2,
25. Febr. 2021 01:30,2,0,2,
25. Febr. 2021 01:45,0,0,0,
25. Febr. 2021 02:00,1,1,0,
25. Febr. 2021 02:15,0,0,0,
25. Febr. 2021 02:30,1,1,0,
25. Febr. 2021 02:45,5,2,3,
25. Febr. 2021 03:00,1,1,0,
25. Febr. 2021 03:15,0,0,0,
25. Febr. 2021 03:30,0,0,0,
25. Febr. 2021 03:45,1,0,1,
25. Febr. 2021 04:00,2,0,2,
25. Febr. 2021 04:15,1,1,0,
25. Febr. 2021 04:30,3,2,1,
25. Febr. 2021 04:45,4,2,2,
25. Febr. 2021 05:00,5,4,1,
25. Febr. 2021 05:15,3,3,0,
25. Febr. 2021 05:30,18,13,5,
25. Febr. 2021 05:45,23,14,9,
25. Febr. 2021 06:00,20,11,9,
25. Febr. 2021 06:15,36,23,13,
25. Febr. 2021 06:30,49,30,19,
25. Febr. 2021 06:45,61,38,23,
25. Febr. 2021 07:00,85,47,38,
25. Febr. 2021 07:15,118,78,40,
25. Febr. 2021 07:30,162,103,59,
25. Febr. 2021 07:45,188,97,91,
25. Febr. 2021 08:00,157,79,78,
25. Febr. 2021 08:15,181,100,81,
25. Febr. 2021 08:30,178,102,76,
25. Febr. 2021 08:45,190,112,78,
25. Febr. 2021 09:00,142,82,60,
25. Febr. 2021 09:15,145,87,58,
25. Febr. 2021 09:30,106,64,42,
25. Febr. 2021 09:45,86,48,38,
25. Febr. 2021 10:00,110,64,46,
25. Febr. 2021 10:15,90,52,38,
25. Febr. 2021 10:30,94,53,41,
25. Febr. 2021 10:45,101,61,40,
25. Febr. 2021 11:00,131,62,69,
25. Febr. 2021 11:15,138,68,70,
25. Febr. 2021 11:30,118,51,67,
25. Febr. 2021 11:45,127,76,51,
25. Febr. 2021 12:00,175,71,104,
25. Febr. 2021 12:15,165,81,84,
25. Febr. 2021 12:30,198,87,111,
25. Febr. 2021 12:45,177,71,106,
25. Febr. 2021 13:00,196,69,127,
25. Febr. 2021 13:15,170,87,83,
25. Febr. 2021 13:30,171,79,92,
25. Febr. 2021 13:45,195,110,85,
25. Febr. 2021 14:00,174,80,94,
25. Febr. 2021 14:15,187,96,91,
25. Febr. 2021 14:30,184,102,82,
25. Febr. 2021 14:45,216,107,109,
25. Febr. 2021 15:00,215,110,105,
25. Febr. 2021 15:15,212,122,90,
25. Febr. 2021 15:30,223,114,109,
25. Febr. 2021 15:45,242,133,109,
25. Febr. 2021 16:00,228,117,111,
25. Febr. 2021 16:15,274,139,135,
25. Febr. 2021 16:30,236,125,111,
25. Febr. 2021 16:45,247,126,121,
25. Febr. 2021 17:00,269,145,124,
25. Febr. 2021 17:15,274,128,146,
25. Febr. 2021 17:30,209,93,116,
25. Febr. 2021 17:45,212,88,124,
25. Febr. 2021 18:00,222,96,126,
25. Febr. 2021 18:15,174,82,92,
25. Febr. 2021 18:30,161,71,90,
25. Febr. 2021 18:45,137,53,84,
25. Febr. 2021 19:00,103,48,55,
25. Febr. 2021 19:15,96,44,52,
25. Febr. 2021 19:30,66,27,39,
25. Febr. 2021 19:45,76,42,34,
25. Febr. 2021 20:00,50,20,30,
25. Febr. 2021 20:15,44,25,19,
25. Febr. 2021 20:30,46,24,22,
25. Febr. 2021 20:45,26,15,11,
25. Febr. 2021 21:00,37,12,25,
25. Febr. 2021 21:15,17,9,8,
25. Febr. 2021 21:30,18,6,12,
25. Febr. 2021 21:45,26,18,8,
25. Febr. 2021 22:00,21,10,11,
25. Febr. 2021 22:15,22,7,15,
25. Febr. 2021 22:30,19,10,9,
25. Febr. 2021 22:45,20,11,9,
25. Febr. 2021 23:00,18,10,8,
25. Febr. 2021 23:15,11,8,3,
25. Febr. 2021 23:30,8,0,8,
25. Febr. 2021 23:45,8,4,4,
26. Febr. 2021 00:00,11,5,6,
26. Febr. 2021 00:15,4,1,3,
26. Febr. 2021 00:30,4,2,2,
26. Febr. 2021 00:45,4,3,1,
26. Febr. 2021 01:00,5,2,3,
26. Febr. 2021 01:15,6,4,2,
26. Febr. 2021 01:30,2,2,0,
26. Febr. 2021 01:45,3,1,2,
26. Febr. 2021 02:00,1,0,1,
26. Febr. 2021 02:15,2,0,2,
26. Febr. 2021 02:30,4,1,3,
26. Febr. 2021 02:45,2,0,2,
26. Febr. 2021 03:00,2,2,0,
26. Febr. 2021 03:15,0,0,0,
26. Febr. 2021 03:30,2,2,0,
26. Febr. 2021 03:45,0,0,0,
26. Febr. 2021 04:00,2,2,0,
26. Febr. 2021 04:15,0,0,0,
26. Febr. 2021 04:30,1,1,0,
26. Febr. 2021 04:45,3,1,2,
26. Febr. 2021 05:00,3,3,0,
26. Febr. 2021 05:15,1,0,1,
26. Febr. 2021 05:30,18,12,6,
26. Febr. 2021 05:45,18,8,10,
26. Febr. 2021 06:00,26,17,9,
26. Febr. 2021 06:15,22,14,8,
26. Febr. 2021 06:30,36,23,13,
26. Febr. 2021 06:45,54,31,23,
26. Febr. 2021 07:00,64,39,25,
26. Febr. 2021 07:15,107,60,47,
26. Febr. 2021 07:30,178,116,62,
26. Febr. 2021 07:45,190,114,76,
26. Febr. 2021 08:00,146,79,67,
26. Febr. 2021 08:15,163,101,62,
26. Febr. 2021 08:30,170,100,70,
26. Febr. 2021 08:45,160,89,71,
26. Febr. 2021 09:00,154,97,57,
26. Febr. 2021 09:15,155,100,55,
26. Febr. 2021 09:30,135,83,52,
26. Febr. 2021 09:45,169,96,73,
26. Febr. 2021 10:00,144,83,61,
26. Febr. 2021 10:15,167,108,59,
26. Febr. 2021 10:30,125,70,55,
26. Febr. 2021 10:45,138,70,68,
26. Febr. 2021 11:00,148,79,69,
26. Febr. 2021 11:15,177,81,96,
26. Febr. 2021 11:30,129,59,70,
26. Febr. 2021 11:45,175,83,92,
26. Febr. 2021 12:00,178,80,98,
26. Febr. 2021 12:15,189,78,111,
26. Febr. 2021 12:30,195,90,105,
26. Febr. 2021 12:45,185,77,108,
26. Febr. 2021 13:00,233,100,133,
26. Febr. 2021 13:15,186,75,111,
26. Febr. 2021 13:30,168,64,104,
26. Febr. 2021 13:45,189,94,95,
26. Febr. 2021 14:00,199,97,102,
26. Febr. 2021 14:15,160,90,70,
26. Febr. 2021 14:30,178,100,78,
26. Febr. 2021 14:45,241,122,119,
26. Febr. 2021 15:00,191,92,99,
26. Febr. 2021 15:15,173,91,82,
26. Febr. 2021 15:30,182,90,92,
26. Febr. 2021 15:45,196,100,96,
26. Febr. 2021 16:00,180,92,88,
26. Febr. 2021 16:15,193,86,107,
26. Febr. 2021 16:30,204,107,97,
26. Febr. 2021 16:45,171,80,91,
26. Febr. 2021 17:00,189,90,99,
26. Febr. 2021 17:15,179,68,111,
26. Febr. 2021 17:30,193,103,90,
26. Febr. 2021 17:45,169,68,101,
26. Febr. 2021 18:00,152,68,84,
26. Febr. 2021 18:15,143,65,78,
26. Febr. 2021 18:30,127,61,66,
26. Febr. 2021 18:45,128,68,60,
26. Febr. 2021 19:00,86,42,44,
26. Febr. 2021 19:15,73,35,38,
26. Febr. 2021 19:30,61,24,37,
26. Febr. 2021 19:45,51,24,27,
26. Febr. 2021 20:00,59,28,31,
26. Febr. 2021 20:15,40,23,17,
26. Febr. 2021 20:30,32,19,13,
26. Febr. 2021 20:45,37,15,22,
26. Febr. 2021 21:00,23,12,11,
26. Febr. 2021 21:15,11,5,6,
26. Febr. 2021 21:30,39,15,24,
26. Febr. 2021 21:45,31,20,11,
26. Febr. 2021 22:00,27,18,9,
26. Febr. 2021 22:15,25,11,14,
26. Febr. 2021 22:30,21,12,9,
26. Febr. 2021 22:45,13,9,4,
26. Febr. 2021 23:00,15,8,7,
26. Febr. 2021 23:15,14,7,7,
26. Febr. 2021 23:30,14,8,6,
26. Febr. 2021 23:45,13,8,5,
27. Febr. 2021 00:00,20,11,9,
27. Febr. 2021 00:15,19,11,8,
27. Febr. 2021 00:30,17,9,8,
27. Febr. 2021 00:45,9,5,4,
27. Febr. 2021 01:00,11,6,5,
27. Febr. 2021 01:15,12,1,11,
27. Febr. 2021 01:30,9,5,4,
27. Febr. 2021 01:45,8,4,4,
27. Febr. 2021 02:00,5,3,2,
27. Febr. 2021 02:15,5,3,2,
27. Febr. 2021 02:30,3,0,3,
27. Febr. 2021 02:45,6,0,6,
27. Febr. 2021 03:00,2,2,0,
27. Febr. 2021 03:15,6,2,4,
27. Febr. 2021 03:30,6,3,3,
27. Febr. 2021 03:45,1,1,0,
27. Febr. 2021 04:00,0,0,0,
27. Febr. 2021 04:15,2,0,2,
27. Febr. 2021 04:30,0,0,0,
27. Febr. 2021 04:45,2,0,2,
27. Febr. 2021 05:00,1,1,0,
27. Febr. 2021 05:15,6,4,2,
27. Febr. 2021 05:30,2,1,1,
27. Febr. 2021 05:45,13,4,9,
27. Febr. 2021 06:00,10,9,1,
27. Febr. 2021 06:15,6,6,0,
27. Febr. 2021 06:30,7,5,2,
27. Febr. 2021 06:45,10,4,6,
27. Febr. 2021 07:00,10,5,5,
27. Febr. 2021 07:15,15,6,9,
27. Febr. 2021 07:30,13,4,9,
27. Febr. 2021 07:45,18,11,7,
27. Febr. 2021 08:00,27,13,14,
27. Febr. 2021 08:15,31,21,10,
27. Febr. 2021 08:30,31,12,19,
27. Febr. 2021 08:45,71,48,23,
27. Febr. 2021 09:00,60,41,19,
27. Febr. 2021 09:15,61,28,33,
27. Febr. 2021 09:30,62,39,23,
27. Febr. 2021 09:45,74,40,34,
27. Febr. 2021 10:00,96,48,48,
27. Febr. 2021 10:15,88,46,42,
27. Febr. 2021 10:30,88,52,36,
27. Febr. 2021 10:45,127,61,66,
27. Febr. 2021 11:00,105,53,52,
27. Febr. 2021 11:15,150,71,79,
27. Febr. 2021 11:30,115,59,56,
27. Febr. 2021 11:45,142,73,69,
27. Febr. 2021 12:00,106,53,53,
27. Febr. 2021 12:15,146,62,84,
27. Febr. 2021 12:30,133,60,73,
27. Febr. 2021 12:45,134,61,73,
27. Febr. 2021 13:00,158,95,63,
27. Febr. 2021 13:15,96,46,50,
27. Febr. 2021 13:30,139,63,76,
27. Febr. 2021 13:45,159,60,99,
27. Febr. 2021 14:00,172,55,117,
27. Febr. 2021 14:15,280,58,222,
27. Febr. 2021 14:30,215,52,163,
27. Febr. 2021 14:45,178,71,107,
27. Febr. 2021 15:00,189,84,105,
27. Febr. 2021 15:15,168,77,91,
27. Febr. 2021 15:30,143,76,67,
27. Febr. 2021 15:45,131,73,58,
27. Febr. 2021 16:00,127,70,57,
27. Febr. 2021 16:15,99,46,53,
27. Febr. 2021 16:30,129,72,57,
27. Febr. 2021 16:45,105,65,40,
27. Febr. 2021 17:00,140,71,69,
27. Febr. 2021 17:15,131,73,58,
27. Febr. 2021 17:30,122,68,54,
27. Febr. 2021 17:45,155,76,79,
27. Febr. 2021 18:00,119,47,72,
27. Febr. 2021 18:15,86,51,35,
27. Febr. 2021 18:30,76,39,37,
27. Febr. 2021 18:45,87,58,29,
27. Febr. 2021 19:00,72,39,33,
27. Febr. 2021 19:15,61,20,41,
27. Febr. 2021 19:30,44,23,21,
27. Febr. 2021 19:45,46,24,22,
27. Febr. 2021 20:00,46,31,15,
27. Febr. 2021 20:15,24,14,10,
27. Febr. 2021 20:30,34,17,17,
27. Febr. 2021 20:45,23,10,13,
27. Febr. 2021 21:00,29,11,18,
27. Febr. 2021 21:15,27,19,8,
27. Febr. 2021 21:30,23,12,11,
27. Febr. 2021 21:45,19,11,8,
27. Febr. 2021 22:00,15,11,4,
27. Febr. 2021 22:15,13,9,4,
27. Febr. 2021 22:30,8,4,4,
27. Febr. 2021 22:45,18,7,11,
27. Febr. 2021 23:00,26,11,15,
27. Febr. 2021 23:15,12,5,7,
27. Febr. 2021 23:30,16,8,8,
27. Febr. 2021 23:45,19,7,12,
28. Febr. 2021 00:00,24,10,14,
28. Febr. 2021 00:15,11,7,4,
28. Febr. 2021 00:30,14,5,9,
28. Febr. 2021 00:45,8,5,3,
28. Febr. 2021 01:00,10,3,7,
28. Febr. 2021 01:15,7,3,4,
28. Febr. 2021 01:30,10,3,7,
28. Febr. 2021 01:45,9,3,6,
28. Febr. 2021 02:00,7,3,4,
28. Febr. 2021 02:15,4,3,1,
28. Febr. 2021 02:30,0,0,0,
28. Febr. 2021 02:45,4,3,1,
28. Febr. 2021 03:00,5,1,4,
28. Febr. 2021 03:15,4,1,3,
28. Febr. 2021 03:30,11,6,5,
28. Febr. 2021 03:45,4,2,2,
28. Febr. 2021 04:00,3,1,2,
28. Febr. 2021 04:15,1,1,0,
28. Febr. 2021 04:30,1,0,1,
28. Febr. 2021 04:45,0,0,0,
28. Febr. 2021 05:00,2,1,1,
28. Febr. 2021 05:15,0,0,0,
28. Febr. 2021 05:30,4,3,1,
28. Febr. 2021 05:45,6,1,5,
28. Febr. 2021 06:00,6,5,1,
28. Febr. 2021 06:15,2,0,2,
28. Febr. 2021 06:30,7,6,1,
28. Febr. 2021 06:45,6,3,3,
28. Febr. 2021 07:00,5,3,2,
28. Febr. 2021 07:15,9,5,4,
28. Febr. 2021 07:30,9,7,2,
28. Febr. 2021 07:45,10,6,4,
28. Febr. 2021 08:00,11,2,9,
28. Febr. 2021 08:15,17,9,8,
28. Febr. 2021 08:30,16,8,8,
28. Febr. 2021 08:45,29,17,12,
28. Febr. 2021 09:00,25,14,11,
28. Febr. 2021 09:15,31,21,10,
28. Febr. 2021 09:30,40,17,23,
28. Febr. 2021 09:45,60,32,28,
28. Febr. 2021 10:00,43,29,14,
28. Febr. 2021 10:15,47,17,30,
28. Febr. 2021 10:30,67,32,35,
28. Febr. 2021 10:45,61,25,36,
28. Febr. 2021 11:00,54,24,30,
28. Febr. 2021 11:15,61,19,42,
28. Febr. 2021 11:30,70,27,43,
28. Febr. 2021 11:45,85,48,37,
28. Febr. 2021 12:00,76,34,42,
28. Febr. 2021 12:15,111,50,61,
28. Febr. 2021 12:30,109,34,75,
28. Febr. 2021 12:45,108,61,47,
28. Febr. 2021 13:00,110,41,69,
28. Febr. 2021 13:15,106,54,52,
28. Febr. 2021 13:30,122,45,77,
28. Febr. 2021 13:45,135,68,67,
28. Febr. 2021 14:00,140,62,78,
28. Febr. 2021 14:15,138,82,56,
28. Febr. 2021 14:30,185,90,95,
28. Febr. 2021 14:45,185,115,70,
28. Febr. 2021 15:00,197,111,86,
28. Febr. 2021 15:15,126,61,65,
28. Febr. 2021 15:30,150,75,75,
28. Febr. 2021 15:45,146,78,68,
28. Febr. 2021 16:00,154,97,57,
28. Febr. 2021 16:15,159,86,73,
28. Febr. 2021 16:30,148,92,56,
28. Febr. 2021 16:45,138,68,70,
28. Febr. 2021 17:00,145,82,63,
28. Febr. 2021 17:15,177,87,90,
28. Febr. 2021 17:30,118,56,62,
28. Febr. 2021 17:45,153,84,69,
28. Febr. 2021 18:00,123,76,47,
28. Febr. 2021 18:15,99,60,39,
28. Febr. 2021 18:30,85,44,41,
28. Febr. 2021 18:45,60,34,26,
28. Febr. 2021 19:00,47,23,24,
28. Febr. 2021 19:15,48,23,25,
28. Febr. 2021 19:30,43,23,20,
28. Febr. 2021 19:45,29,15,14,
28. Febr. 2021 20:00,32,20,12,
28. Febr. 2021 20:15,30,12,18,
28. Febr. 2021 20:30,22,11,11,
28. Febr. 2021 20:45,18,4,14,
28. Febr. 2021 21:00,20,9,11,
28. Febr. 2021 21:15,20,10,10,
28. Febr. 2021 21:30,19,12,7,
28. Febr. 2021 21:45,17,9,8,
28. Febr. 2021 22:00,19,4,15,
28. Febr. 2021 22:15,16,6,10,
28. Febr. 2021 22:30,10,6,4,
28. Febr. 2021 22:45,9,7,2,
28. Febr. 2021 23:00,8,4,4,
28. Febr. 2021 23:15,7,4,3,
28. Febr. 2021 23:30,6,2,4,
28. Febr. 2021 23:45,3,1,2,
1. Mrz. 2021 00:00,4,3,1,
1. Mrz. 2021 00:15,3,2,1,
1. Mrz. 2021 00:30,2,2,0,
1. Mrz. 2021 00:45,5,5,0,
1. Mrz. 2021 01:00,0,0,0,
1. Mrz. 2021 01:15,0,0,0,
1. Mrz. 2021 01:30,2,0,2,
1. Mrz. 2021 01:45,1,0,1,
1. Mrz. 2021 02:00,0,0,0,
1. Mrz. 2021 02:15,0,0,0,
1. Mrz. 2021 02:30,0,0,0,
1. Mrz. 2021 02:45,0,0,0,
1. Mrz. 2021 03:00,0,0,0,
1. Mrz. 2021 03:15,0,0,0,
1. Mrz. 2021 03:30,1,1,0,
1. Mrz. 2021 03:45,0,0,0,
1. Mrz. 2021 04:00,0,0,0,
1. Mrz. 2021 04:15,1,1,0,
1. Mrz. 2021 04:30,2,1,1,
1. Mrz. 2021 04:45,6,2,4,
1. Mrz. 2021 05:00,2,2,0,
1. Mrz. 2021 05:15,3,2,1,
1. Mrz. 2021 05:30,8,4,4,
1. Mrz. 2021 05:45,16,9,7,
1. Mrz. 2021 06:00,34,24,10,
1. Mrz. 2021 06:15,31,17,14,
1. Mrz. 2021 06:30,40,26,14,
1. Mrz. 2021 06:45,61,35,26,
1. Mrz. 2021 07:00,78,44,34,
1. Mrz. 2021 07:15,101,62,39,
1. Mrz. 2021 07:30,196,140,56,
1. Mrz. 2021 07:45,199,117,82,
1. Mrz. 2021 08:00,155,87,68,
1. Mrz. 2021 08:15,204,113,91,
1. Mrz. 2021 08:30,186,87,99,
1. Mrz. 2021 08:45,163,97,66,
1. Mrz. 2021 09:00,124,73,51,
1. Mrz. 2021 09:15,142,78,64,
1. Mrz. 2021 09:30,103,43,60,
1. Mrz. 2021 09:45,134,83,51,
1. Mrz. 2021 10:00,108,58,50,
1. Mrz. 2021 10:15,109,54,55,
1. Mrz. 2021 10:30,110,62,48,
1. Mrz. 2021 10:45,104,59,45,
1. Mrz. 2021 11:00,118,51,67,
1. Mrz. 2021 11:15,145,78,67,
1. Mrz. 2021 11:30,136,78,58,
1. Mrz. 2021 11:45,138,73,65,
1. Mrz. 2021 12:00,136,57,79,
1. Mrz. 2021 12:15,135,66,69,
1. Mrz. 2021 12:30,182,88,94,
1. Mrz. 2021 12:45,169,69,100,
1. Mrz. 2021 13:00,223,102,121,
1. Mrz. 2021 13:15,171,88,83,
1. Mrz. 2021 13:30,194,99,95,
1. Mrz. 2021 13:45,205,113,92,
1. Mrz. 2021 14:00,152,76,76,
1. Mrz. 2021 14:15,166,88,78,
1. Mrz. 2021 14:30,161,92,69,
1. Mrz. 2021 14:45,214,120,94,
1. Mrz. 2021 15:00,195,86,109,
1. Mrz. 2021 15:15,198,105,93,
1. Mrz. 2021 15:30,219,109,110,
1. Mrz. 2021 15:45,201,104,97,
1. Mrz. 2021 16:00,237,121,116,
1. Mrz. 2021 16:15,203,92,111,
1. Mrz. 2021 16:30,191,94,97,
1. Mrz. 2021 16:45,229,124,105,
1. Mrz. 2021 17:00,254,129,125,
1. Mrz. 2021 17:15,245,99,146,
1. Mrz. 2021 17:30,203,97,106,
1. Mrz. 2021 17:45,216,88,128,
1. Mrz. 2021 18:00,216,98,118,
1. Mrz. 2021 18:15,160,51,109,
1. Mrz. 2021 18:30,143,74,69,
1. Mrz. 2021 18:45,130,61,69,
1. Mrz. 2021 19:00,104,43,61,
1. Mrz. 2021 19:15,86,34,52,
1. Mrz. 2021 19:30,69,31,38,
1. Mrz. 2021 19:45,63,32,31,
1. Mrz. 2021 20:00,49,23,26,
1. Mrz. 2021 20:15,43,19,24,
1. Mrz. 2021 20:30,34,21,13,
1. Mrz. 2021 20:45,30,20,10,
1. Mrz. 2021 21:00,21,13,8,
1. Mrz. 2021 21:15,17,13,4,
1. Mrz. 2021 21:30,24,10,14,
1. Mrz. 2021 21:45,12,6,6,
1. Mrz. 2021 22:00,24,9,15,
1. Mrz. 2021 22:15,11,8,3,
1. Mrz. 2021 22:30,9,2,7,
1. Mrz. 2021 22:45,7,4,3,
1. Mrz. 2021 23:00,12,7,5,
1. Mrz. 2021 23:15,9,5,4,
1. Mrz. 2021 23:30,6,4,2,
1. Mrz. 2021 23:45,6,4,2,
2. Mrz. 2021 00:00,2,0,2,
2. Mrz. 2021 00:15,0,0,0,
2. Mrz. 2021 00:30,1,0,1,
2. Mrz. 2021 00:45,4,3,1,
2. Mrz. 2021 01:00,5,1,4,
2. Mrz. 2021 01:15,3,1,2,
2. Mrz. 2021 01:30,1,0,1,
2. Mrz. 2021 01:45,4,3,1,
2. Mrz. 2021 02:00,0,0,0,
2. Mrz. 2021 02:15,2,0,2,
2. Mrz. 2021 02:30,0,0,0,
2. Mrz. 2021 02:45,2,0,2,
2. Mrz. 2021 03:00,1,0,1,
2. Mrz. 2021 03:15,1,0,1,
2. Mrz. 2021 03:30,2,1,1,
2. Mrz. 2021 03:45,1,1,0,
2. Mrz. 2021 04:00,1,1,0,
2. Mrz. 2021 04:15,1,0,1,
2. Mrz. 2021 04:30,2,2,0,
2. Mrz. 2021 04:45,2,0,2,
2. Mrz. 2021 05:00,4,4,0,
2. Mrz. 2021 05:15,3,2,1,
2. Mrz. 2021 05:30,12,6,6,
2. Mrz. 2021 05:45,25,13,12,
2. Mrz. 2021 06:00,27,16,11,
2. Mrz. 2021 06:15,35,18,17,
2. Mrz. 2021 06:30,46,32,14,
2. Mrz. 2021 06:45,78,44,34,
2. Mrz. 2021 07:00,82,43,39,
2. Mrz. 2021 07:15,118,65,53,
2. Mrz. 2021 07:30,203,134,69,
2. Mrz. 2021 07:45,219,121,98,
2. Mrz. 2021 08:00,181,98,83,
2. Mrz. 2021 08:15,180,98,82,
2. Mrz. 2021 08:30,222,120,102,
2. Mrz. 2021 08:45,170,100,70,
2. Mrz. 2021 09:00,152,99,53,
2. Mrz. 2021 09:15,141,79,62,
2. Mrz. 2021 09:30,134,78,56,
2. Mrz. 2021 09:45,129,72,57,
2. Mrz. 2021 10:00,123,76,47,
2. Mrz. 2021 10:15,121,67,54,
2. Mrz. 2021 10:30,104,59,45,
2. Mrz. 2021 10:45,139,88,51,
2. Mrz. 2021 11:00,140,77,63,
2. Mrz. 2021 11:15,126,58,68,
2. Mrz. 2021 11:30,123,61,62,
2. Mrz. 2021 11:45,156,86,70,
2. Mrz. 2021 12:00,158,58,100,
2. Mrz. 2021 12:15,172,81,91,
2. Mrz. 2021 12:30,172,72,100,
2. Mrz. 2021 12:45,209,103,106,
2. Mrz. 2021 13:00,209,89,120,
2. Mrz. 2021 13:15,148,60,88,
2. Mrz. 2021 13:30,163,73,90,
2. Mrz. 2021 13:45,212,114,98,
2. Mrz. 2021 14:00,159,70,89,
2. Mrz. 2021 14:15,186,102,84,
2. Mrz. 2021 14:30,199,103,96,
2. Mrz. 2021 14:45,194,111,83,
2. Mrz. 2021 15:00,184,85,99,
2. Mrz. 2021 15:15,223,114,109,
2. Mrz. 2021 15:30,192,88,104,
2. Mrz. 2021 15:45,215,101,114,
2. Mrz. 2021 16:00,213,113,100,
2. Mrz. 2021 16:15,221,119,102,
2. Mrz. 2021 16:30,212,120,92,
2. Mrz. 2021 16:45,244,95,149,
2. Mrz. 2021 17:00,242,121,121,
2. Mrz. 2021 17:15,286,138,148,
2. Mrz. 2021 17:30,250,138,112,
2. Mrz. 2021 17:45,219,82,137,
2. Mrz. 2021 18:00,234,89,145,
2. Mrz. 2021 18:15,185,88,97,
2. Mrz. 2021 18:30,138,56,82,
2. Mrz. 2021 18:45,133,50,83,
2. Mrz. 2021 19:00,120,52,68,
2. Mrz. 2021 19:15,79,46,33,
2. Mrz. 2021 19:30,70,28,42,
2. Mrz. 2021 19:45,65,27,38,
2. Mrz. 2021 20:00,63,22,41,
2. Mrz. 2021 20:15,55,25,30,
2. Mrz. 2021 20:30,31,17,14,
2. Mrz. 2021 20:45,26,16,10,
2. Mrz. 2021 21:00,22,10,12,
2. Mrz. 2021 21:15,14,5,9,
2. Mrz. 2021 21:30,18,8,10,
2. Mrz. 2021 21:45,18,6,12,
2. Mrz. 2021 22:00,18,12,6,
2. Mrz. 2021 22:15,13,4,9,
2. Mrz. 2021 22:30,12,3,9,
2. Mrz. 2021 22:45,12,4,8,
2. Mrz. 2021 23:00,6,3,3,
2. Mrz. 2021 23:15,11,6,5,
2. Mrz. 2021 23:30,16,9,7,
2. Mrz. 2021 23:45,5,5,0,
3. Mrz. 2021 00:00,5,1,4,
3. Mrz. 2021 00:15,7,4,3,
3. Mrz. 2021 00:30,1,0,1,
3. Mrz. 2021 00:45,2,2,0,
3. Mrz. 2021 01:00,3,2,1,
3. Mrz. 2021 01:15,1,0,1,
3. Mrz. 2021 01:30,0,0,0,
3. Mrz. 2021 01:45,1,1,0,
3. Mrz. 2021 02:00,2,2,0,
3. Mrz. 2021 02:15,2,2,0,
3. Mrz. 2021 02:30,0,0,0,
3. Mrz. 2021 02:45,0,0,0,
3. Mrz. 2021 03:00,0,0,0,
3. Mrz. 2021 03:15,3,2,1,
3. Mrz. 2021 03:30,1,1,0,
3. Mrz. 2021 03:45,1,0,1,
3. Mrz. 2021 04:00,0,0,0,
3. Mrz. 2021 04:15,0,0,0,
3. Mrz. 2021 04:30,2,2,0,
3. Mrz. 2021 04:45,2,1,1,
3. Mrz. 2021 05:00,4,4,0,
3. Mrz. 2021 05:15,5,4,1,
3. Mrz. 2021 05:30,20,10,10,
3. Mrz. 2021 05:45,20,9,11,
3. Mrz. 2021 06:00,26,16,10,
3. Mrz. 2021 06:15,26,19,7,
3. Mrz. 2021 06:30,52,29,23,
3. Mrz. 2021 06:45,59,35,24,
3. Mrz. 2021 07:00,79,42,37,
3. Mrz. 2021 07:15,100,65,35,
3. Mrz. 2021 07:30,165,93,72,
3. Mrz. 2021 07:45,191,115,76,
3. Mrz. 2021 08:00,169,80,89,
3. Mrz. 2021 08:15,199,115,84,
3. Mrz. 2021 08:30,188,101,87,
3. Mrz. 2021 08:45,206,124,82,
3. Mrz. 2021 09:00,122,72,50,
3. Mrz. 2021 09:15,159,97,62,
3. Mrz. 2021 09:30,128,80,48,
3. Mrz. 2021 09:45,129,79,50,
3. Mrz. 2021 10:00,113,60,53,
3. Mrz. 2021 10:15,106,52,54,
3. Mrz. 2021 10:30,103,51,52,
3. Mrz. 2021 10:45,117,62,55,
3. Mrz. 2021 11:00,128,70,58,
3. Mrz. 2021 11:15,127,63,64,
3. Mrz. 2021 11:30,123,69,54,
3. Mrz. 2021 11:45,120,61,59,
3. Mrz. 2021 12:00,137,67,70,
3. Mrz. 2021 12:15,153,63,90,
3. Mrz. 2021 12:30,167,78,89,
3. Mrz. 2021 12:45,145,72,73,
3. Mrz. 2021 13:00,196,76,120,
3. Mrz. 2021 13:15,174,77,97,
3. Mrz. 2021 13:30,147,66,81,
3. Mrz. 2021 13:45,180,97,83,
3. Mrz. 2021 14:00,183,91,92,
3. Mrz. 2021 14:15,152,83,69,
3. Mrz. 2021 14:30,158,87,71,
3. Mrz. 2021 14:45,175,87,88,
3. Mrz. 2021 15:00,175,79,96,
3. Mrz. 2021 15:15,170,80,90,
3. Mrz. 2021 15:30,170,80,90,
3. Mrz. 2021 15:45,161,86,75,
3. Mrz. 2021 16:00,195,88,107,
3. Mrz. 2021 16:15,196,92,104,
3. Mrz. 2021 16:30,211,106,105,
3. Mrz. 2021 16:45,186,90,96,
3. Mrz. 2021 17:00,209,102,107,
3. Mrz. 2021 17:15,199,97,102,
3. Mrz. 2021 17:30,201,102,99,
3. Mrz. 2021 17:45,185,84,101,
3. Mrz. 2021 18:00,162,61,101,
3. Mrz. 2021 18:15,167,84,83,
3. Mrz. 2021 18:30,125,57,68,
3. Mrz. 2021 18:45,112,44,68,
3. Mrz. 2021 19:00,121,57,64,
3. Mrz. 2021 19:15,73,45,28,
3. Mrz. 2021 19:30,74,26,48,
3. Mrz. 2021 19:45,64,33,31,
3. Mrz. 2021 20:00,48,27,21,
3. Mrz. 2021 20:15,35,18,17,
3. Mrz. 2021 20:30,53,21,32,
3. Mrz. 2021 20:45,25,13,12,
3. Mrz. 2021 21:00,31,16,15,
3. Mrz. 2021 21:15,16,8,8,
3. Mrz. 2021 21:30,30,20,10,
3. Mrz. 2021 21:45,30,17,13,
3. Mrz. 2021 22:00,24,12,12,
3. Mrz. 2021 22:15,5,3,2,
3. Mrz. 2021 22:30,17,10,7,
3. Mrz. 2021 22:45,17,11,6,
3. Mrz. 2021 23:00,7,4,3,
3. Mrz. 2021 23:15,7,3,4,
3. Mrz. 2021 23:30,2,1,1,
3. Mrz. 2021 23:45,7,3,4,
4. Mrz. 2021 00:00,11,5,6,
4. Mrz. 2021 00:15,5,1,4,
4. Mrz. 2021 00:30,3,0,3,
4. Mrz. 2021 00:45,4,2,2,
4. Mrz. 2021 01:00,4,1,3,
4. Mrz. 2021 01:15,0,0,0,
4. Mrz. 2021 01:30,1,0,1,
4. Mrz. 2021 01:45,0,0,0,
4. Mrz. 2021 02:00,1,0,1,
4. Mrz. 2021 02:15,2,2,0,
4. Mrz. 2021 02:30,3,1,2,
4. Mrz. 2021 02:45,2,2,0,
4. Mrz. 2021 03:00,2,2,0,
4. Mrz. 2021 03:15,1,0,1,
4. Mrz. 2021 03:30,0,0,0,
4. Mrz. 2021 03:45,0,0,0,
4. Mrz. 2021 04:00,1,1,0,
4. Mrz. 2021 04:15,1,0,1,
4. Mrz. 2021 04:30,3,3,0,
4. Mrz. 2021 04:45,4,2,2,
4. Mrz. 2021 05:00,5,2,3,
4. Mrz. 2021 05:15,4,3,1,
4. Mrz. 2021 05:30,12,5,7,
4. Mrz. 2021 05:45,21,13,8,
4. Mrz. 2021 06:00,24,13,11,
4. Mrz. 2021 06:15,28,21,7,
4. Mrz. 2021 06:30,43,25,18,
4. Mrz. 2021 06:45,64,40,24,
4. Mrz. 2021 07:00,61,33,28,
4. Mrz. 2021 07:15,128,79,49,
4. Mrz. 2021 07:30,194,124,70,
4. Mrz. 2021 07:45,188,105,83,
4. Mrz. 2021 08:00,191,87,104,
4. Mrz. 2021 08:15,176,107,69,
4. Mrz. 2021 08:30,162,99,63,
4. Mrz. 2021 08:45,177,90,87,
4. Mrz. 2021 09:00,139,82,57,
4. Mrz. 2021 09:15,154,94,60,
4. Mrz. 2021 09:30,122,63,59,
4. Mrz. 2021 09:45,78,47,31,
4. Mrz. 2021 10:00,111,57,54,
4. Mrz. 2021 10:15,98,61,37,
4. Mrz. 2021 10:30,112,52,60,
4. Mrz. 2021 10:45,101,61,40,
4. Mrz. 2021 11:00,121,69,52,
4. Mrz. 2021 11:15,121,51,70,
4. Mrz. 2021 11:30,145,80,65,
4. Mrz. 2021 11:45,133,70,63,
4. Mrz. 2021 12:00,121,56,65,
4. Mrz. 2021 12:15,159,61,98,
4. Mrz. 2021 12:30,157,70,87,
4. Mrz. 2021 12:45,168,78,90,
4. Mrz. 2021 13:00,217,88,129,
4. Mrz. 2021 13:15,140,74,66,
4. Mrz. 2021 13:30,147,75,72,
4. Mrz. 2021 13:45,163,87,76,
4. Mrz. 2021 14:00,166,68,98,
4. Mrz. 2021 14:15,151,86,65,
4. Mrz. 2021 14:30,152,74,78,
4. Mrz. 2021 14:45,183,100,83,
4. Mrz. 2021 15:00,164,86,78,
4. Mrz. 2021 15:15,156,78,78,
4. Mrz. 2021 15:30,202,98,104,
4. Mrz. 2021 15:45,193,102,91,
4. Mrz. 2021 16:00,199,97,102,
4. Mrz. 2021 16:15,199,103,96,
4. Mrz. 2021 16:30,203,112,91,
4. Mrz. 2021 16:45,186,91,95,
4. Mrz. 2021 17:00,195,91,104,
4. Mrz. 2021 17:15,199,91,108,
4. Mrz. 2021 17:30,171,79,92,
4. Mrz. 2021 17:45,165,75,90,
4. Mrz. 2021 18:00,189,91,98,
4. Mrz. 2021 18:15,161,76,85,
4. Mrz. 2021 18:30,131,50,81,
4. Mrz. 2021 18:45,131,47,84,
4. Mrz. 2021 19:00,110,39,71,
4. Mrz. 2021 19:15,73,32,41,
4. Mrz. 2021 19:30,67,31,36,
4. Mrz. 2021 19:45,54,25,29,
4. Mrz. 2021 20:00,54,29,25,
4. Mrz. 2021 20:15,44,17,27,
4. Mrz. 2021 20:30,28,12,16,
4. Mrz. 2021 20:45,30,16,14,
4. Mrz. 2021 21:00,19,11,8,
4. Mrz. 2021 21:15,26,15,11,
4. Mrz. 2021 21:30,13,7,6,
4. Mrz. 2021 21:45,15,6,9,
4. Mrz. 2021 22:00,19,12,7,
4. Mrz. 2021 22:15,17,13,4,
4. Mrz. 2021 22:30,22,12,10,
4. Mrz. 2021 22:45,13,5,8,
4. Mrz. 2021 23:00,9,3,6,
4. Mrz. 2021 23:15,6,1,5,
4. Mrz. 2021 23:30,17,10,7,
4. Mrz. 2021 23:45,5,3,2,
5. Mrz. 2021 00:00,6,3,3,
5. Mrz. 2021 00:15,6,4,2,
5. Mrz. 2021 00:30,6,6,0,
5. Mrz. 2021 00:45,1,1,0,
5. Mrz. 2021 01:00,1,1,0,
5. Mrz. 2021 01:15,3,2,1,
5. Mrz. 2021 01:30,1,1,0,
5. Mrz. 2021 01:45,3,2,1,
5. Mrz. 2021 02:00,5,3,2,
5. Mrz. 2021 02:15,0,0,0,
5. Mrz. 2021 02:30,3,1,2,
5. Mrz. 2021 02:45,2,1,1,
5. Mrz. 2021 03:00,0,0,0,
5. Mrz. 2021 03:15,0,0,0,
5. Mrz. 2021 03:30,1,1,0,
5. Mrz. 2021 03:45,0,0,0,
5. Mrz. 2021 04:00,3,2,1,
5. Mrz. 2021 04:15,2,2,0,
5. Mrz. 2021 04:30,4,3,1,
5. Mrz. 2021 04:45,2,1,1,
5. Mrz. 2021 05:00,3,2,1,
5. Mrz. 2021 05:15,7,3,4,
5. Mrz. 2021 05:30,9,5,4,
5. Mrz. 2021 05:45,20,8,12,
5. Mrz. 2021 06:00,24,17,7,
5. Mrz. 2021 06:15,19,12,7,
5. Mrz. 2021 06:30,40,25,15,
5. Mrz. 2021 06:45,47,31,16,
5. Mrz. 2021 07:00,60,24,36,
5. Mrz. 2021 07:15,98,56,42,
5. Mrz. 2021 07:30,177,123,54,
5. Mrz. 2021 07:45,165,90,75,
5. Mrz. 2021 08:00,143,84,59,
5. Mrz. 2021 08:15,147,82,65,
5. Mrz. 2021 08:30,170,86,84,
5. Mrz. 2021 08:45,164,89,75,
5. Mrz. 2021 09:00,112,68,44,
5. Mrz. 2021 09:15,131,79,52,
5. Mrz. 2021 09:30,123,68,55,
5. Mrz. 2021 09:45,92,59,33,
5. Mrz. 2021 10:00,103,58,45,
5. Mrz. 2021 10:15,128,75,53,
5. Mrz. 2021 10:30,96,53,43,
5. Mrz. 2021 10:45,96,62,34,
5. Mrz. 2021 11:00,100,53,47,
5. Mrz. 2021 11:15,119,56,63,
5. Mrz. 2021 11:30,123,62,61,
5. Mrz. 2021 11:45,117,48,69,
5. Mrz. 2021 12:00,125,65,60,
5. Mrz. 2021 12:15,115,55,60,
5. Mrz. 2021 12:30,154,74,80,
5. Mrz. 2021 12:45,139,57,82,
5. Mrz. 2021 13:00,197,71,126,
5. Mrz. 2021 13:15,129,41,88,
5. Mrz. 2021 13:30,121,59,62,
5. Mrz. 2021 13:45,155,80,75,
5. Mrz. 2021 14:00,119,67,52,
5. Mrz. 2021 14:15,128,74,54,
5. Mrz. 2021 14:30,162,85,77,
5. Mrz. 2021 14:45,157,85,72,
5. Mrz. 2021 15:00,122,55,67,
5. Mrz. 2021 15:15,141,73,68,
5. Mrz. 2021 15:30,111,61,50,
5. Mrz. 2021 15:45,121,63,58,
5. Mrz. 2021 16:00,141,62,79,
5. Mrz. 2021 16:15,144,81,63,
5. Mrz. 2021 16:30,134,65,69,
5. Mrz. 2021 16:45,123,63,60,
5. Mrz. 2021 17:00,130,64,66,
5. Mrz. 2021 17:15,117,48,69,
5. Mrz. 2021 17:30,84,31,53,
5. Mrz. 2021 17:45,118,53,65,
5. Mrz. 2021 18:00,119,44,75,
5. Mrz. 2021 18:15,116,58,58,
5. Mrz. 2021 18:30,90,49,41,
5. Mrz. 2021 18:45,95,43,52,
5. Mrz. 2021 19:00,82,39,43,
5. Mrz. 2021 19:15,78,39,39,
5. Mrz. 2021 19:30,66,42,24,
5. Mrz. 2021 19:45,64,28,36,
5. Mrz. 2021 20:00,44,20,24,
5. Mrz. 2021 20:15,42,22,20,
5. Mrz. 2021 20:30,30,17,13,
5. Mrz. 2021 20:45,35,18,17,
5. Mrz. 2021 21:00,16,10,6,
5. Mrz. 2021 21:15,24,16,8,
5. Mrz. 2021 21:30,11,6,5,
5. Mrz. 2021 21:45,12,5,7,
5. Mrz. 2021 22:00,13,11,2,
5. Mrz. 2021 22:15,14,7,7,
5. Mrz. 2021 22:30,12,6,6,
5. Mrz. 2021 22:45,16,8,8,
5. Mrz. 2021 23:00,13,5,8,
5. Mrz. 2021 23:15,7,5,2,
5. Mrz. 2021 23:30,20,9,11,
5. Mrz. 2021 23:45,5,3,2,
6. Mrz. 2021 00:00,16,5,11,
6. Mrz. 2021 00:15,18,8,10,
6. Mrz. 2021 00:30,10,8,2,
6. Mrz. 2021 00:45,5,4,1,
6. Mrz. 2021 01:00,6,4,2,
6. Mrz. 2021 01:15,10,2,8,
6. Mrz. 2021 01:30,4,3,1,
6. Mrz. 2021 01:45,6,3,3,
6. Mrz. 2021 02:00,1,1,0,
6. Mrz. 2021 02:15,6,6,0,
6. Mrz. 2021 02:30,7,0,7,
6. Mrz. 2021 02:45,3,0,3,
6. Mrz. 2021 03:00,5,3,2,
6. Mrz. 2021 03:15,10,4,6,
6. Mrz. 2021 03:30,5,0,5,
6. Mrz. 2021 03:45,2,2,0,
6. Mrz. 2021 04:00,4,1,3,
6. Mrz. 2021 04:15,0,0,0,
6. Mrz. 2021 04:30,4,2,2,
6. Mrz. 2021 04:45,2,1,1,
6. Mrz. 2021 05:00,4,2,2,
6. Mrz. 2021 05:15,7,4,3,
6. Mrz. 2021 05:30,1,0,1,
6. Mrz. 2021 05:45,14,2,12,
6. Mrz. 2021 06:00,6,4,2,
6. Mrz. 2021 06:15,9,8,1,
6. Mrz. 2021 06:30,8,6,2,
6. Mrz. 2021 06:45,11,7,4,
6. Mrz. 2021 07:00,5,3,2,
6. Mrz. 2021 07:15,12,6,6,
6. Mrz. 2021 07:30,21,10,11,
6. Mrz. 2021 07:45,19,9,10,
6. Mrz. 2021 08:00,24,11,13,
6. Mrz. 2021 08:15,52,31,21,
6. Mrz. 2021 08:30,50,22,28,
6. Mrz. 2021 08:45,58,36,22,
6. Mrz. 2021 09:00,50,37,13,
6. Mrz. 2021 09:15,79,40,39,
6. Mrz. 2021 09:30,84,46,38,
6. Mrz. 2021 09:45,81,50,31,
6. Mrz. 2021 10:00,92,42,50,
6. Mrz. 2021 10:15,109,62,47,
6. Mrz. 2021 10:30,114,59,55,
6. Mrz. 2021 10:45,93,46,47,
6. Mrz. 2021 11:00,99,52,47,
6. Mrz. 2021 11:15,113,48,65,
6. Mrz. 2021 11:30,122,58,64,
6. Mrz. 2021 11:45,108,57,51,
6. Mrz. 2021 12:00,103,62,41,
6. Mrz. 2021 12:15,115,63,52,
6. Mrz. 2021 12:30,125,69,56,
6. Mrz. 2021 12:45,118,68,50,
6. Mrz. 2021 13:00,137,78,59,
6. Mrz. 2021 13:15,128,60,68,
6. Mrz. 2021 13:30,114,69,45,
6. Mrz. 2021 13:45,175,76,99,
6. Mrz. 2021 14:00,262,67,195,
6. Mrz. 2021 14:15,454,64,390,
6. Mrz. 2021 14:30,375,53,322,
6. Mrz. 2021 14:45,349,80,269,
6. Mrz. 2021 15:00,182,72,110,
6. Mrz. 2021 15:15,188,85,103,
6. Mrz. 2021 15:30,146,61,85,
6. Mrz. 2021 15:45,117,49,68,
6. Mrz. 2021 16:00,134,81,53,
6. Mrz. 2021 16:15,123,61,62,
6. Mrz. 2021 16:30,152,75,77,
6. Mrz. 2021 16:45,152,78,74,
6. Mrz. 2021 17:00,142,91,51,
6. Mrz. 2021 17:15,139,71,68,
6. Mrz. 2021 17:30,134,65,69,
6. Mrz. 2021 17:45,156,78,78,
6. Mrz. 2021 18:00,136,69,67,
6. Mrz. 2021 18:15,101,45,56,
6. Mrz. 2021 18:30,109,60,49,
6. Mrz. 2021 18:45,79,44,35,
6. Mrz. 2021 19:00,79,38,41,
6. Mrz. 2021 19:15,56,26,30,
6. Mrz. 2021 19:30,65,24,41,
6. Mrz. 2021 19:45,41,22,19,
6. Mrz. 2021 20:00,36,18,18,
6. Mrz. 2021 20:15,46,27,19,
6. Mrz. 2021 20:30,52,29,23,
6. Mrz. 2021 20:45,37,27,10,
6. Mrz. 2021 21:00,31,10,21,
6. Mrz. 2021 21:15,22,19,3,
6. Mrz. 2021 21:30,24,12,12,
6. Mrz. 2021 21:45,19,12,7,
6. Mrz. 2021 22:00,14,7,7,
6. Mrz. 2021 22:15,15,6,9,
6. Mrz. 2021 22:30,17,7,10,
6. Mrz. 2021 22:45,16,7,9,
6. Mrz. 2021 23:00,16,10,6,
6. Mrz. 2021 23:15,18,6,12,
6. Mrz. 2021 23:30,12,6,6,
6. Mrz. 2021 23:45,12,4,8,
7. Mrz. 2021 00:00,11,7,4,
7. Mrz. 2021 00:15,20,9,11,
7. Mrz. 2021 00:30,12,6,6,
7. Mrz. 2021 00:45,12,5,7,
7. Mrz. 2021 01:00,17,14,3,
7. Mrz. 2021 01:15,11,4,7,
7. Mrz. 2021 01:30,12,10,2,
7. Mrz. 2021 01:45,8,1,7,
7. Mrz. 2021 02:00,3,1,2,
7. Mrz. 2021 02:15,7,3,4,
7. Mrz. 2021 02:30,4,3,1,
7. Mrz. 2021 02:45,7,0,7,
7. Mrz. 2021 03:00,4,2,2,
7. Mrz. 2021 03:15,4,3,1,
7. Mrz. 2021 03:30,3,0,3,
7. Mrz. 2021 03:45,8,5,3,
7. Mrz. 2021 04:00,3,2,1,
7. Mrz. 2021 04:15,4,1,3,
7. Mrz. 2021 04:30,1,0,1,
7. Mrz. 2021 04:45,4,4,0,
7. Mrz. 2021 05:00,0,0,0,
7. Mrz. 2021 05:15,5,2,3,
7. Mrz. 2021 05:30,5,1,4,
7. Mrz. 2021 05:45,10,4,6,
7. Mrz. 2021 06:00,3,1,2,
7. Mrz. 2021 06:15,10,9,1,
7. Mrz. 2021 06:30,4,4,0,
7. Mrz. 2021 06:45,8,4,4,
7. Mrz. 2021 07:00,2,2,0,
7. Mrz. 2021 07:15,8,5,3,
7. Mrz. 2021 07:30,9,3,6,
7. Mrz. 2021 07:45,11,4,7,
7. Mrz. 2021 08:00,10,2,8,
7. Mrz. 2021 08:15,12,7,5,
7. Mrz. 2021 08:30,12,9,3,
7. Mrz. 2021 08:45,16,8,8,
7. Mrz. 2021 09:00,22,7,15,
7. Mrz. 2021 09:15,38,19,19,
7. Mrz. 2021 09:30,42,23,19,
7. Mrz. 2021 09:45,48,29,19,
7. Mrz. 2021 10:00,42,17,25,
7. Mrz. 2021 10:15,26,16,10,
7. Mrz. 2021 10:30,43,23,20,
7. Mrz. 2021 10:45,61,28,33,
7. Mrz. 2021 11:00,80,39,41,
7. Mrz. 2021 11:15,55,27,28,
7. Mrz. 2021 11:30,59,25,34,
7. Mrz. 2021 11:45,74,44,30,
7. Mrz. 2021 12:00,77,39,38,
7. Mrz. 2021 12:15,69,40,29,
7. Mrz. 2021 12:30,90,43,47,
7. Mrz. 2021 12:45,88,51,37,
7. Mrz. 2021 13:00,79,34,45,
7. Mrz. 2021 13:15,100,43,57,
7. Mrz. 2021 13:30,107,51,56,
7. Mrz. 2021 13:45,94,47,47,
7. Mrz. 2021 14:00,88,53,35,
7. Mrz. 2021 14:15,139,73,66,
7. Mrz. 2021 14:30,114,67,47,
7. Mrz. 2021 14:45,101,57,44,
7. Mrz. 2021 15:00,124,49,75,
7. Mrz. 2021 15:15,117,65,52,
7. Mrz. 2021 15:30,115,63,52,
7. Mrz. 2021 15:45,119,81,38,
7. Mrz. 2021 16:00,129,49,80,
7. Mrz. 2021 16:15,102,52,50,
7. Mrz. 2021 16:30,85,52,33,
7. Mrz. 2021 16:45,89,43,46,
7. Mrz. 2021 17:00,97,45,52,
7. Mrz. 2021 17:15,83,39,44,
7. Mrz. 2021 17:30,109,62,47,
7. Mrz. 2021 17:45,97,55,42,
7. Mrz. 2021 18:00,81,43,38,
7. Mrz. 2021 18:15,67,32,35,
7. Mrz. 2021 18:30,56,29,27,
7. Mrz. 2021 18:45,65,40,25,
7. Mrz. 2021 19:00,55,25,30,
7. Mrz. 2021 19:15,51,28,23,
7. Mrz. 2021 19:30,49,31,18,
7. Mrz. 2021 19:45,39,23,16,
7. Mrz. 2021 20:00,34,15,19,
7. Mrz. 2021 20:15,22,15,7,
7. Mrz. 2021 20:30,15,5,10,
7. Mrz. 2021 20:45,16,8,8,
7. Mrz. 2021 21:00,19,10,9,
7. Mrz. 2021 21:15,17,4,13,
7. Mrz. 2021 21:30,10,4,6,
7. Mrz. 2021 21:45,14,6,8,
7. Mrz. 2021 22:00,15,11,4,
7. Mrz. 2021 22:15,19,8,11,
7. Mrz. 2021 22:30,6,5,1,
7. Mrz. 2021 22:45,11,5,6,
7. Mrz. 2021 23:00,3,2,1,
7. Mrz. 2021 23:15,10,2,8,
7. Mrz. 2021 23:30,8,0,8,
7. Mrz. 2021 23:45,7,3,4,
8. Mrz. 2021 00:00,4,4,0,
8. Mrz. 2021 00:15,2,1,1,
8. Mrz. 2021 00:30,2,1,1,
8. Mrz. 2021 00:45,2,1,1,
8. Mrz. 2021 01:00,1,1,0,
8. Mrz. 2021 01:15,4,2,2,
8. Mrz. 2021 01:30,1,1,0,
8. Mrz. 2021 01:45,0,0,0,
8. Mrz. 2021 02:00,1,1,0,
8. Mrz. 2021 02:15,1,1,0,
8. Mrz. 2021 02:30,1,1,0,
8. Mrz. 2021 02:45,2,0,2,
8. Mrz. 2021 03:00,0,0,0,
8. Mrz. 2021 03:15,1,1,0,
8. Mrz. 2021 03:30,0,0,0,
8. Mrz. 2021 03:45,0,0,0,
8. Mrz. 2021 04:00,1,1,0,
8. Mrz. 2021 04:15,0,0,0,
8. Mrz. 2021 04:30,1,1,0,
8. Mrz. 2021 04:45,4,1,3,
8. Mrz. 2021 05:00,0,0,0,
8. Mrz. 2021 05:15,3,2,1,
8. Mrz. 2021 05:30,17,9,8,
8. Mrz. 2021 05:45,14,9,5,
8. Mrz. 2021 06:00,30,21,9,
8. Mrz. 2021 06:15,25,13,12,
8. Mrz. 2021 06:30,43,33,10,
8. Mrz. 2021 06:45,65,41,24,
8. Mrz. 2021 07:00,89,44,45,
8. Mrz. 2021 07:15,127,71,56,
8. Mrz. 2021 07:30,205,139,66,
8. Mrz. 2021 07:45,181,104,77,
8. Mrz. 2021 08:00,142,79,63,
8. Mrz. 2021 08:15,187,98,89,
8. Mrz. 2021 08:30,191,113,78,
8. Mrz. 2021 08:45,160,100,60,
8. Mrz. 2021 09:00,140,84,56,
8. Mrz. 2021 09:15,161,91,70,
8. Mrz. 2021 09:30,125,77,48,
8. Mrz. 2021 09:45,134,87,47,
8. Mrz. 2021 10:00,83,42,41,
8. Mrz. 2021 10:15,110,64,46,
8. Mrz. 2021 10:30,115,59,56,
8. Mrz. 2021 10:45,115,67,48,
8. Mrz. 2021 11:00,116,53,63,
8. Mrz. 2021 11:15,116,60,56,
8. Mrz. 2021 11:30,107,52,55,
8. Mrz. 2021 11:45,128,64,64,
8. Mrz. 2021 12:00,154,84,70,
8. Mrz. 2021 12:15,166,67,99,
8. Mrz. 2021 12:30,142,58,84,
8. Mrz. 2021 12:45,172,84,88,
8. Mrz. 2021 13:00,220,95,125,
8. Mrz. 2021 13:15,173,76,97,
8. Mrz. 2021 13:30,196,93,103,
8. Mrz. 2021 13:45,234,117,117,
8. Mrz. 2021 14:00,137,89,48,
8. Mrz. 2021 14:15,160,81,79,
8. Mrz. 2021 14:30,155,85,70,
8. Mrz. 2021 14:45,159,95,64,
8. Mrz. 2021 15:00,168,90,78,
8. Mrz. 2021 15:15,181,94,87,
8. Mrz. 2021 15:30,216,105,111,
8. Mrz. 2021 15:45,206,111,95,
8. Mrz. 2021 16:00,203,101,102,
8. Mrz. 2021 16:15,212,111,101,
8. Mrz. 2021 16:30,225,106,119,
8. Mrz. 2021 16:45,215,97,118,
8. Mrz. 2021 17:00,258,120,138,
8. Mrz. 2021 17:15,228,95,133,
8. Mrz. 2021 17:30,234,114,120,
8. Mrz. 2021 17:45,202,74,128,
8. Mrz. 2021 18:00,192,90,102,
8. Mrz. 2021 18:15,181,79,102,
8. Mrz. 2021 18:30,156,63,93,
8. Mrz. 2021 18:45,140,71,69,
8. Mrz. 2021 19:00,107,52,55,
8. Mrz. 2021 19:15,92,34,58,
8. Mrz. 2021 19:30,84,43,41,
8. Mrz. 2021 19:45,66,34,32,
8. Mrz. 2021 20:00,77,25,52,
8. Mrz. 2021 20:15,44,24,20,
8. Mrz. 2021 20:30,27,13,14,
8. Mrz. 2021 20:45,28,7,21,
8. Mrz. 2021 21:00,28,14,14,
8. Mrz. 2021 21:15,22,8,14,
8. Mrz. 2021 21:30,22,9,13,
8. Mrz. 2021 21:45,23,10,13,
8. Mrz. 2021 22:00,26,13,13,
8. Mrz. 2021 22:15,20,10,10,
8. Mrz. 2021 22:30,17,8,9,
8. Mrz. 2021 22:45,9,4,5,
8. Mrz. 2021 23:00,9,5,4,
8. Mrz. 2021 23:15,9,4,5,
8. Mrz. 2021 23:30,3,2,1,
8. Mrz. 2021 23:45,4,3,1,
9. Mrz. 2021 00:00,10,7,3,
9. Mrz. 2021 00:15,3,2,1,
9. Mrz. 2021 00:30,6,3,3,
9. Mrz. 2021 00:45,1,0,1,
9. Mrz. 2021 01:00,1,1,0,
9. Mrz. 2021 01:15,2,2,0,
9. Mrz. 2021 01:30,1,1,0,
9. Mrz. 2021 01:45,8,8,0,
9. Mrz. 2021 02:00,1,0,1,
9. Mrz. 2021 02:15,2,2,0,
9. Mrz. 2021 02:30,3,0,3,
9. Mrz. 2021 02:45,2,1,1,
9. Mrz. 2021 03:00,0,0,0,
9. Mrz. 2021 03:15,0,0,0,
9. Mrz. 2021 03:30,0,0,0,
9. Mrz. 2021 03:45,1,0,1,
9. Mrz. 2021 04:00,1,0,1,
9. Mrz. 2021 04:15,0,0,0,
9. Mrz. 2021 04:30,0,0,0,
9. Mrz. 2021 04:45,2,2,0,
9. Mrz. 2021 05:00,1,1,0,
9. Mrz. 2021 05:15,9,5,4,
9. Mrz. 2021 05:30,11,5,6,
9. Mrz. 2021 05:45,17,9,8,
9. Mrz. 2021 06:00,20,15,5,
9. Mrz. 2021 06:15,34,18,16,
9. Mrz. 2021 06:30,50,33,17,
9. Mrz. 2021 06:45,82,48,34,
9. Mrz. 2021 07:00,81,46,35,
9. Mrz. 2021 07:15,113,72,41,
9. Mrz. 2021 07:30,205,121,84,
9. Mrz. 2021 07:45,236,135,101,
9. Mrz. 2021 08:00,169,82,87,
9. Mrz. 2021 08:15,175,94,81,
9. Mrz. 2021 08:30,197,109,88,
9. Mrz. 2021 08:45,192,117,75,
9. Mrz. 2021 09:00,136,75,61,
9. Mrz. 2021 09:15,174,103,71,
9. Mrz. 2021 09:30,153,93,60,
9. Mrz. 2021 09:45,120,71,49,
9. Mrz. 2021 10:00,118,64,54,
9. Mrz. 2021 10:15,120,74,46,
9. Mrz. 2021 10:30,124,70,54,
9. Mrz. 2021 10:45,134,75,59,
9. Mrz. 2021 11:00,123,77,46,
9. Mrz. 2021 11:15,129,65,64,
9. Mrz. 2021 11:30,123,56,67,
9. Mrz. 2021 11:45,148,74,74,
9. Mrz. 2021 12:00,160,80,80,
9. Mrz. 2021 12:15,165,50,115,
9. Mrz. 2021 12:30,195,75,120,
9. Mrz. 2021 12:45,188,95,93,
9. Mrz. 2021 13:00,172,74,98,
9. Mrz. 2021 13:15,160,69,91,
9. Mrz. 2021 13:30,156,95,61,
9. Mrz. 2021 13:45,159,74,85,
9. Mrz. 2021 14:00,181,91,90,
9. Mrz. 2021 14:15,182,103,79,
9. Mrz. 2021 14:30,185,99,86,
9. Mrz. 2021 14:45,187,97,90,
9. Mrz. 2021 15:00,180,100,80,
9. Mrz. 2021 15:15,186,93,93,
9. Mrz. 2021 15:30,193,88,105,
9. Mrz. 2021 15:45,199,97,102,
9. Mrz. 2021 16:00,253,131,122,
9. Mrz. 2021 16:15,203,108,95,
9. Mrz. 2021 16:30,264,135,129,
9. Mrz. 2021 16:45,247,100,147,
9. Mrz. 2021 17:00,228,99,129,
9. Mrz. 2021 17:15,211,103,108,
9. Mrz. 2021 17:30,214,99,115,
9. Mrz. 2021 17:45,236,99,137,
9. Mrz. 2021 18:00,186,74,112,
9. Mrz. 2021 18:15,160,64,96,
9. Mrz. 2021 18:30,154,72,82,
9. Mrz. 2021 18:45,141,57,84,
9. Mrz. 2021 19:00,116,57,59,
9. Mrz. 2021 19:15,114,58,56,
9. Mrz. 2021 19:30,64,31,33,
9. Mrz. 2021 19:45,58,17,41,
9. Mrz. 2021 20:00,60,32,28,
9. Mrz. 2021 20:15,42,22,20,
9. Mrz. 2021 20:30,43,23,20,
9. Mrz. 2021 20:45,22,11,11,
9. Mrz. 2021 21:00,22,10,12,
9. Mrz. 2021 21:15,31,20,11,
9. Mrz. 2021 21:30,33,12,21,
9. Mrz. 2021 21:45,21,8,13,
9. Mrz. 2021 22:00,26,17,9,
9. Mrz. 2021 22:15,12,6,6,
9. Mrz. 2021 22:30,16,7,9,
9. Mrz. 2021 22:45,12,2,10,
9. Mrz. 2021 23:00,11,8,3,
9. Mrz. 2021 23:15,8,2,6,
9. Mrz. 2021 23:30,6,4,2,
9. Mrz. 2021 23:45,14,10,4,
10. Mrz. 2021 00:00,12,7,5,
10. Mrz. 2021 00:15,4,1,3,
10. Mrz. 2021 00:30,2,1,1,
10. Mrz. 2021 00:45,2,2,0,
10. Mrz. 2021 01:00,3,0,3,
10. Mrz. 2021 01:15,4,2,2,
10. Mrz. 2021 01:30,3,1,2,
10. Mrz. 2021 01:45,2,1,1,
10. Mrz. 2021 02:00,2,1,1,
10. Mrz. 2021 02:15,0,0,0,
10. Mrz. 2021 02:30,1,1,0,
10. Mrz. 2021 02:45,2,0,2,
10. Mrz. 2021 03:00,0,0,0,
10. Mrz. 2021 03:15,1,0,1,
10. Mrz. 2021 03:30,1,1,0,
10. Mrz. 2021 03:45,1,1,0,
10. Mrz. 2021 04:00,1,0,1,
10. Mrz. 2021 04:15,2,2,0,
10. Mrz. 2021 04:30,1,1,0,
10. Mrz. 2021 04:45,3,1,2,
10. Mrz. 2021 05:00,1,1,0,
10. Mrz. 2021 05:15,4,3,1,
10. Mrz. 2021 05:30,12,6,6,
10. Mrz. 2021 05:45,27,15,12,
10. Mrz. 2021 06:00,31,17,14,
10. Mrz. 2021 06:15,26,20,6,
10. Mrz. 2021 06:30,50,34,16,
10. Mrz. 2021 06:45,58,36,22,
10. Mrz. 2021 07:00,86,45,41,
10. Mrz. 2021 07:15,104,70,34,
10. Mrz. 2021 07:30,171,110,61,
10. Mrz. 2021 07:45,193,104,89,
10. Mrz. 2021 08:00,167,88,79,
10. Mrz. 2021 08:15,192,108,84,
10. Mrz. 2021 08:30,172,103,69,
10. Mrz. 2021 08:45,195,122,73,
10. Mrz. 2021 09:00,134,78,56,
10. Mrz. 2021 09:15,156,98,58,
10. Mrz. 2021 09:30,118,67,51,
10. Mrz. 2021 09:45,135,81,54,
10. Mrz. 2021 10:00,121,63,58,
10. Mrz. 2021 10:15,115,65,50,
10. Mrz. 2021 10:30,108,59,49,
10. Mrz. 2021 10:45,145,85,60,
10. Mrz. 2021 11:00,142,77,65,
10. Mrz. 2021 11:15,139,76,63,
10. Mrz. 2021 11:30,135,64,71,
10. Mrz. 2021 11:45,125,73,52,
10. Mrz. 2021 12:00,166,67,99,
10. Mrz. 2021 12:15,179,69,110,
10. Mrz. 2021 12:30,173,79,94,
10. Mrz. 2021 12:45,178,91,87,
10. Mrz. 2021 13:00,216,85,131,
10. Mrz. 2021 13:15,167,80,87,
10. Mrz. 2021 13:30,177,91,86,
10. Mrz. 2021 13:45,192,99,93,
10. Mrz. 2021 14:00,165,76,89,
10. Mrz. 2021 14:15,146,83,63,
10. Mrz. 2021 14:30,219,117,102,
10. Mrz. 2021 14:45,164,88,76,
10. Mrz. 2021 15:00,163,82,81,
10. Mrz. 2021 15:15,200,88,112,
10. Mrz. 2021 15:30,202,97,105,
10. Mrz. 2021 15:45,228,131,97,
10. Mrz. 2021 16:00,246,125,121,
10. Mrz. 2021 16:15,209,106,103,
10. Mrz. 2021 16:30,223,96,127,
10. Mrz. 2021 16:45,261,116,145,
10. Mrz. 2021 17:00,258,121,137,
10. Mrz. 2021 17:15,263,130,133,
10. Mrz. 2021 17:30,226,123,103,
10. Mrz. 2021 17:45,207,80,127,
10. Mrz. 2021 18:00,198,92,106,
10. Mrz. 2021 18:15,179,85,94,
10. Mrz. 2021 18:30,153,78,75,
10. Mrz. 2021 18:45,143,65,78,
10. Mrz. 2021 19:00,143,56,87,
10. Mrz. 2021 19:15,81,38,43,
10. Mrz. 2021 19:30,67,35,32,
10. Mrz. 2021 19:45,78,40,38,
10. Mrz. 2021 20:00,66,30,36,
10. Mrz. 2021 20:15,48,16,32,
10. Mrz. 2021 20:30,50,22,28,
10. Mrz. 2021 20:45,32,14,18,
10. Mrz. 2021 21:00,29,10,19,
10. Mrz. 2021 21:15,31,13,18,
10. Mrz. 2021 21:30,26,12,14,
10. Mrz. 2021 21:45,25,11,14,
10. Mrz. 2021 22:00,13,8,5,
10. Mrz. 2021 22:15,20,5,15,
10. Mrz. 2021 22:30,18,8,10,
10. Mrz. 2021 22:45,14,5,9,
10. Mrz. 2021 23:00,14,6,8,
10. Mrz. 2021 23:15,8,4,4,
10. Mrz. 2021 23:30,14,4,10,
10. Mrz. 2021 23:45,2,2,0,
11. Mrz. 2021 00:00,13,8,5,
11. Mrz. 2021 00:15,5,4,1,
11. Mrz. 2021 00:30,3,2,1,
11. Mrz. 2021 00:45,4,4,0,
11. Mrz. 2021 01:00,3,3,0,
11. Mrz. 2021 01:15,2,0,2,
11. Mrz. 2021 01:30,4,4,0,
11. Mrz. 2021 01:45,3,3,0,
11. Mrz. 2021 02:00,2,0,2,
11. Mrz. 2021 02:15,3,3,0,
11. Mrz. 2021 02:30,2,1,1,
11. Mrz. 2021 02:45,1,1,0,
11. Mrz. 2021 03:00,4,2,2,
11. Mrz. 2021 03:15,0,0,0,
11. Mrz. 2021 03:30,2,2,0,
11. Mrz. 2021 03:45,1,0,1,
11. Mrz. 2021 04:00,0,0,0,
11. Mrz. 2021 04:15,1,0,1,
11. Mrz. 2021 04:30,1,1,0,
11. Mrz. 2021 04:45,6,4,2,
11. Mrz. 2021 05:00,1,1,0,
11. Mrz. 2021 05:15,3,1,2,
11. Mrz. 2021 05:30,11,7,4,
11. Mrz. 2021 05:45,23,14,9,
11. Mrz. 2021 06:00,26,16,10,
11. Mrz. 2021 06:15,26,16,10,
11. Mrz. 2021 06:30,45,25,20,
11. Mrz. 2021 06:45,58,38,20,
11. Mrz. 2021 07:00,76,48,28,
11. Mrz. 2021 07:15,104,64,40,
11. Mrz. 2021 07:30,180,104,76,
11. Mrz. 2021 07:45,160,83,77,
11. Mrz. 2021 08:00,153,82,71,
11. Mrz. 2021 08:15,185,107,78,
11. Mrz. 2021 08:30,172,82,90,
11. Mrz. 2021 08:45,194,117,77,
11. Mrz. 2021 09:00,140,91,49,
11. Mrz. 2021 09:15,166,100,66,
11. Mrz. 2021 09:30,113,63,50,
11. Mrz. 2021 09:45,128,80,48,
11. Mrz. 2021 10:00,122,67,55,
11. Mrz. 2021 10:15,107,58,49,
11. Mrz. 2021 10:30,91,48,43,
11. Mrz. 2021 10:45,140,69,71,
11. Mrz. 2021 11:00,114,68,46,
11. Mrz. 2021 11:15,136,61,75,
11. Mrz. 2021 11:30,103,42,61,
11. Mrz. 2021 11:45,134,77,57,
11. Mrz. 2021 12:00,140,54,86,
11. Mrz. 2021 12:15,188,91,97,
11. Mrz. 2021 12:30,127,43,84,
11. Mrz. 2021 12:45,130,62,68,
11. Mrz. 2021 13:00,169,63,106,
11. Mrz. 2021 13:15,144,71,73,
11. Mrz. 2021 13:30,124,69,55,
11. Mrz. 2021 13:45,145,77,68,
11. Mrz. 2021 14:00,116,60,56,
11. Mrz. 2021 14:15,134,72,62,
11. Mrz. 2021 14:30,126,55,71,
11. Mrz. 2021 14:45,127,58,69,
11. Mrz. 2021 15:00,140,72,68,
11. Mrz. 2021 15:15,106,41,65,
11. Mrz. 2021 15:30,136,67,69,
11. Mrz. 2021 15:45,143,60,83,
11. Mrz. 2021 16:00,156,70,86,
11. Mrz. 2021 16:15,131,59,72,
11. Mrz. 2021 16:30,127,65,62,
11. Mrz. 2021 16:45,170,93,77,
11. Mrz. 2021 17:00,142,72,70,
11. Mrz. 2021 17:15,144,71,73,
11. Mrz. 2021 17:30,133,67,66,
11. Mrz. 2021 17:45,126,56,70,
11. Mrz. 2021 18:00,159,66,93,
11. Mrz. 2021 18:15,115,42,73,
11. Mrz. 2021 18:30,91,46,45,
11. Mrz. 2021 18:45,91,38,53,
11. Mrz. 2021 19:00,81,38,43,
11. Mrz. 2021 19:15,58,28,30,
11. Mrz. 2021 19:30,48,18,30,
11. Mrz. 2021 19:45,26,13,13,
11. Mrz. 2021 20:00,52,25,27,
11. Mrz. 2021 20:15,42,20,22,
11. Mrz. 2021 20:30,22,9,13,
11. Mrz. 2021 20:45,16,7,9,
11. Mrz. 2021 21:00,16,8,8,
11. Mrz. 2021 21:15,19,13,6,
11. Mrz. 2021 21:30,16,8,8,
11. Mrz. 2021 21:45,18,7,11,
11. Mrz. 2021 22:00,9,5,4,
11. Mrz. 2021 22:15,12,5,7,
11. Mrz. 2021 22:30,16,10,6,
11. Mrz. 2021 22:45,14,5,9,
11. Mrz. 2021 23:00,8,1,7,
11. Mrz. 2021 23:15,10,3,7,
11. Mrz. 2021 23:30,8,2,6,
11. Mrz. 2021 23:45,7,6,1,
12. Mrz. 2021 00:00,7,4,3,
12. Mrz. 2021 00:15,3,3,0,
12. Mrz. 2021 00:30,2,1,1,
12. Mrz. 2021 00:45,3,2,1,
12. Mrz. 2021 01:00,4,2,2,
12. Mrz. 2021 01:15,0,0,0,
12. Mrz. 2021 01:30,2,2,0,
12. Mrz. 2021 01:45,7,7,0,
12. Mrz. 2021 02:00,4,3,1,
12. Mrz. 2021 02:15,3,3,0,
12. Mrz. 2021 02:30,1,0,1,
12. Mrz. 2021 02:45,2,0,2,
12. Mrz. 2021 03:00,1,0,1,
12. Mrz. 2021 03:15,1,1,0,
12. Mrz. 2021 03:30,0,0,0,
12. Mrz. 2021 03:45,0,0,0,
12. Mrz. 2021 04:00,2,1,1,
12. Mrz. 2021 04:15,2,1,1,
12. Mrz. 2021 04:30,3,3,0,
12. Mrz. 2021 04:45,3,2,1,
12. Mrz. 2021 05:00,0,0,0,
12. Mrz. 2021 05:15,5,3,2,
12. Mrz. 2021 05:30,14,8,6,
12. Mrz. 2021 05:45,11,6,5,
12. Mrz. 2021 06:00,26,14,12,
12. Mrz. 2021 06:15,18,10,8,
12. Mrz. 2021 06:30,36,23,13,
12. Mrz. 2021 06:45,62,39,23,
12. Mrz. 2021 07:00,67,32,35,
12. Mrz. 2021 07:15,85,51,34,
12. Mrz. 2021 07:30,209,150,59,
12. Mrz. 2021 07:45,157,90,67,
12. Mrz. 2021 08:00,149,93,56,
12. Mrz. 2021 08:15,168,93,75,
12. Mrz. 2021 08:30,182,108,74,
12. Mrz. 2021 08:45,190,106,84,
12. Mrz. 2021 09:00,142,87,55,
12. Mrz. 2021 09:15,160,83,77,
12. Mrz. 2021 09:30,139,77,62,
12. Mrz. 2021 09:45,156,89,67,
12. Mrz. 2021 10:00,131,70,61,
12. Mrz. 2021 10:15,122,65,57,
12. Mrz. 2021 10:30,149,88,61,
12. Mrz. 2021 10:45,148,91,57,
12. Mrz. 2021 11:00,132,64,68,
12. Mrz. 2021 11:15,175,89,86,
12. Mrz. 2021 11:30,164,81,83,
12. Mrz. 2021 11:45,159,81,78,
12. Mrz. 2021 12:00,173,86,87,
12. Mrz. 2021 12:15,175,84,91,
12. Mrz. 2021 12:30,196,69,127,
12. Mrz. 2021 12:45,203,100,103,
12. Mrz. 2021 13:00,226,82,144,
12. Mrz. 2021 13:15,155,77,78,
12. Mrz. 2021 13:30,176,64,112,
12. Mrz. 2021 13:45,164,82,82,
12. Mrz. 2021 14:00,147,79,68,
12. Mrz. 2021 14:15,191,111,80,
12. Mrz. 2021 14:30,160,87,73,
12. Mrz. 2021 14:45,250,118,132,
12. Mrz. 2021 15:00,179,85,94,
12. Mrz. 2021 15:15,185,96,89,
12. Mrz. 2021 15:30,190,110,80,
12. Mrz. 2021 15:45,189,87,102,
12. Mrz. 2021 16:00,194,105,89,
12. Mrz. 2021 16:15,171,80,91,
12. Mrz. 2021 16:30,191,93,98,
12. Mrz. 2021 16:45,189,83,106,
12. Mrz. 2021 17:00,176,93,83,
12. Mrz. 2021 17:15,164,79,85,
12. Mrz. 2021 17:30,184,95,89,
12. Mrz. 2021 17:45,202,97,105,
12. Mrz. 2021 18:00,159,73,86,
12. Mrz. 2021 18:15,159,63,96,
12. Mrz. 2021 18:30,151,62,89,
12. Mrz. 2021 18:45,125,68,57,
12. Mrz. 2021 19:00,116,67,49,
12. Mrz. 2021 19:15,85,31,54,
12. Mrz. 2021 19:30,84,46,38,
12. Mrz. 2021 19:45,84,42,42,
12. Mrz. 2021 20:00,76,35,41,
12. Mrz. 2021 20:15,64,34,30,
12. Mrz. 2021 20:30,54,23,31,
12. Mrz. 2021 20:45,43,26,17,
12. Mrz. 2021 21:00,25,11,14,
12. Mrz. 2021 21:15,25,12,13,
12. Mrz. 2021 21:30,31,13,18,
12. Mrz. 2021 21:45,18,6,12,
12. Mrz. 2021 22:00,16,7,9,
12. Mrz. 2021 22:15,16,8,8,
12. Mrz. 2021 22:30,24,11,13,
12. Mrz. 2021 22:45,19,10,9,
12. Mrz. 2021 23:00,24,12,12,
12. Mrz. 2021 23:15,22,9,13,
12. Mrz. 2021 23:30,19,4,15,
12. Mrz. 2021 23:45,15,6,9,
13. Mrz. 2021 00:00,18,10,8,
13. Mrz. 2021 00:15,21,5,16,
13. Mrz. 2021 00:30,17,5,12,
13. Mrz. 2021 00:45,13,6,7,
13. Mrz. 2021 01:00,18,11,7,
13. Mrz. 2021 01:15,14,9,5,
13. Mrz. 2021 01:30,13,9,4,
13. Mrz. 2021 01:45,4,1,3,
13. Mrz. 2021 02:00,4,2,2,
13. Mrz. 2021 02:15,4,0,4,
13. Mrz. 2021 02:30,10,7,3,
13. Mrz. 2021 02:45,5,1,4,
13. Mrz. 2021 03:00,4,1,3,
13. Mrz. 2021 03:15,4,0,4,
13. Mrz. 2021 03:30,3,1,2,
13. Mrz. 2021 03:45,4,1,3,
13. Mrz. 2021 04:00,1,1,0,
13. Mrz. 2021 04:15,2,2,0,
13. Mrz. 2021 04:30,1,1,0,
13. Mrz. 2021 04:45,3,1,2,
13. Mrz. 2021 05:00,5,4,1,
13. Mrz. 2021 05:15,1,0,1,
13. Mrz. 2021 05:30,5,4,1,
13. Mrz. 2021 05:45,16,8,8,
13. Mrz. 2021 06:00,8,6,2,
13. Mrz. 2021 06:15,3,1,2,
13. Mrz. 2021 06:30,19,10,9,
13. Mrz. 2021 06:45,16,9,7,
13. Mrz. 2021 07:00,11,5,6,
13. Mrz. 2021 07:15,18,9,9,
13. Mrz. 2021 07:30,14,8,6,
13. Mrz. 2021 07:45,22,8,14,
13. Mrz. 2021 08:00,22,15,7,
13. Mrz. 2021 08:15,33,22,11,
13. Mrz. 2021 08:30,45,22,23,
13. Mrz. 2021 08:45,74,44,30,
13. Mrz. 2021 09:00,64,35,29,
13. Mrz. 2021 09:15,67,40,27,
13. Mrz. 2021 09:30,91,52,39,
13. Mrz. 2021 09:45,107,62,45,
13. Mrz. 2021 10:00,106,53,53,
13. Mrz. 2021 10:15,126,72,54,
13. Mrz. 2021 10:30,118,54,64,
13. Mrz. 2021 10:45,123,71,52,
13. Mrz. 2021 11:00,110,56,54,
13. Mrz. 2021 11:15,109,55,54,
13. Mrz. 2021 11:30,91,40,51,
13. Mrz. 2021 11:45,122,62,60,
13. Mrz. 2021 12:00,103,46,57,
13. Mrz. 2021 12:15,117,56,61,
13. Mrz. 2021 12:30,107,50,57,
13. Mrz. 2021 12:45,146,73,73,
13. Mrz. 2021 13:00,119,66,53,
13. Mrz. 2021 13:15,91,52,39,
13. Mrz. 2021 13:30,128,65,63,
13. Mrz. 2021 13:45,104,36,68,
13. Mrz. 2021 14:00,169,47,122,
13. Mrz. 2021 14:15,313,37,276,
13. Mrz. 2021 14:30,336,57,279,
13. Mrz. 2021 14:45,222,35,187,
13. Mrz. 2021 15:00,113,45,68,
13. Mrz. 2021 15:15,90,48,42,
13. Mrz. 2021 15:30,99,48,51,
13. Mrz. 2021 15:45,78,40,38,
13. Mrz. 2021 16:00,67,29,38,
13. Mrz. 2021 16:15,75,46,29,
13. Mrz. 2021 16:30,64,33,31,
13. Mrz. 2021 16:45,59,21,38,
13. Mrz. 2021 17:00,68,32,36,
13. Mrz. 2021 17:15,85,46,39,
13. Mrz. 2021 17:30,60,23,37,
13. Mrz. 2021 17:45,76,29,47,
13. Mrz. 2021 18:00,100,42,58,
13. Mrz. 2021 18:15,72,36,36,
13. Mrz. 2021 18:30,62,28,34,
13. Mrz. 2021 18:45,60,29,31,
13. Mrz. 2021 19:00,48,23,25,
13. Mrz. 2021 19:15,42,20,22,
13. Mrz. 2021 19:30,31,18,13,
13. Mrz. 2021 19:45,34,24,10,
13. Mrz. 2021 20:00,26,12,14,
13. Mrz. 2021 20:15,19,12,7,
13. Mrz. 2021 20:30,25,12,13,
13. Mrz. 2021 20:45,21,14,7,
13. Mrz. 2021 21:00,28,18,10,
13. Mrz. 2021 21:15,17,11,6,
13. Mrz. 2021 21:30,12,2,10,
13. Mrz. 2021 21:45,7,1,6,
13. Mrz. 2021 22:00,17,13,4,
13. Mrz. 2021 22:15,8,6,2,
13. Mrz. 2021 22:30,10,3,7,
13. Mrz. 2021 22:45,6,5,1,
13. Mrz. 2021 23:00,11,7,4,
13. Mrz. 2021 23:15,8,2,6,
13. Mrz. 2021 23:30,17,9,8,
13. Mrz. 2021 23:45,6,2,4,
14. Mrz. 2021 00:00,5,4,1,
14. Mrz. 2021 00:15,5,3,2,
14. Mrz. 2021 00:30,18,5,13,
14. Mrz. 2021 00:45,17,11,6,
14. Mrz. 2021 01:00,12,3,9,
14. Mrz. 2021 01:15,9,4,5,
14. Mrz. 2021 01:30,4,3,1,
14. Mrz. 2021 01:45,6,1,5,
14. Mrz. 2021 02:00,4,0,4,
14. Mrz. 2021 02:15,1,1,0,
14. Mrz. 2021 02:30,2,1,1,
14. Mrz. 2021 02:45,3,2,1,
14. Mrz. 2021 03:00,2,2,0,
14. Mrz. 2021 03:15,3,1,2,
14. Mrz. 2021 03:30,2,2,0,
14. Mrz. 2021 03:45,9,4,5,
14. Mrz. 2021 04:00,1,1,0,
14. Mrz. 2021 04:15,0,0,0,
14. Mrz. 2021 04:30,1,0,1,
14. Mrz. 2021 04:45,1,0,1,
14. Mrz. 2021 05:00,0,0,0,
14. Mrz. 2021 05:15,1,1,0,
14. Mrz. 2021 05:30,2,2,0,
14. Mrz. 2021 05:45,2,1,1,
14. Mrz. 2021 06:00,5,3,2,
14. Mrz. 2021 06:15,6,2,4,
14. Mrz. 2021 06:30,5,4,1,
14. Mrz. 2021 06:45,7,3,4,
14. Mrz. 2021 07:00,8,1,7,
14. Mrz. 2021 07:15,13,2,11,
14. Mrz. 2021 07:30,2,0,2,
14. Mrz. 2021 07:45,6,2,4,
14. Mrz. 2021 08:00,9,4,5,
14. Mrz. 2021 08:15,9,8,1,
14. Mrz. 2021 08:30,13,8,5,
14. Mrz. 2021 08:45,16,5,11,
14. Mrz. 2021 09:00,24,9,15,
14. Mrz. 2021 09:15,20,7,13,
14. Mrz. 2021 09:30,42,26,16,
14. Mrz. 2021 09:45,47,31,16,
14. Mrz. 2021 10:00,25,12,13,
14. Mrz. 2021 10:15,38,19,19,
14. Mrz. 2021 10:30,42,18,24,
14. Mrz. 2021 10:45,46,24,22,
14. Mrz. 2021 11:00,55,30,25,
14. Mrz. 2021 11:15,55,27,28,
14. Mrz. 2021 11:30,60,25,35,
14. Mrz. 2021 11:45,76,32,44,
14. Mrz. 2021 12:00,79,47,32,
14. Mrz. 2021 12:15,59,31,28,
14. Mrz. 2021 12:30,65,37,28,
14. Mrz. 2021 12:45,81,35,46,
14. Mrz. 2021 13:00,79,43,36,
14. Mrz. 2021 13:15,63,34,29,
14. Mrz. 2021 13:30,72,35,37,
14. Mrz. 2021 13:45,57,39,18,
14. Mrz. 2021 14:00,75,37,38,
14. Mrz. 2021 14:15,56,35,21,
14. Mrz. 2021 14:30,89,59,30,
14. Mrz. 2021 14:45,77,57,20,
14. Mrz. 2021 15:00,53,30,23,
14. Mrz. 2021 15:15,51,28,23,
14. Mrz. 2021 15:30,53,34,19,
14. Mrz. 2021 15:45,36,15,21,
14. Mrz. 2021 16:00,54,22,32,
14. Mrz. 2021 16:15,35,13,22,
14. Mrz. 2021 16:30,39,21,18,
14. Mrz. 2021 16:45,57,26,31,
14. Mrz. 2021 17:00,44,20,24,
14. Mrz. 2021 17:15,42,19,23,
14. Mrz. 2021 17:30,63,34,29,
14. Mrz. 2021 17:45,62,30,32,
14. Mrz. 2021 18:00,48,26,22,
14. Mrz. 2021 18:15,48,26,22,
14. Mrz. 2021 18:30,55,28,27,
14. Mrz. 2021 18:45,44,20,24,
14. Mrz. 2021 19:00,40,16,24,
14. Mrz. 2021 19:15,28,11,17,
14. Mrz. 2021 19:30,32,15,17,
14. Mrz. 2021 19:45,33,20,13,
14. Mrz. 2021 20:00,37,7,30,
14. Mrz. 2021 20:15,27,16,11,
14. Mrz. 2021 20:30,16,6,10,
14. Mrz. 2021 20:45,26,8,18,
14. Mrz. 2021 21:00,15,1,14,
14. Mrz. 2021 21:15,16,10,6,
14. Mrz. 2021 21:30,14,8,6,
14. Mrz. 2021 21:45,14,12,2,
14. Mrz. 2021 22:00,9,5,4,
14. Mrz. 2021 22:15,15,11,4,
14. Mrz. 2021 22:30,8,5,3,
14. Mrz. 2021 22:45,5,2,3,
14. Mrz. 2021 23:00,4,1,3,
14. Mrz. 2021 23:15,2,1,1,
14. Mrz. 2021 23:30,3,2,1,
14. Mrz. 2021 23:45,9,3,6,
15. Mrz. 2021 00:00,4,2,2,
15. Mrz. 2021 00:15,10,3,7,
15. Mrz. 2021 00:30,2,0,2,
15. Mrz. 2021 00:45,5,4,1,
15. Mrz. 2021 01:00,3,1,2,
15. Mrz. 2021 01:15,1,0,1,
15. Mrz. 2021 01:30,4,3,1,
15. Mrz. 2021 01:45,2,2,0,
15. Mrz. 2021 02:00,1,0,1,
15. Mrz. 2021 02:15,0,0,0,
15. Mrz. 2021 02:30,0,0,0,
15. Mrz. 2021 02:45,0,0,0,
15. Mrz. 2021 03:00,2,1,1,
15. Mrz. 2021 03:15,0,0,0,
15. Mrz. 2021 03:30,1,1,0,
15. Mrz. 2021 03:45,0,0,0,
15. Mrz. 2021 04:00,0,0,0,
15. Mrz. 2021 04:15,2,1,1,
15. Mrz. 2021 04:30,1,1,0,
15. Mrz. 2021 04:45,3,3,0,
15. Mrz. 2021 05:00,3,2,1,
15. Mrz. 2021 05:15,3,3,0,
15. Mrz. 2021 05:30,14,7,7,
15. Mrz. 2021 05:45,17,10,7,
15. Mrz. 2021 06:00,21,13,8,
15. Mrz. 2021 06:15,21,15,6,
15. Mrz. 2021 06:30,32,22,10,
15. Mrz. 2021 06:45,51,35,16,
15. Mrz. 2021 07:00,72,41,31,
15. Mrz. 2021 07:15,165,111,54,
15. Mrz. 2021 07:30,201,147,54,
15. Mrz. 2021 07:45,162,94,68,
15. Mrz. 2021 08:00,126,65,61,
15. Mrz. 2021 08:15,129,68,61,
15. Mrz. 2021 08:30,137,74,63,
15. Mrz. 2021 08:45,134,78,56,
15. Mrz. 2021 09:00,100,61,39,
15. Mrz. 2021 09:15,128,82,46,
15. Mrz. 2021 09:30,82,40,42,
15. Mrz. 2021 09:45,76,50,26,
15. Mrz. 2021 10:00,75,41,34,
15. Mrz. 2021 10:15,69,40,29,
15. Mrz. 2021 10:30,67,34,33,
15. Mrz. 2021 10:45,53,30,23,
15. Mrz. 2021 11:00,81,35,46,
15. Mrz. 2021 11:15,98,45,53,
15. Mrz. 2021 11:30,79,40,39,
15. Mrz. 2021 11:45,86,40,46,
15. Mrz. 2021 12:00,90,47,43,
15. Mrz. 2021 12:15,95,30,65,
15. Mrz. 2021 12:30,100,42,58,
15. Mrz. 2021 12:45,114,56,58,
15. Mrz. 2021 13:00,221,87,134,
15. Mrz. 2021 13:15,135,57,78,
15. Mrz. 2021 13:30,142,71,71,
15. Mrz. 2021 13:45,155,87,68,
15. Mrz. 2021 14:00,110,60,50,
15. Mrz. 2021 14:15,119,70,49,
15. Mrz. 2021 14:30,108,59,49,
15. Mrz. 2021 14:45,118,62,56,
15. Mrz. 2021 15:00,115,60,55,
15. Mrz. 2021 15:15,135,55,80,
15. Mrz. 2021 15:30,136,61,75,
15. Mrz. 2021 15:45,135,64,71,
15. Mrz. 2021 16:00,117,39,78,
15. Mrz. 2021 16:15,118,62,56,
15. Mrz. 2021 16:30,121,63,58,
15. Mrz. 2021 16:45,109,45,64,
15. Mrz. 2021 17:00,159,68,91,
15. Mrz. 2021 17:15,152,67,85,
15. Mrz. 2021 17:30,141,81,60,
15. Mrz. 2021 17:45,128,53,75,
15. Mrz. 2021 18:00,112,43,69,
15. Mrz. 2021 18:15,114,50,64,
15. Mrz. 2021 18:30,99,60,39,
15. Mrz. 2021 18:45,103,52,51,
15. Mrz. 2021 19:00,85,37,48,
15. Mrz. 2021 19:15,64,34,30,
15. Mrz. 2021 19:30,46,18,28,
15. Mrz. 2021 19:45,52,26,26,
15. Mrz. 2021 20:00,50,19,31,
15. Mrz. 2021 20:15,40,20,20,
15. Mrz. 2021 20:30,27,13,14,
15. Mrz. 2021 20:45,30,12,18,
15. Mrz. 2021 21:00,16,6,10,
15. Mrz. 2021 21:15,25,13,12,
15. Mrz. 2021 21:30,19,12,7,
15. Mrz. 2021 21:45,17,10,7,
15. Mrz. 2021 22:00,16,11,5,
15. Mrz. 2021 22:15,14,6,8,
15. Mrz. 2021 22:30,22,8,14,
15. Mrz. 2021 22:45,6,4,2,
15. Mrz. 2021 23:00,7,2,5,
15. Mrz. 2021 23:15,13,8,5,
15. Mrz. 2021 23:30,10,3,7,
15. Mrz. 2021 23:45,2,1,1,
16. Mrz. 2021 00:00,5,1,4,
16. Mrz. 2021 00:15,3,1,2,
16. Mrz. 2021 00:30,4,2,2,
16. Mrz. 2021 00:45,0,0,0,
16. Mrz. 2021 01:00,3,3,0,
16. Mrz. 2021 01:15,2,0,2,
16. Mrz. 2021 01:30,3,2,1,
16. Mrz. 2021 01:45,2,2,0,
16. Mrz. 2021 02:00,1,1,0,
16. Mrz. 2021 02:15,0,0,0,
16. Mrz. 2021 02:30,0,0,0,
16. Mrz. 2021 02:45,1,0,1,
16. Mrz. 2021 03:00,0,0,0,
16. Mrz. 2021 03:15,3,0,3,
16. Mrz. 2021 03:30,1,1,0,
16. Mrz. 2021 03:45,1,1,0,
16. Mrz. 2021 04:00,1,1,0,
16. Mrz. 2021 04:15,0,0,0,
16. Mrz. 2021 04:30,1,0,1,
16. Mrz. 2021 04:45,2,1,1,
16. Mrz. 2021 05:00,0,0,0,
16. Mrz. 2021 05:15,5,4,1,
16. Mrz. 2021 05:30,10,7,3,
16. Mrz. 2021 05:45,21,13,8,
16. Mrz. 2021 06:00,23,13,10,
16. Mrz. 2021 06:15,33,22,11,
16. Mrz. 2021 06:30,45,29,16,
16. Mrz. 2021 06:45,64,41,23,
16. Mrz. 2021 07:00,74,41,33,
16. Mrz. 2021 07:15,181,119,62,
16. Mrz. 2021 07:30,287,192,95,
16. Mrz. 2021 07:45,177,96,81,
16. Mrz. 2021 08:00,137,81,56,
16. Mrz. 2021 08:15,178,111,67,
16. Mrz. 2021 08:30,174,93,81,
16. Mrz. 2021 08:45,160,95,65,
16. Mrz. 2021 09:00,120,71,49,
16. Mrz. 2021 09:15,158,90,68,
16. Mrz. 2021 09:30,124,68,56,
16. Mrz. 2021 09:45,106,61,45,
16. Mrz. 2021 10:00,93,57,36,
16. Mrz. 2021 10:15,91,44,47,
16. Mrz. 2021 10:30,104,65,39,
16. Mrz. 2021 10:45,101,53,48,
16. Mrz. 2021 11:00,113,64,49,
16. Mrz. 2021 11:15,105,53,52,
16. Mrz. 2021 11:30,103,60,43,
16. Mrz. 2021 11:45,118,44,74,
16. Mrz. 2021 12:00,116,46,70,
16. Mrz. 2021 12:15,149,58,91,
16. Mrz. 2021 12:30,120,47,73,
16. Mrz. 2021 12:45,132,47,85,
16. Mrz. 2021 13:00,257,100,157,
16. Mrz. 2021 13:15,151,63,88,
16. Mrz. 2021 13:30,103,54,49,
16. Mrz. 2021 13:45,126,60,66,
16. Mrz. 2021 14:00,122,67,55,
16. Mrz. 2021 14:15,99,57,42,
16. Mrz. 2021 14:30,121,67,54,
16. Mrz. 2021 14:45,128,70,58,
16. Mrz. 2021 15:00,101,56,45,
16. Mrz. 2021 15:15,113,52,61,
16. Mrz. 2021 15:30,163,85,78,
16. Mrz. 2021 15:45,149,72,77,
16. Mrz. 2021 16:00,177,84,93,
16. Mrz. 2021 16:15,138,67,71,
16. Mrz. 2021 16:30,170,76,94,
16. Mrz. 2021 16:45,180,88,92,
16. Mrz. 2021 17:00,177,88,89,
16. Mrz. 2021 17:15,171,87,84,
16. Mrz. 2021 17:30,136,61,75,
16. Mrz. 2021 17:45,157,66,91,
16. Mrz. 2021 18:00,138,56,82,
16. Mrz. 2021 18:15,147,55,92,
16. Mrz. 2021 18:30,117,42,75,
16. Mrz. 2021 18:45,107,42,65,
16. Mrz. 2021 19:00,95,35,60,
16. Mrz. 2021 19:15,82,50,32,
16. Mrz. 2021 19:30,59,31,28,
16. Mrz. 2021 19:45,50,21,29,
16. Mrz. 2021 20:00,57,30,27,
16. Mrz. 2021 20:15,57,27,30,
16. Mrz. 2021 20:30,40,25,15,
16. Mrz. 2021 20:45,30,14,16,
16. Mrz. 2021 21:00,11,7,4,
16. Mrz. 2021 21:15,17,10,7,
16. Mrz. 2021 21:30,20,10,10,
16. Mrz. 2021 21:45,22,12,10,
16. Mrz. 2021 22:00,17,11,6,
16. Mrz. 2021 22:15,20,12,8,
16. Mrz. 2021 22:30,12,4,8,
16. Mrz. 2021 22:45,15,7,8,
16. Mrz. 2021 23:00,17,8,9,
16. Mrz. 2021 23:15,15,10,5,
16. Mrz. 2021 23:30,12,7,5,
16. Mrz. 2021 23:45,4,4,0,
17. Mrz. 2021 00:00,5,0,5,
17. Mrz. 2021 00:15,5,2,3,
17. Mrz. 2021 00:30,3,3,0,
17. Mrz. 2021 00:45,6,2,4,
17. Mrz. 2021 01:00,1,0,1,
17. Mrz. 2021 01:15,4,2,2,
17. Mrz. 2021 01:30,2,1,1,
17. Mrz. 2021 01:45,3,2,1,
17. Mrz. 2021 02:00,0,0,0,
17. Mrz. 2021 02:15,1,0,1,
17. Mrz. 2021 02:30,3,1,2,
17. Mrz. 2021 02:45,2,1,1,
17. Mrz. 2021 03:00,0,0,0,
17. Mrz. 2021 03:15,0,0,0,
17. Mrz. 2021 03:30,0,0,0,
17. Mrz. 2021 03:45,0,0,0,
17. Mrz. 2021 04:00,0,0,0,
17. Mrz. 2021 04:15,1,1,0,
17. Mrz. 2021 04:30,0,0,0,
17. Mrz. 2021 04:45,5,3,2,
17. Mrz. 2021 05:00,3,2,1,
17. Mrz. 2021 05:15,6,5,1,
17. Mrz. 2021 05:30,12,8,4,
17. Mrz. 2021 05:45,21,11,10,
17. Mrz. 2021 06:00,17,10,7,
17. Mrz. 2021 06:15,24,19,5,
17. Mrz. 2021 06:30,32,21,11,
17. Mrz. 2021 06:45,52,34,18,
17. Mrz. 2021 07:00,66,41,25,
17. Mrz. 2021 07:15,129,75,54,
17. Mrz. 2021 07:30,226,153,73,
17. Mrz. 2021 07:45,156,82,74,
17. Mrz. 2021 08:00,142,68,74,
17. Mrz. 2021 08:15,165,95,70,
17. Mrz. 2021 08:30,167,101,66,
17. Mrz. 2021 08:45,148,83,65,
17. Mrz. 2021 09:00,127,78,49,
17. Mrz. 2021 09:15,159,110,49,
17. Mrz. 2021 09:30,113,71,42,
17. Mrz. 2021 09:45,98,64,34,
17. Mrz. 2021 10:00,70,38,32,
17. Mrz. 2021 10:15,82,44,38,
17. Mrz. 2021 10:30,96,59,37,
17. Mrz. 2021 10:45,111,62,49,
17. Mrz. 2021 11:00,114,64,50,
17. Mrz. 2021 11:15,102,50,52,
17. Mrz. 2021 11:30,91,39,52,
17. Mrz. 2021 11:45,104,42,62,
17. Mrz. 2021 12:00,140,60,80,
17. Mrz. 2021 12:15,112,37,75,
17. Mrz. 2021 12:30,104,41,63,
17. Mrz. 2021 12:45,147,63,84,
17. Mrz. 2021 13:00,262,91,171,
17. Mrz. 2021 13:15,149,73,76,
17. Mrz. 2021 13:30,100,51,49,
17. Mrz. 2021 13:45,162,75,87,
17. Mrz. 2021 14:00,138,80,58,
17. Mrz. 2021 14:15,110,66,44,
17. Mrz. 2021 14:30,124,51,73,
17. Mrz. 2021 14:45,141,81,60,
17. Mrz. 2021 15:00,153,80,73,
17. Mrz. 2021 15:15,119,60,59,
17. Mrz. 2021 15:30,142,69,73,
17. Mrz. 2021 15:45,148,86,62,
17. Mrz. 2021 16:00,162,81,81,
17. Mrz. 2021 16:15,145,74,71,
17. Mrz. 2021 16:30,186,94,92,
17. Mrz. 2021 16:45,191,106,85,
17. Mrz. 2021 17:00,188,83,105,
17. Mrz. 2021 17:15,194,92,102,
17. Mrz. 2021 17:30,185,94,91,
17. Mrz. 2021 17:45,163,63,100,
17. Mrz. 2021 18:00,122,60,62,
17. Mrz. 2021 18:15,120,36,84,
17. Mrz. 2021 18:30,96,40,56,
17. Mrz. 2021 18:45,101,51,50,
17. Mrz. 2021 19:00,85,33,52,
17. Mrz. 2021 19:15,58,23,35,
17. Mrz. 2021 19:30,48,18,30,
17. Mrz. 2021 19:45,58,24,34,
17. Mrz. 2021 20:00,56,23,33,
17. Mrz. 2021 20:15,40,14,26,
17. Mrz. 2021 20:30,31,13,18,
17. Mrz. 2021 20:45,25,13,12,
17. Mrz. 2021 21:00,24,16,8,
17. Mrz. 2021 21:15,20,11,9,
17. Mrz. 2021 21:30,13,7,6,
17. Mrz. 2021 21:45,14,7,7,
17. Mrz. 2021 22:00,10,4,6,
17. Mrz. 2021 22:15,9,6,3,
17. Mrz. 2021 22:30,17,10,7,
17. Mrz. 2021 22:45,13,7,6,
17. Mrz. 2021 23:00,15,10,5,
17. Mrz. 2021 23:15,13,4,9,
17. Mrz. 2021 23:30,4,1,3,
17. Mrz. 2021 23:45,10,7,3,
18. Mrz. 2021 00:00,6,3,3,
18. Mrz. 2021 00:15,8,5,3,
18. Mrz. 2021 00:30,1,1,0,
18. Mrz. 2021 00:45,3,3,0,
18. Mrz. 2021 01:00,4,2,2,
18. Mrz. 2021 01:15,2,1,1,
18. Mrz. 2021 01:30,1,0,1,
18. Mrz. 2021 01:45,0,0,0,
18. Mrz. 2021 02:00,2,2,0,
18. Mrz. 2021 02:15,2,1,1,
18. Mrz. 2021 02:30,0,0,0,
18. Mrz. 2021 02:45,0,0,0,
18. Mrz. 2021 03:00,3,2,1,
18. Mrz. 2021 03:15,0,0,0,
18. Mrz. 2021 03:30,1,1,0,
18. Mrz. 2021 03:45,0,0,0,
18. Mrz. 2021 04:00,0,0,0,
18. Mrz. 2021 04:15,1,1,0,
18. Mrz. 2021 04:30,1,1,0,
18. Mrz. 2021 04:45,5,2,3,
18. Mrz. 2021 05:00,1,1,0,
18. Mrz. 2021 05:15,8,5,3,
18. Mrz. 2021 05:30,13,9,4,
18. Mrz. 2021 05:45,18,11,7,
18. Mrz. 2021 06:00,29,16,13,
18. Mrz. 2021 06:15,23,17,6,
18. Mrz. 2021 06:30,36,22,14,
18. Mrz. 2021 06:45,60,37,23,
18. Mrz. 2021 07:00,80,41,39,
18. Mrz. 2021 07:15,166,110,56,
18. Mrz. 2021 07:30,284,179,105,
18. Mrz. 2021 07:45,180,95,85,
18. Mrz. 2021 08:00,134,78,56,
18. Mrz. 2021 08:15,162,101,61,
18. Mrz. 2021 08:30,157,90,67,
18. Mrz. 2021 08:45,161,99,62,
18. Mrz. 2021 09:00,145,77,68,
18. Mrz. 2021 09:15,157,101,56,
18. Mrz. 2021 09:30,95,56,39,
18. Mrz. 2021 09:45,116,61,55,
18. Mrz. 2021 10:00,108,57,51,
18. Mrz. 2021 10:15,98,50,48,
18. Mrz. 2021 10:30,91,48,43,
18. Mrz. 2021 10:45,77,44,33,
18. Mrz. 2021 11:00,127,64,63,
18. Mrz. 2021 11:15,139,66,73,
18. Mrz. 2021 11:30,89,56,33,
18. Mrz. 2021 11:45,91,50,41,
18. Mrz. 2021 12:00,109,51,58,
18. Mrz. 2021 12:15,132,60,72,
18. Mrz. 2021 12:30,131,57,74,
18. Mrz. 2021 12:45,165,73,92,
18. Mrz. 2021 13:00,234,97,137,
18. Mrz. 2021 13:15,149,71,78,
18. Mrz. 2021 13:30,138,67,71,
18. Mrz. 2021 13:45,174,90,84,
18. Mrz. 2021 14:00,160,82,78,
18. Mrz. 2021 14:15,115,65,50,
18. Mrz. 2021 14:30,132,54,78,
18. Mrz. 2021 14:45,138,63,75,
18. Mrz. 2021 15:00,146,72,74,
18. Mrz. 2021 15:15,136,69,67,
18. Mrz. 2021 15:30,166,88,78,
18. Mrz. 2021 15:45,176,90,86,
18. Mrz. 2021 16:00,171,73,98,
18. Mrz. 2021 16:15,177,82,95,
18. Mrz. 2021 16:30,189,100,89,
18. Mrz. 2021 16:45,206,104,102,
18. Mrz. 2021 17:00,193,95,98,
18. Mrz. 2021 17:15,223,88,135,
18. Mrz. 2021 17:30,168,76,92,
18. Mrz. 2021 17:45,194,94,100,
18. Mrz. 2021 18:00,151,73,78,
18. Mrz. 2021 18:15,168,80,88,
18. Mrz. 2021 18:30,143,64,79,
18. Mrz. 2021 18:45,140,52,88,
18. Mrz. 2021 19:00,109,47,62,
18. Mrz. 2021 19:15,92,45,47,
18. Mrz. 2021 19:30,76,44,32,
18. Mrz. 2021 19:45,57,32,25,
18. Mrz. 2021 20:00,52,23,29,
18. Mrz. 2021 20:15,49,25,24,
18. Mrz. 2021 20:30,37,15,22,
18. Mrz. 2021 20:45,36,19,17,
18. Mrz. 2021 21:00,19,8,11,
18. Mrz. 2021 21:15,26,11,15,
18. Mrz. 2021 21:30,28,19,9,
18. Mrz. 2021 21:45,24,11,13,
18. Mrz. 2021 22:00,25,13,12,
18. Mrz. 2021 22:15,23,14,9,
18. Mrz. 2021 22:30,15,7,8,
18. Mrz. 2021 22:45,17,10,7,
18. Mrz. 2021 23:00,21,9,12,
18. Mrz. 2021 23:15,22,6,16,
18. Mrz. 2021 23:30,16,4,12,
18. Mrz. 2021 23:45,8,2,6,
19. Mrz. 2021 00:00,12,7,5,
19. Mrz. 2021 00:15,12,11,1,
19. Mrz. 2021 00:30,11,4,7,
19. Mrz. 2021 00:45,10,6,4,
19. Mrz. 2021 01:00,3,2,1,
19. Mrz. 2021 01:15,7,6,1,
19. Mrz. 2021 01:30,5,3,2,
19. Mrz. 2021 01:45,4,1,3,
19. Mrz. 2021 02:00,3,2,1,
19. Mrz. 2021 02:15,4,3,1,
19. Mrz. 2021 02:30,1,0,1,
19. Mrz. 2021 02:45,1,0,1,
19. Mrz. 2021 03:00,0,0,0,
19. Mrz. 2021 03:15,0,0,0,
19. Mrz. 2021 03:30,0,0,0,
19. Mrz. 2021 03:45,2,2,0,
19. Mrz. 2021 04:00,0,0,0,
19. Mrz. 2021 04:15,4,3,1,
19. Mrz. 2021 04:30,2,2,0,
19. Mrz. 2021 04:45,2,0,2,
19. Mrz. 2021 05:00,3,3,0,
19. Mrz. 2021 05:15,11,5,6,
19. Mrz. 2021 05:30,12,6,6,
19. Mrz. 2021 05:45,19,9,10,
19. Mrz. 2021 06:00,23,14,9,
19. Mrz. 2021 06:15,28,21,7,
19. Mrz. 2021 06:30,43,25,18,
19. Mrz. 2021 06:45,50,30,20,
19. Mrz. 2021 07:00,59,27,32,
19. Mrz. 2021 07:15,191,114,77,
19. Mrz. 2021 07:30,268,180,88,
19. Mrz. 2021 07:45,185,101,84,
19. Mrz. 2021 08:00,136,90,46,
19. Mrz. 2021 08:15,175,106,69,
19. Mrz. 2021 08:30,155,78,77,
19. Mrz. 2021 08:45,188,103,85,
19. Mrz. 2021 09:00,155,95,60,
19. Mrz. 2021 09:15,140,87,53,
19. Mrz. 2021 09:30,150,82,68,
19. Mrz. 2021 09:45,169,108,61,
19. Mrz. 2021 10:00,123,56,67,
19. Mrz. 2021 10:15,140,83,57,
19. Mrz. 2021 10:30,142,84,58,
19. Mrz. 2021 10:45,136,84,52,
19. Mrz. 2021 11:00,158,94,64,
19. Mrz. 2021 11:15,148,73,75,
19. Mrz. 2021 11:30,143,61,82,
19. Mrz. 2021 11:45,158,66,92,
19. Mrz. 2021 12:00,148,70,78,
19. Mrz. 2021 12:15,169,71,98,
19. Mrz. 2021 12:30,188,86,102,
19. Mrz. 2021 12:45,195,77,118,
19. Mrz. 2021 13:00,308,105,203,
19. Mrz. 2021 13:15,185,86,99,
19. Mrz. 2021 13:30,134,56,78,
19. Mrz. 2021 13:45,165,73,92,
19. Mrz. 2021 14:00,156,81,75,
19. Mrz. 2021 14:15,144,80,64,
19. Mrz. 2021 14:30,182,91,91,
19. Mrz. 2021 14:45,179,97,82,
19. Mrz. 2021 15:00,174,85,89,
19. Mrz. 2021 15:15,165,90,75,
19. Mrz. 2021 15:30,147,64,83,
19. Mrz. 2021 15:45,205,105,100,
19. Mrz. 2021 16:00,159,61,98,
19. Mrz. 2021 16:15,121,50,71,
19. Mrz. 2021 16:30,121,60,61,
19. Mrz. 2021 16:45,91,49,42,
19. Mrz. 2021 17:00,108,47,61,
19. Mrz. 2021 17:15,105,45,60,
19. Mrz. 2021 17:30,88,37,51,
19. Mrz. 2021 17:45,106,43,63,
19. Mrz. 2021 18:00,104,49,55,
19. Mrz. 2021 18:15,96,35,61,
19. Mrz. 2021 18:30,109,51,58,
19. Mrz. 2021 18:45,76,35,41,
19. Mrz. 2021 19:00,106,47,59,
19. Mrz. 2021 19:15,71,26,45,
19. Mrz. 2021 19:30,53,37,16,
19. Mrz. 2021 19:45,47,25,22,
19. Mrz. 2021 20:00,49,24,25,
19. Mrz. 2021 20:15,42,22,20,
19. Mrz. 2021 20:30,41,18,23,
19. Mrz. 2021 20:45,32,20,12,
19. Mrz. 2021 21:00,30,17,13,
19. Mrz. 2021 21:15,13,4,9,
19. Mrz. 2021 21:30,10,7,3,
19. Mrz. 2021 21:45,11,3,8,
19. Mrz. 2021 22:00,11,5,6,
19. Mrz. 2021 22:15,12,9,3,
19. Mrz. 2021 22:30,18,9,9,
19. Mrz. 2021 22:45,16,5,11,
19. Mrz. 2021 23:00,19,9,10,
19. Mrz. 2021 23:15,17,6,11,
19. Mrz. 2021 23:30,15,5,10,
19. Mrz. 2021 23:45,14,11,3,
20. Mrz. 2021 00:00,12,10,2,
20. Mrz. 2021 00:15,9,3,6,
20. Mrz. 2021 00:30,9,6,3,
20. Mrz. 2021 00:45,17,14,3,
20. Mrz. 2021 01:00,12,5,7,
20. Mrz. 2021 01:15,15,5,10,
20. Mrz. 2021 01:30,8,5,3,
20. Mrz. 2021 01:45,15,8,7,
20. Mrz. 2021 02:00,12,6,6,
20. Mrz. 2021 02:15,5,4,1,
20. Mrz. 2021 02:30,5,2,3,
20. Mrz. 2021 02:45,10,3,7,
20. Mrz. 2021 03:00,7,4,3,
20. Mrz. 2021 03:15,0,0,0,
20. Mrz. 2021 03:30,2,0,2,
20. Mrz. 2021 03:45,3,2,1,
20. Mrz. 2021 04:00,0,0,0,
20. Mrz. 2021 04:15,4,3,1,
20. Mrz. 2021 04:30,8,6,2,
20. Mrz. 2021 04:45,5,3,2,
20. Mrz. 2021 05:00,3,1,2,
20. Mrz. 2021 05:15,5,2,3,
20. Mrz. 2021 05:30,6,4,2,
20. Mrz. 2021 05:45,6,0,6,
20. Mrz. 2021 06:00,9,5,4,
20. Mrz. 2021 06:15,12,7,5,
20. Mrz. 2021 06:30,7,3,4,
20. Mrz. 2021 06:45,9,5,4,
20. Mrz. 2021 07:00,7,3,4,
20. Mrz. 2021 07:15,17,8,9,
20. Mrz. 2021 07:30,9,3,6,
20. Mrz. 2021 07:45,28,14,14,
20. Mrz. 2021 08:00,19,10,9,
20. Mrz. 2021 08:15,22,13,9,
20. Mrz. 2021 08:30,49,19,30,
20. Mrz. 2021 08:45,59,25,34,
20. Mrz. 2021 09:00,48,35,13,
20. Mrz. 2021 09:15,78,43,35,
20. Mrz. 2021 09:30,78,45,33,
20. Mrz. 2021 09:45,84,53,31,
20. Mrz. 2021 10:00,88,48,40,
20. Mrz. 2021 10:15,76,44,32,
20. Mrz. 2021 10:30,86,47,39,
20. Mrz. 2021 10:45,107,51,56,
20. Mrz. 2021 11:00,88,49,39,
20. Mrz. 2021 11:15,76,42,34,
20. Mrz. 2021 11:30,87,49,38,
20. Mrz. 2021 11:45,83,48,35,
20. Mrz. 2021 12:00,110,57,53,
20. Mrz. 2021 12:15,92,43,49,
20. Mrz. 2021 12:30,114,64,50,
20. Mrz. 2021 12:45,113,71,42,
20. Mrz. 2021 13:00,131,62,69,
20. Mrz. 2021 13:15,94,46,48,
20. Mrz. 2021 13:30,112,47,65,
20. Mrz. 2021 13:45,111,42,69,
20. Mrz. 2021 14:00,212,47,165,
20. Mrz. 2021 14:15,377,78,299,
20. Mrz. 2021 14:30,362,77,285,
20. Mrz. 2021 14:45,266,58,208,
20. Mrz. 2021 15:00,181,74,107,
20. Mrz. 2021 15:15,152,71,81,
20. Mrz. 2021 15:30,137,82,55,
20. Mrz. 2021 15:45,147,72,75,
20. Mrz. 2021 16:00,104,56,48,
20. Mrz. 2021 16:15,106,41,65,
20. Mrz. 2021 16:30,111,56,55,
20. Mrz. 2021 16:45,125,58,67,
20. Mrz. 2021 17:00,110,52,58,
20. Mrz. 2021 17:15,111,45,66,
20. Mrz. 2021 17:30,123,54,69,
20. Mrz. 2021 17:45,121,74,47,
20. Mrz. 2021 18:00,125,59,66,
20. Mrz. 2021 18:15,108,64,44,
20. Mrz. 2021 18:30,91,44,47,
20. Mrz. 2021 18:45,91,46,45,
20. Mrz. 2021 19:00,61,33,28,
20. Mrz. 2021 19:15,63,31,32,
20. Mrz. 2021 19:30,47,26,21,
20. Mrz. 2021 19:45,35,18,17,
20. Mrz. 2021 20:00,59,24,35,
20. Mrz. 2021 20:15,54,30,24,
20. Mrz. 2021 20:30,34,17,17,
20. Mrz. 2021 20:45,22,12,10,
20. Mrz. 2021 21:00,32,14,18,
20. Mrz. 2021 21:15,18,8,10,
20. Mrz. 2021 21:30,22,13,9,
20. Mrz. 2021 21:45,21,16,5,
20. Mrz. 2021 22:00,13,12,1,
20. Mrz. 2021 22:15,17,11,6,
20. Mrz. 2021 22:30,24,15,9,
20. Mrz. 2021 22:45,16,9,7,
20. Mrz. 2021 23:00,22,11,11,
20. Mrz. 2021 23:15,15,7,8,
20. Mrz. 2021 23:30,13,7,6,
20. Mrz. 2021 23:45,7,3,4,
21. Mrz. 2021 00:00,22,8,14,
21. Mrz. 2021 00:15,23,10,13,
21. Mrz. 2021 00:30,19,12,7,
21. Mrz. 2021 00:45,22,11,11,
21. Mrz. 2021 01:00,4,2,2,
21. Mrz. 2021 01:15,6,2,4,
21. Mrz. 2021 01:30,15,9,6,
21. Mrz. 2021 01:45,12,5,7,
21. Mrz. 2021 02:00,3,3,0,
21. Mrz. 2021 02:15,4,0,4,
21. Mrz. 2021 02:30,7,2,5,
21. Mrz. 2021 02:45,6,4,2,
21. Mrz. 2021 03:00,5,2,3,
21. Mrz. 2021 03:15,2,0,2,
21. Mrz. 2021 03:30,0,0,0,
21. Mrz. 2021 03:45,3,3,0,
21. Mrz. 2021 04:00,4,1,3,
21. Mrz. 2021 04:15,2,0,2,
21. Mrz. 2021 04:30,1,1,0,
21. Mrz. 2021 04:45,1,0,1,
21. Mrz. 2021 05:00,1,1,0,
21. Mrz. 2021 05:15,2,2,0,
21. Mrz. 2021 05:30,3,2,1,
21. Mrz. 2021 05:45,8,2,6,
21. Mrz. 2021 06:00,7,3,4,
21. Mrz. 2021 06:15,3,3,0,
21. Mrz. 2021 06:30,5,2,3,
21. Mrz. 2021 06:45,8,5,3,
21. Mrz. 2021 07:00,5,2,3,
21. Mrz. 2021 07:15,6,5,1,
21. Mrz. 2021 07:30,10,3,7,
21. Mrz. 2021 07:45,6,4,2,
21. Mrz. 2021 08:00,4,4,0,
21. Mrz. 2021 08:15,9,4,5,
21. Mrz. 2021 08:30,18,9,9,
21. Mrz. 2021 08:45,21,9,12,
21. Mrz. 2021 09:00,23,19,4,
21. Mrz. 2021 09:15,23,10,13,
21. Mrz. 2021 09:30,29,19,10,
21. Mrz. 2021 09:45,55,30,25,
21. Mrz. 2021 10:00,45,18,27,
21. Mrz. 2021 10:15,20,14,6,
21. Mrz. 2021 10:30,35,17,18,
21. Mrz. 2021 10:45,52,27,25,
21. Mrz. 2021 11:00,56,25,31,
21. Mrz. 2021 11:15,57,22,35,
21. Mrz. 2021 11:30,55,21,34,
21. Mrz. 2021 11:45,52,27,25,
21. Mrz. 2021 12:00,40,17,23,
21. Mrz. 2021 12:15,53,31,22,
21. Mrz. 2021 12:30,39,22,17,
21. Mrz. 2021 12:45,58,35,23,
21. Mrz. 2021 13:00,49,24,25,
21. Mrz. 2021 13:15,47,26,21,
21. Mrz. 2021 13:30,52,26,26,
21. Mrz. 2021 13:45,63,41,22,
21. Mrz. 2021 14:00,51,25,26,
21. Mrz. 2021 14:15,75,37,38,
21. Mrz. 2021 14:30,64,36,28,
21. Mrz. 2021 14:45,66,30,36,
21. Mrz. 2021 15:00,88,52,36,
21. Mrz. 2021 15:15,74,45,29,
21. Mrz. 2021 15:30,64,20,44,
21. Mrz. 2021 15:45,89,55,34,
21. Mrz. 2021 16:00,55,22,33,
21. Mrz. 2021 16:15,73,52,21,
21. Mrz. 2021 16:30,68,33,35,
21. Mrz. 2021 16:45,69,35,34,
21. Mrz. 2021 17:00,54,28,26,
21. Mrz. 2021 17:15,74,38,36,
21. Mrz. 2021 17:30,77,49,28,
21. Mrz. 2021 17:45,81,45,36,
21. Mrz. 2021 18:00,60,32,28,
21. Mrz. 2021 18:15,57,40,17,
21. Mrz. 2021 18:30,52,34,18,
21. Mrz. 2021 18:45,47,32,15,
21. Mrz. 2021 19:00,43,24,19,
21. Mrz. 2021 19:15,44,24,20,
21. Mrz. 2021 19:30,30,14,16,
21. Mrz. 2021 19:45,32,19,13,
21. Mrz. 2021 20:00,33,19,14,
21. Mrz. 2021 20:15,22,9,13,
21. Mrz. 2021 20:30,25,13,12,
21. Mrz. 2021 20:45,18,11,7,
21. Mrz. 2021 21:00,28,14,14,
21. Mrz. 2021 21:15,25,12,13,
21. Mrz. 2021 21:30,10,4,6,
21. Mrz. 2021 21:45,12,3,9,
21. Mrz. 2021 22:00,10,6,4,
21. Mrz. 2021 22:15,11,4,7,
21. Mrz. 2021 22:30,4,2,2,
21. Mrz. 2021 22:45,13,4,9,
21. Mrz. 2021 23:00,10,2,8,
21. Mrz. 2021 23:15,4,2,2,
21. Mrz. 2021 23:30,3,2,1,
21. Mrz. 2021 23:45,6,2,4,
22. Mrz. 2021 00:00,3,2,1,
22. Mrz. 2021 00:15,4,2,2,
22. Mrz. 2021 00:30,4,2,2,
22. Mrz. 2021 00:45,4,1,3,
22. Mrz. 2021 01:00,1,1,0,
22. Mrz. 2021 01:15,1,0,1,
22. Mrz. 2021 01:30,3,3,0,
22. Mrz. 2021 01:45,2,1,1,
22. Mrz. 2021 02:00,2,1,1,
22. Mrz. 2021 02:15,2,2,0,
22. Mrz. 2021 02:30,2,2,0,
22. Mrz. 2021 02:45,0,0,0,
22. Mrz. 2021 03:00,0,0,0,
22. Mrz. 2021 03:15,0,0,0,
22. Mrz. 2021 03:30,0,0,0,
22. Mrz. 2021 03:45,3,2,1,
22. Mrz. 2021 04:00,0,0,0,
22. Mrz. 2021 04:15,1,0,1,
22. Mrz. 2021 04:30,0,0,0,
22. Mrz. 2021 04:45,3,1,2,
22. Mrz. 2021 05:00,2,2,0,
22. Mrz. 2021 05:15,3,1,2,
22. Mrz. 2021 05:30,14,6,8,
22. Mrz. 2021 05:45,26,19,7,
22. Mrz. 2021 06:00,33,21,12,
22. Mrz. 2021 06:15,31,17,14,
22. Mrz. 2021 06:30,36,19,17,
22. Mrz. 2021 06:45,55,33,22,
22. Mrz. 2021 07:00,104,54,50,
22. Mrz. 2021 07:15,159,106,53,
22. Mrz. 2021 07:30,323,223,100,
22. Mrz. 2021 07:45,169,95,74,
22. Mrz. 2021 08:00,138,72,66,
22. Mrz. 2021 08:15,207,126,81,
22. Mrz. 2021 08:30,170,92,78,
22. Mrz. 2021 08:45,173,102,71,
22. Mrz. 2021 09:00,119,71,48,
22. Mrz. 2021 09:15,151,98,53,
22. Mrz. 2021 09:30,155,76,79,
22. Mrz. 2021 09:45,131,69,62,
22. Mrz. 2021 10:00,92,61,31,
22. Mrz. 2021 10:15,87,55,32,
22. Mrz. 2021 10:30,95,59,36,
22. Mrz. 2021 10:45,97,61,36,
22. Mrz. 2021 11:00,127,57,70,
22. Mrz. 2021 11:15,136,65,71,
22. Mrz. 2021 11:30,120,65,55,
22. Mrz. 2021 11:45,106,52,54,
22. Mrz. 2021 12:00,147,68,79,
22. Mrz. 2021 12:15,170,64,106,
22. Mrz. 2021 12:30,141,68,73,
22. Mrz. 2021 12:45,156,69,87,
22. Mrz. 2021 13:00,270,82,188,
22. Mrz. 2021 13:15,181,94,87,
22. Mrz. 2021 13:30,134,63,71,
22. Mrz. 2021 13:45,169,73,96,
22. Mrz. 2021 14:00,123,65,58,
22. Mrz. 2021 14:15,123,74,49,
22. Mrz. 2021 14:30,119,75,44,
22. Mrz. 2021 14:45,132,71,61,
22. Mrz. 2021 15:00,131,68,63,
22. Mrz. 2021 15:15,149,76,73,
22. Mrz. 2021 15:30,200,97,103,
22. Mrz. 2021 15:45,166,83,83,
22. Mrz. 2021 16:00,180,91,89,
22. Mrz. 2021 16:15,212,104,108,
22. Mrz. 2021 16:30,170,97,73,
22. Mrz. 2021 16:45,191,89,102,
22. Mrz. 2021 17:00,194,84,110,
22. Mrz. 2021 17:15,184,88,96,
22. Mrz. 2021 17:30,195,91,104,
22. Mrz. 2021 17:45,161,82,79,
22. Mrz. 2021 18:00,165,59,106,
22. Mrz. 2021 18:15,135,52,83,
22. Mrz. 2021 18:30,120,56,64,
22. Mrz. 2021 18:45,122,59,63,
22. Mrz. 2021 19:00,93,40,53,
22. Mrz. 2021 19:15,86,35,51,
22. Mrz. 2021 19:30,53,26,27,
22. Mrz. 2021 19:45,55,27,28,
22. Mrz. 2021 20:00,60,30,30,
22. Mrz. 2021 20:15,36,16,20,
22. Mrz. 2021 20:30,48,29,19,
22. Mrz. 2021 20:45,20,9,11,
22. Mrz. 2021 21:00,35,19,16,
22. Mrz. 2021 21:15,25,12,13,
22. Mrz. 2021 21:30,24,9,15,
22. Mrz. 2021 21:45,18,7,11,
22. Mrz. 2021 22:00,27,12,15,
22. Mrz. 2021 22:15,12,6,6,
22. Mrz. 2021 22:30,10,7,3,
22. Mrz. 2021 22:45,4,3,1,
22. Mrz. 2021 23:00,12,7,5,
22. Mrz. 2021 23:15,10,4,6,
22. Mrz. 2021 23:30,10,6,4,
22. Mrz. 2021 23:45,4,3,1,
23. Mrz. 2021 00:00,5,2,3,
23. Mrz. 2021 00:15,5,4,1,
23. Mrz. 2021 00:30,9,4,5,
23. Mrz. 2021 00:45,2,1,1,
23. Mrz. 2021 01:00,1,0,1,
23. Mrz. 2021 01:15,4,2,2,
23. Mrz. 2021 01:30,2,2,0,
23. Mrz. 2021 01:45,5,4,1,
23. Mrz. 2021 02:00,1,1,0,
23. Mrz. 2021 02:15,4,4,0,
23. Mrz. 2021 02:30,0,0,0,
23. Mrz. 2021 02:45,0,0,0,
23. Mrz. 2021 03:00,0,0,0,
23. Mrz. 2021 03:15,0,0,0,
23. Mrz. 2021 03:30,0,0,0,
23. Mrz. 2021 03:45,1,1,0,
23. Mrz. 2021 04:00,0,0,0,
23. Mrz. 2021 04:15,0,0,0,
23. Mrz. 2021 04:30,0,0,0,
23. Mrz. 2021 04:45,2,0,2,
23. Mrz. 2021 05:00,1,1,0,
23. Mrz. 2021 05:15,10,7,3,
23. Mrz. 2021 05:30,12,7,5,
23. Mrz. 2021 05:45,27,15,12,
23. Mrz. 2021 06:00,29,20,9,
23. Mrz. 2021 06:15,43,24,19,
23. Mrz. 2021 06:30,42,30,12,
23. Mrz. 2021 06:45,62,37,25,
23. Mrz. 2021 07:00,89,47,42,
23. Mrz. 2021 07:15,183,114,69,
23. Mrz. 2021 07:30,322,203,119,
23. Mrz. 2021 07:45,211,109,102,
23. Mrz. 2021 08:00,180,92,88,
23. Mrz. 2021 08:15,169,96,73,
23. Mrz. 2021 08:30,215,117,98,
23. Mrz. 2021 08:45,181,108,73,
23. Mrz. 2021 09:00,104,68,36,
23. Mrz. 2021 09:15,166,116,50,
23. Mrz. 2021 09:30,147,76,71,
23. Mrz. 2021 09:45,145,91,54,
23. Mrz. 2021 10:00,106,59,47,
23. Mrz. 2021 10:15,118,58,60,
23. Mrz. 2021 10:30,113,57,56,
23. Mrz. 2021 10:45,136,79,57,
23. Mrz. 2021 11:00,127,67,60,
23. Mrz. 2021 11:15,140,68,72,
23. Mrz. 2021 11:30,151,75,76,
23. Mrz. 2021 11:45,149,82,67,
23. Mrz. 2021 12:00,153,69,84,
23. Mrz. 2021 12:15,153,69,84,
23. Mrz. 2021 12:30,161,65,96,
23. Mrz. 2021 12:45,207,101,106,
23. Mrz. 2021 13:00,282,86,196,
23. Mrz. 2021 13:15,236,118,118,
23. Mrz. 2021 13:30,201,94,107,
23. Mrz. 2021 13:45,205,100,105,
23. Mrz. 2021 14:00,191,109,82,
23. Mrz. 2021 14:15,200,99,101,
23. Mrz. 2021 14:30,195,100,95,
23. Mrz. 2021 14:45,177,91,86,
23. Mrz. 2021 15:00,185,90,95,
23. Mrz. 2021 15:15,208,108,100,
23. Mrz. 2021 15:30,231,117,114,
23. Mrz. 2021 15:45,237,114,123,
23. Mrz. 2021 16:00,218,89,129,
23. Mrz. 2021 16:15,208,107,101,
23. Mrz. 2021 16:30,218,118,100,
23. Mrz. 2021 16:45,239,116,123,
23. Mrz. 2021 17:00,219,99,120,
23. Mrz. 2021 17:15,239,113,126,
23. Mrz. 2021 17:30,230,115,115,
23. Mrz. 2021 17:45,243,123,120,
23. Mrz. 2021 18:00,200,78,122,
23. Mrz. 2021 18:15,215,101,114,
23. Mrz. 2021 18:30,165,69,96,
23. Mrz. 2021 18:45,176,76,100,
23. Mrz. 2021 19:00,122,54,68,
23. Mrz. 2021 19:15,115,64,51,
23. Mrz. 2021 19:30,84,44,40,
23. Mrz. 2021 19:45,61,28,33,
23. Mrz. 2021 20:00,70,29,41,
23. Mrz. 2021 20:15,52,30,22,
23. Mrz. 2021 20:30,49,20,29,
23. Mrz. 2021 20:45,34,14,20,
23. Mrz. 2021 21:00,29,14,15,
23. Mrz. 2021 21:15,33,17,16,
23. Mrz. 2021 21:30,29,11,18,
23. Mrz. 2021 21:45,25,11,14,
23. Mrz. 2021 22:00,18,12,6,
23. Mrz. 2021 22:15,12,6,6,
23. Mrz. 2021 22:30,21,7,14,
23. Mrz. 2021 22:45,24,10,14,
23. Mrz. 2021 23:00,12,6,6,
23. Mrz. 2021 23:15,9,5,4,
23. Mrz. 2021 23:30,14,11,3,
23. Mrz. 2021 23:45,7,5,2,
24. Mrz. 2021 00:00,11,6,5,
24. Mrz. 2021 00:15,1,0,1,
24. Mrz. 2021 00:30,4,3,1,
24. Mrz. 2021 00:45,4,2,2,
24. Mrz. 2021 01:00,4,2,2,
24. Mrz. 2021 01:15,1,1,0,
24. Mrz. 2021 01:30,3,1,2,
24. Mrz. 2021 01:45,4,3,1,
24. Mrz. 2021 02:00,4,4,0,
24. Mrz. 2021 02:15,2,2,0,
24. Mrz. 2021 02:30,3,2,1,
24. Mrz. 2021 02:45,1,1,0,
24. Mrz. 2021 03:00,1,1,0,
24. Mrz. 2021 03:15,0,0,0,
24. Mrz. 2021 03:30,0,0,0,
24. Mrz. 2021 03:45,0,0,0,
24. Mrz. 2021 04:00,1,1,0,
24. Mrz. 2021 04:15,0,0,0,
24. Mrz. 2021 04:30,2,2,0,
24. Mrz. 2021 04:45,6,3,3,
24. Mrz. 2021 05:00,3,3,0,
24. Mrz. 2021 05:15,5,3,2,
24. Mrz. 2021 05:30,12,4,8,
24. Mrz. 2021 05:45,24,13,11,
24. Mrz. 2021 06:00,35,25,10,
24. Mrz. 2021 06:15,33,18,15,
24. Mrz. 2021 06:30,55,32,23,
24. Mrz. 2021 06:45,60,35,25,
24. Mrz. 2021 07:00,82,44,38,
24. Mrz. 2021 07:15,180,115,65,
24. Mrz. 2021 07:30,312,202,110,
24. Mrz. 2021 07:45,205,128,77,
24. Mrz. 2021 08:00,172,98,74,
24. Mrz. 2021 08:15,188,102,86,
24. Mrz. 2021 08:30,193,105,88,
24. Mrz. 2021 08:45,185,100,85,
24. Mrz. 2021 09:00,152,98,54,
24. Mrz. 2021 09:15,224,159,65,
24. Mrz. 2021 09:30,158,87,71,
24. Mrz. 2021 09:45,149,89,60,
24. Mrz. 2021 10:00,120,64,56,
24. Mrz. 2021 10:15,123,76,47,
24. Mrz. 2021 10:30,116,57,59,
24. Mrz. 2021 10:45,152,93,59,
24. Mrz. 2021 11:00,142,72,70,
24. Mrz. 2021 11:15,165,95,70,
24. Mrz. 2021 11:30,147,66,81,
24. Mrz. 2021 11:45,186,86,100,
24. Mrz. 2021 12:00,177,73,104,
24. Mrz. 2021 12:15,216,97,119,
24. Mrz. 2021 12:30,192,97,95,
24. Mrz. 2021 12:45,200,98,102,
24. Mrz. 2021 13:00,317,106,211,
24. Mrz. 2021 13:15,219,110,109,
24. Mrz. 2021 13:30,215,118,97,
24. Mrz. 2021 13:45,248,149,99,
24. Mrz. 2021 14:00,191,88,103,
24. Mrz. 2021 14:15,198,104,94,
24. Mrz. 2021 14:30,223,119,104,
24. Mrz. 2021 14:45,241,118,123,
24. Mrz. 2021 15:00,214,97,117,
24. Mrz. 2021 15:15,222,120,102,
24. Mrz. 2021 15:30,253,118,135,
24. Mrz. 2021 15:45,267,108,159,
24. Mrz. 2021 16:00,280,137,143,
24. Mrz. 2021 16:15,264,132,132,
24. Mrz. 2021 16:30,273,127,146,
24. Mrz. 2021 16:45,246,130,116,
24. Mrz. 2021 17:00,262,119,143,
24. Mrz. 2021 17:15,266,116,150,
24. Mrz. 2021 17:30,299,152,147,
24. Mrz. 2021 17:45,236,114,122,
24. Mrz. 2021 18:00,266,119,147,
24. Mrz. 2021 18:15,208,93,115,
24. Mrz. 2021 18:30,195,86,109,
24. Mrz. 2021 18:45,176,76,100,
24. Mrz. 2021 19:00,143,58,85,
24. Mrz. 2021 19:15,123,65,58,
24. Mrz. 2021 19:30,91,52,39,
24. Mrz. 2021 19:45,87,40,47,
24. Mrz. 2021 20:00,81,36,45,
24. Mrz. 2021 20:15,61,31,30,
24. Mrz. 2021 20:30,55,23,32,
24. Mrz. 2021 20:45,40,19,21,
24. Mrz. 2021 21:00,36,15,21,
24. Mrz. 2021 21:15,31,15,16,
24. Mrz. 2021 21:30,23,11,12,
24. Mrz. 2021 21:45,27,14,13,
24. Mrz. 2021 22:00,34,19,15,
24. Mrz. 2021 22:15,16,7,9,
24. Mrz. 2021 22:30,23,14,9,
24. Mrz. 2021 22:45,30,14,16,
24. Mrz. 2021 23:00,16,6,10,
24. Mrz. 2021 23:15,18,9,9,
24. Mrz. 2021 23:30,14,7,7,
24. Mrz. 2021 23:45,8,4,4,
25. Mrz. 2021 00:00,13,8,5,
25. Mrz. 2021 00:15,17,12,5,
25. Mrz. 2021 00:30,10,7,3,
25. Mrz. 2021 00:45,4,2,2,
25. Mrz. 2021 01:00,3,2,1,
25. Mrz. 2021 01:15,3,1,2,
25. Mrz. 2021 01:30,2,0,2,
25. Mrz. 2021 01:45,8,4,4,
25. Mrz. 2021 02:00,0,0,0,
25. Mrz. 2021 02:15,3,1,2,
25. Mrz. 2021 02:30,2,1,1,
25. Mrz. 2021 02:45,0,0,0,
25. Mrz. 2021 03:00,2,2,0,
25. Mrz. 2021 03:15,0,0,0,
25. Mrz. 2021 03:30,1,1,0,
25. Mrz. 2021 03:45,4,3,1,
25. Mrz. 2021 04:00,1,1,0,
25. Mrz. 2021 04:15,0,0,0,
25. Mrz. 2021 04:30,2,2,0,
25. Mrz. 2021 04:45,6,2,4,
25. Mrz. 2021 05:00,1,1,0,
25. Mrz. 2021 05:15,6,2,4,
25. Mrz. 2021 05:30,16,9,7,
25. Mrz. 2021 05:45,28,17,11,
25. Mrz. 2021 06:00,31,13,18,
25. Mrz. 2021 06:15,37,27,10,
25. Mrz. 2021 06:30,46,31,15,
25. Mrz. 2021 06:45,66,39,27,
25. Mrz. 2021 07:00,93,52,41,
25. Mrz. 2021 07:15,210,144,66,
25. Mrz. 2021 07:30,329,219,110,
25. Mrz. 2021 07:45,227,134,93,
25. Mrz. 2021 08:00,181,99,82,
25. Mrz. 2021 08:15,209,116,93,
25. Mrz. 2021 08:30,211,120,91,
25. Mrz. 2021 08:45,181,103,78,
25. Mrz. 2021 09:00,160,77,83,
25. Mrz. 2021 09:15,189,90,99,
25. Mrz. 2021 09:30,147,68,79,
25. Mrz. 2021 09:45,130,78,52,
25. Mrz. 2021 10:00,104,54,50,
25. Mrz. 2021 10:15,116,61,55,
25. Mrz. 2021 10:30,121,55,66,
25. Mrz. 2021 10:45,113,67,46,
25. Mrz. 2021 11:00,145,63,82,
25. Mrz. 2021 11:15,156,80,76,
25. Mrz. 2021 11:30,124,66,58,
25. Mrz. 2021 11:45,138,61,77,
25. Mrz. 2021 12:00,153,80,73,
25. Mrz. 2021 12:15,198,98,100,
25. Mrz. 2021 12:30,207,82,125,
25. Mrz. 2021 12:45,184,80,104,
25. Mrz. 2021 13:00,265,94,171,
25. Mrz. 2021 13:15,198,92,106,
25. Mrz. 2021 13:30,192,101,91,
25. Mrz. 2021 13:45,174,68,106,
25. Mrz. 2021 14:00,213,98,115,
25. Mrz. 2021 14:15,215,114,101,
25. Mrz. 2021 14:30,203,117,86,
25. Mrz. 2021 14:45,198,109,89,
25. Mrz. 2021 15:00,206,104,102,
25. Mrz. 2021 15:15,195,87,108,
25. Mrz. 2021 15:30,207,108,99,
25. Mrz. 2021 15:45,251,118,133,
25. Mrz. 2021 16:00,240,96,144,
25. Mrz. 2021 16:15,237,98,139,
25. Mrz. 2021 16:30,243,125,118,
25. Mrz. 2021 16:45,214,106,108,
25. Mrz. 2021 17:00,199,91,108,
25. Mrz. 2021 17:15,253,139,114,
25. Mrz. 2021 17:30,196,103,93,
25. Mrz. 2021 17:45,231,104,127,
25. Mrz. 2021 18:00,222,94,128,
25. Mrz. 2021 18:15,203,89,114,
25. Mrz. 2021 18:30,168,87,81,
25. Mrz. 2021 18:45,155,63,92,
25. Mrz. 2021 19:00,150,70,80,
25. Mrz. 2021 19:15,123,51,72,
25. Mrz. 2021 19:30,107,49,58,
25. Mrz. 2021 19:45,82,35,47,
25. Mrz. 2021 20:00,63,25,38,
25. Mrz. 2021 20:15,66,28,38,
25. Mrz. 2021 20:30,51,24,27,
25. Mrz. 2021 20:45,54,29,25,
25. Mrz. 2021 21:00,46,23,23,
25. Mrz. 2021 21:15,33,18,15,
25. Mrz. 2021 21:30,16,6,10,
25. Mrz. 2021 21:45,17,8,9,
25. Mrz. 2021 22:00,26,17,9,
25. Mrz. 2021 22:15,22,10,12,
25. Mrz. 2021 22:30,23,11,12,
25. Mrz. 2021 22:45,30,15,15,
25. Mrz. 2021 23:00,38,16,22,
25. Mrz. 2021 23:15,16,8,8,
25. Mrz. 2021 23:30,17,11,6,
25. Mrz. 2021 23:45,11,6,5,
26. Mrz. 2021 00:00,16,10,6,
26. Mrz. 2021 00:15,8,3,5,
26. Mrz. 2021 00:30,6,3,3,
26. Mrz. 2021 00:45,2,2,0,
26. Mrz. 2021 01:00,4,2,2,
26. Mrz. 2021 01:15,10,4,6,
26. Mrz. 2021 01:30,8,4,4,
26. Mrz. 2021 01:45,5,3,2,
26. Mrz. 2021 02:00,2,2,0,
26. Mrz. 2021 02:15,2,2,0,
26. Mrz. 2021 02:30,1,1,0,
26. Mrz. 2021 02:45,1,0,1,
26. Mrz. 2021 03:00,1,0,1,
26. Mrz. 2021 03:15,2,0,2,
26. Mrz. 2021 03:30,0,0,0,
26. Mrz. 2021 03:45,0,0,0,
26. Mrz. 2021 04:00,0,0,0,
26. Mrz. 2021 04:15,2,2,0,
26. Mrz. 2021 04:30,2,2,0,
26. Mrz. 2021 04:45,1,0,1,
26. Mrz. 2021 05:00,3,2,1,
26. Mrz. 2021 05:15,1,1,0,
26. Mrz. 2021 05:30,13,5,8,
26. Mrz. 2021 05:45,27,13,14,
26. Mrz. 2021 06:00,21,12,9,
26. Mrz. 2021 06:15,30,20,10,
26. Mrz. 2021 06:30,42,25,17,
26. Mrz. 2021 06:45,60,35,25,
26. Mrz. 2021 07:00,87,42,45,
26. Mrz. 2021 07:15,160,115,45,
26. Mrz. 2021 07:30,319,233,86,
26. Mrz. 2021 07:45,214,120,94,
26. Mrz. 2021 08:00,154,89,65,
26. Mrz. 2021 08:15,178,101,77,
26. Mrz. 2021 08:30,199,112,87,
26. Mrz. 2021 08:45,207,119,88,
26. Mrz. 2021 09:00,168,101,67,
26. Mrz. 2021 09:15,199,115,84,
26. Mrz. 2021 09:30,193,107,86,
26. Mrz. 2021 09:45,181,110,71,
26. Mrz. 2021 10:00,116,68,48,
26. Mrz. 2021 10:15,150,79,71,
26. Mrz. 2021 10:30,132,73,59,
26. Mrz. 2021 10:45,200,116,84,
26. Mrz. 2021 11:00,171,81,90,
26. Mrz. 2021 11:15,185,95,90,
26. Mrz. 2021 11:30,161,83,78,
26. Mrz. 2021 11:45,176,83,93,
26. Mrz. 2021 12:00,211,99,112,
26. Mrz. 2021 12:15,239,100,139,
26. Mrz. 2021 12:30,215,86,129,
26. Mrz. 2021 12:45,233,120,113,
26. Mrz. 2021 13:00,381,126,255,
26. Mrz. 2021 13:15,209,81,128,
26. Mrz. 2021 13:30,202,92,110,
26. Mrz. 2021 13:45,226,103,123,
26. Mrz. 2021 14:00,235,104,131,
26. Mrz. 2021 14:15,204,106,98,
26. Mrz. 2021 14:30,242,115,127,
26. Mrz. 2021 14:45,247,136,111,
26. Mrz. 2021 15:00,188,87,101,
26. Mrz. 2021 15:15,221,99,122,
26. Mrz. 2021 15:30,210,107,103,
26. Mrz. 2021 15:45,238,103,135,
26. Mrz. 2021 16:00,214,111,103,
26. Mrz. 2021 16:15,198,103,95,
26. Mrz. 2021 16:30,219,116,103,
26. Mrz. 2021 16:45,208,96,112,
26. Mrz. 2021 17:00,224,103,121,
26. Mrz. 2021 17:15,189,97,92,
26. Mrz. 2021 17:30,244,119,125,
26. Mrz. 2021 17:45,220,88,132,
26. Mrz. 2021 18:00,208,94,114,
26. Mrz. 2021 18:15,191,91,100,
26. Mrz. 2021 18:30,144,71,73,
26. Mrz. 2021 18:45,145,64,81,
26. Mrz. 2021 19:00,144,79,65,
26. Mrz. 2021 19:15,107,50,57,
26. Mrz. 2021 19:30,115,59,56,
26. Mrz. 2021 19:45,93,47,46,
26. Mrz. 2021 20:00,69,41,28,
26. Mrz. 2021 20:15,56,27,29,
26. Mrz. 2021 20:30,58,34,24,
26. Mrz. 2021 20:45,42,19,23,
26. Mrz. 2021 21:00,40,22,18,
26. Mrz. 2021 21:15,31,18,13,
26. Mrz. 2021 21:30,19,12,7,
26. Mrz. 2021 21:45,31,13,18,
26. Mrz. 2021 22:00,48,33,15,
26. Mrz. 2021 22:15,24,12,12,
26. Mrz. 2021 22:30,30,16,14,
26. Mrz. 2021 22:45,37,18,19,
26. Mrz. 2021 23:00,20,9,11,
26. Mrz. 2021 23:15,25,12,13,
26. Mrz. 2021 23:30,13,4,9,
26. Mrz. 2021 23:45,21,8,13,
27. Mrz. 2021 00:00,22,18,4,
27. Mrz. 2021 00:15,14,8,6,
27. Mrz. 2021 00:30,15,7,8,
27. Mrz. 2021 00:45,18,8,10,
27. Mrz. 2021 01:00,11,4,7,
27. Mrz. 2021 01:15,10,7,3,
27. Mrz. 2021 01:30,10,5,5,
27. Mrz. 2021 01:45,14,4,10,
27. Mrz. 2021 02:00,10,4,6,
27. Mrz. 2021 02:15,8,1,7,
27. Mrz. 2021 02:30,13,7,6,
27. Mrz. 2021 02:45,14,5,9,
27. Mrz. 2021 03:00,5,3,2,
27. Mrz. 2021 03:15,7,1,6,
27. Mrz. 2021 03:30,2,2,0,
27. Mrz. 2021 03:45,3,3,0,
27. Mrz. 2021 04:00,4,3,1,
27. Mrz. 2021 04:15,4,4,0,
27. Mrz. 2021 04:30,1,0,1,
27. Mrz. 2021 04:45,2,2,0,
27. Mrz. 2021 05:00,0,0,0,
27. Mrz. 2021 05:15,1,0,1,
27. Mrz. 2021 05:30,6,2,4,
27. Mrz. 2021 05:45,7,2,5,
27. Mrz. 2021 06:00,4,2,2,
27. Mrz. 2021 06:15,7,5,2,
27. Mrz. 2021 06:30,10,8,2,
27. Mrz. 2021 06:45,11,3,8,
27. Mrz. 2021 07:00,8,4,4,
27. Mrz. 2021 07:15,7,4,3,
27. Mrz. 2021 07:30,7,6,1,
27. Mrz. 2021 07:45,18,9,9,
27. Mrz. 2021 08:00,25,11,14,
27. Mrz. 2021 08:15,30,15,15,
27. Mrz. 2021 08:30,30,18,12,
27. Mrz. 2021 08:45,55,35,20,
27. Mrz. 2021 09:00,47,24,23,
27. Mrz. 2021 09:15,65,32,33,
27. Mrz. 2021 09:30,81,42,39,
27. Mrz. 2021 09:45,96,51,45,
27. Mrz. 2021 10:00,91,48,43,
27. Mrz. 2021 10:15,112,72,40,
27. Mrz. 2021 10:30,91,50,41,
27. Mrz. 2021 10:45,116,53,63,
27. Mrz. 2021 11:00,106,60,46,
27. Mrz. 2021 11:15,110,59,51,
27. Mrz. 2021 11:30,126,53,73,
27. Mrz. 2021 11:45,112,59,53,
27. Mrz. 2021 12:00,117,63,54,
27. Mrz. 2021 12:15,106,54,52,
27. Mrz. 2021 12:30,124,70,54,
27. Mrz. 2021 12:45,109,54,55,
27. Mrz. 2021 13:00,138,69,69,
27. Mrz. 2021 13:15,117,57,60,
27. Mrz. 2021 13:30,115,72,43,
27. Mrz. 2021 13:45,159,81,78,
27. Mrz. 2021 14:00,140,40,100,
27. Mrz. 2021 14:15,297,55,242,
27. Mrz. 2021 14:30,305,70,235,
27. Mrz. 2021 14:45,279,45,234,
27. Mrz. 2021 15:00,139,62,77,
27. Mrz. 2021 15:15,111,52,59,
27. Mrz. 2021 15:30,129,63,66,
27. Mrz. 2021 15:45,141,63,78,
27. Mrz. 2021 16:00,130,76,54,
27. Mrz. 2021 16:15,119,59,60,
27. Mrz. 2021 16:30,145,82,63,
27. Mrz. 2021 16:45,118,62,56,
27. Mrz. 2021 17:00,148,67,81,
27. Mrz. 2021 17:15,111,51,60,
27. Mrz. 2021 17:30,115,58,57,
27. Mrz. 2021 17:45,113,62,51,
27. Mrz. 2021 18:00,108,55,53,
27. Mrz. 2021 18:15,134,69,65,
27. Mrz. 2021 18:30,112,65,47,
27. Mrz. 2021 18:45,83,42,41,
27. Mrz. 2021 19:00,94,49,45,
27. Mrz. 2021 19:15,82,36,46,
27. Mrz. 2021 19:30,65,31,34,
27. Mrz. 2021 19:45,62,31,31,
27. Mrz. 2021 20:00,53,26,27,
27. Mrz. 2021 20:15,39,19,20,
27. Mrz. 2021 20:30,29,20,9,
27. Mrz. 2021 20:45,29,17,12,
27. Mrz. 2021 21:00,37,18,19,
27. Mrz. 2021 21:15,28,14,14,
27. Mrz. 2021 21:30,21,12,9,
27. Mrz. 2021 21:45,24,16,8,
27. Mrz. 2021 22:00,11,8,3,
27. Mrz. 2021 22:15,22,10,12,
27. Mrz. 2021 22:30,12,5,7,
27. Mrz. 2021 22:45,22,11,11,
27. Mrz. 2021 23:00,20,7,13,
27. Mrz. 2021 23:15,13,7,6,
27. Mrz. 2021 23:30,20,6,14,
27. Mrz. 2021 23:45,26,17,9,
28. Mrz. 2021 00:00,16,7,9,
28. Mrz. 2021 00:15,15,10,5,
28. Mrz. 2021 00:30,26,15,11,
28. Mrz. 2021 00:45,13,7,6,
28. Mrz. 2021 01:00,16,9,7,
28. Mrz. 2021 01:15,19,9,10,
28. Mrz. 2021 01:30,8,1,7,
28. Mrz. 2021 01:45,10,9,1,
28. Mrz. 2021 03:00,,,,
28. Mrz. 2021 03:15,,,,
28. Mrz. 2021 03:30,,,,
28. Mrz. 2021 03:45,,,,
28. Mrz. 2021 03:00,14,9,5,
28. Mrz. 2021 03:15,12,8,4,
28. Mrz. 2021 03:30,3,1,2,
28. Mrz. 2021 03:45,7,2,5,
28. Mrz. 2021 04:00,4,4,0,
28. Mrz. 2021 04:15,7,7,0,
28. Mrz. 2021 04:30,6,4,2,
28. Mrz. 2021 04:45,2,2,0,
28. Mrz. 2021 05:00,3,2,1,
28. Mrz. 2021 05:15,1,1,0,
28. Mrz. 2021 05:30,6,3,3,
28. Mrz. 2021 05:45,1,1,0,
28. Mrz. 2021 06:00,5,3,2,
28. Mrz. 2021 06:15,4,3,1,
28. Mrz. 2021 06:30,11,7,4,
28. Mrz. 2021 06:45,7,4,3,
28. Mrz. 2021 07:00,10,3,7,
28. Mrz. 2021 07:15,11,2,9,
28. Mrz. 2021 07:30,3,2,1,
28. Mrz. 2021 07:45,11,7,4,
28. Mrz. 2021 08:00,19,7,12,
28. Mrz. 2021 08:15,12,7,5,
28. Mrz. 2021 08:30,9,6,3,
28. Mrz. 2021 08:45,26,15,11,
28. Mrz. 2021 09:00,25,11,14,
28. Mrz. 2021 09:15,33,15,18,
28. Mrz. 2021 09:30,33,11,22,
28. Mrz. 2021 09:45,50,28,22,
28. Mrz. 2021 10:00,63,28,35,
28. Mrz. 2021 10:15,52,30,22,
28. Mrz. 2021 10:30,69,35,34,
28. Mrz. 2021 10:45,72,37,35,
28. Mrz. 2021 11:00,86,33,53,
28. Mrz. 2021 11:15,113,65,48,
28. Mrz. 2021 11:30,113,48,65,
28. Mrz. 2021 11:45,111,53,58,
28. Mrz. 2021 12:00,118,60,58,
28. Mrz. 2021 12:15,111,56,55,
28. Mrz. 2021 12:30,128,56,72,
28. Mrz. 2021 12:45,141,77,64,
28. Mrz. 2021 13:00,174,73,101,
28. Mrz. 2021 13:15,157,75,82,
28. Mrz. 2021 13:30,160,71,89,
28. Mrz. 2021 13:45,196,91,105,
28. Mrz. 2021 14:00,184,97,87,
28. Mrz. 2021 14:15,205,86,119,
28. Mrz. 2021 14:30,169,90,79,
28. Mrz. 2021 14:45,216,118,98,
28. Mrz. 2021 15:00,174,80,94,
28. Mrz. 2021 15:15,187,110,77,
28. Mrz. 2021 15:30,191,87,104,
28. Mrz. 2021 15:45,193,116,77,
28. Mrz. 2021 16:00,203,118,85,
28. Mrz. 2021 16:15,182,91,91,
28. Mrz. 2021 16:30,167,87,80,
28. Mrz. 2021 16:45,193,110,83,
28. Mrz. 2021 17:00,186,109,77,
28. Mrz. 2021 17:15,203,121,82,
28. Mrz. 2021 17:30,181,113,68,
28. Mrz. 2021 17:45,173,97,76,
28. Mrz. 2021 18:00,200,126,74,
28. Mrz. 2021 18:15,147,68,79,
28. Mrz. 2021 18:30,133,47,86,
28. Mrz. 2021 18:45,122,70,52,
28. Mrz. 2021 19:00,114,66,48,
28. Mrz. 2021 19:15,90,50,40,
28. Mrz. 2021 19:30,75,42,33,
28. Mrz. 2021 19:45,81,48,33,
28. Mrz. 2021 20:00,98,49,49,
28. Mrz. 2021 20:15,60,32,28,
28. Mrz. 2021 20:30,42,20,22,
28. Mrz. 2021 20:45,45,21,24,
28. Mrz. 2021 21:00,33,16,17,
28. Mrz. 2021 21:15,27,19,8,
28. Mrz. 2021 21:30,16,9,7,
28. Mrz. 2021 21:45,21,11,10,
28. Mrz. 2021 22:00,18,9,9,
28. Mrz. 2021 22:15,24,13,11,
28. Mrz. 2021 22:30,13,5,8,
28. Mrz. 2021 22:45,16,6,10,
28. Mrz. 2021 23:00,12,6,6,
28. Mrz. 2021 23:15,1,0,1,
28. Mrz. 2021 23:30,7,1,6,
28. Mrz. 2021 23:45,6,5,1,
29. Mrz. 2021 00:00,3,1,2,
29. Mrz. 2021 00:15,10,7,3,
29. Mrz. 2021 00:30,4,3,1,
29. Mrz. 2021 00:45,4,4,0,
29. Mrz. 2021 01:00,3,3,0,
29. Mrz. 2021 01:15,5,4,1,
29. Mrz. 2021 01:30,1,1,0,
29. Mrz. 2021 01:45,1,0,1,
29. Mrz. 2021 02:00,0,0,0,
29. Mrz. 2021 02:15,0,0,0,
29. Mrz. 2021 02:30,0,0,0,
29. Mrz. 2021 02:45,2,0,2,
29. Mrz. 2021 03:00,1,1,0,
29. Mrz. 2021 03:15,0,0,0,
29. Mrz. 2021 03:30,1,1,0,
29. Mrz. 2021 03:45,0,0,0,
29. Mrz. 2021 04:00,0,0,0,
29. Mrz. 2021 04:15,1,1,0,
29. Mrz. 2021 04:30,1,1,0,
29. Mrz. 2021 04:45,4,2,2,
29. Mrz. 2021 05:00,1,1,0,
29. Mrz. 2021 05:15,6,5,1,
29. Mrz. 2021 05:30,15,6,9,
29. Mrz. 2021 05:45,30,14,16,
29. Mrz. 2021 06:00,24,19,5,
29. Mrz. 2021 06:15,31,23,8,
29. Mrz. 2021 06:30,40,26,14,
29. Mrz. 2021 06:45,59,32,27,
29. Mrz. 2021 07:00,79,41,38,
29. Mrz. 2021 07:15,190,117,73,
29. Mrz. 2021 07:30,277,184,93,
29. Mrz. 2021 07:45,214,102,112,
29. Mrz. 2021 08:00,179,105,74,
29. Mrz. 2021 08:15,186,112,74,
29. Mrz. 2021 08:30,175,101,74,
29. Mrz. 2021 08:45,217,110,107,
29. Mrz. 2021 09:00,169,98,71,
29. Mrz. 2021 09:15,221,143,78,
29. Mrz. 2021 09:30,154,86,68,
29. Mrz. 2021 09:45,121,70,51,
29. Mrz. 2021 10:00,107,52,55,
29. Mrz. 2021 10:15,103,57,46,
29. Mrz. 2021 10:30,119,60,59,
29. Mrz. 2021 10:45,127,64,63,
29. Mrz. 2021 11:00,158,69,89,
29. Mrz. 2021 11:15,140,62,78,
29. Mrz. 2021 11:30,151,63,88,
29. Mrz. 2021 11:45,166,85,81,
29. Mrz. 2021 12:00,180,93,87,
29. Mrz. 2021 12:15,205,113,92,
29. Mrz. 2021 12:30,197,82,115,
29. Mrz. 2021 12:45,178,94,84,
29. Mrz. 2021 13:00,315,104,211,
29. Mrz. 2021 13:15,202,89,113,
29. Mrz. 2021 13:30,213,121,92,
29. Mrz. 2021 13:45,223,112,111,
29. Mrz. 2021 14:00,196,99,97,
29. Mrz. 2021 14:15,205,123,82,
29. Mrz. 2021 14:30,192,100,92,
29. Mrz. 2021 14:45,195,92,103,
29. Mrz. 2021 15:00,223,118,105,
29. Mrz. 2021 15:15,215,100,115,
29. Mrz. 2021 15:30,267,145,122,
29. Mrz. 2021 15:45,269,150,119,
29. Mrz. 2021 16:00,225,110,115,
29. Mrz. 2021 16:15,232,107,125,
29. Mrz. 2021 16:30,243,127,116,
29. Mrz. 2021 16:45,263,124,139,
29. Mrz. 2021 17:00,257,119,138,
29. Mrz. 2021 17:15,321,168,153,
29. Mrz. 2021 17:30,221,128,93,
29. Mrz. 2021 17:45,244,117,127,
29. Mrz. 2021 18:00,215,82,133,
29. Mrz. 2021 18:15,226,113,113,
29. Mrz. 2021 18:30,214,95,119,
29. Mrz. 2021 18:45,160,82,78,
29. Mrz. 2021 19:00,151,88,63,
29. Mrz. 2021 19:15,171,87,84,
29. Mrz. 2021 19:30,128,66,62,
29. Mrz. 2021 19:45,120,57,63,
29. Mrz. 2021 20:00,114,59,55,
29. Mrz. 2021 20:15,80,43,37,
29. Mrz. 2021 20:30,66,25,41,
29. Mrz. 2021 20:45,63,27,36,
29. Mrz. 2021 21:00,41,18,23,
29. Mrz. 2021 21:15,29,15,14,
29. Mrz. 2021 21:30,38,16,22,
29. Mrz. 2021 21:45,40,22,18,
29. Mrz. 2021 22:00,20,7,13,
29. Mrz. 2021 22:15,29,16,13,
29. Mrz. 2021 22:30,21,10,11,
29. Mrz. 2021 22:45,14,9,5,
29. Mrz. 2021 23:00,18,12,6,
29. Mrz. 2021 23:15,13,6,7,
29. Mrz. 2021 23:30,4,1,3,
29. Mrz. 2021 23:45,8,4,4,
30. Mrz. 2021 00:00,12,3,9,
30. Mrz. 2021 00:15,9,5,4,
30. Mrz. 2021 00:30,4,2,2,
30. Mrz. 2021 00:45,9,5,4,
30. Mrz. 2021 01:00,3,1,2,
30. Mrz. 2021 01:15,3,1,2,
30. Mrz. 2021 01:30,0,0,0,
30. Mrz. 2021 01:45,2,1,1,
30. Mrz. 2021 02:00,2,1,1,
30. Mrz. 2021 02:15,0,0,0,
30. Mrz. 2021 02:30,1,0,1,
30. Mrz. 2021 02:45,1,0,1,
30. Mrz. 2021 03:00,0,0,0,
30. Mrz. 2021 03:15,0,0,0,
30. Mrz. 2021 03:30,0,0,0,
30. Mrz. 2021 03:45,0,0,0,
30. Mrz. 2021 04:00,3,1,2,
30. Mrz. 2021 04:15,0,0,0,
30. Mrz. 2021 04:30,5,2,3,
30. Mrz. 2021 04:45,4,2,2,
30. Mrz. 2021 05:00,5,5,0,
30. Mrz. 2021 05:15,8,5,3,
30. Mrz. 2021 05:30,14,8,6,
30. Mrz. 2021 05:45,32,14,18,
30. Mrz. 2021 06:00,25,18,7,
30. Mrz. 2021 06:15,36,26,10,
30. Mrz. 2021 06:30,48,30,18,
30. Mrz. 2021 06:45,65,40,25,
30. Mrz. 2021 07:00,93,53,40,
30. Mrz. 2021 07:15,165,104,61,
30. Mrz. 2021 07:30,324,215,109,
30. Mrz. 2021 07:45,232,124,108,
30. Mrz. 2021 08:00,167,99,68,
30. Mrz. 2021 08:15,191,119,72,
30. Mrz. 2021 08:30,226,118,108,
30. Mrz. 2021 08:45,221,134,87,
30. Mrz. 2021 09:00,167,88,79,
30. Mrz. 2021 09:15,206,122,84,
30. Mrz. 2021 09:30,174,88,86,
30. Mrz. 2021 09:45,168,101,67,
30. Mrz. 2021 10:00,168,102,66,
30. Mrz. 2021 10:15,129,74,55,
30. Mrz. 2021 10:30,151,80,71,
30. Mrz. 2021 10:45,159,96,63,
30. Mrz. 2021 11:00,196,99,97,
30. Mrz. 2021 11:15,188,106,82,
30. Mrz. 2021 11:30,166,92,74,
30. Mrz. 2021 11:45,164,81,83,
30. Mrz. 2021 12:00,195,85,110,
30. Mrz. 2021 12:15,206,82,124,
30. Mrz. 2021 12:30,212,97,115,
30. Mrz. 2021 12:45,223,108,115,
30. Mrz. 2021 13:00,352,131,221,
30. Mrz. 2021 13:15,227,93,134,
30. Mrz. 2021 13:30,196,88,108,
30. Mrz. 2021 13:45,238,108,130,
30. Mrz. 2021 14:00,211,109,102,
30. Mrz. 2021 14:15,191,104,87,
30. Mrz. 2021 14:30,210,99,111,
30. Mrz. 2021 14:45,226,123,103,
30. Mrz. 2021 15:00,248,132,116,
30. Mrz. 2021 15:15,238,131,107,
30. Mrz. 2021 15:30,265,110,155,
30. Mrz. 2021 15:45,287,157,130,
30. Mrz. 2021 16:00,288,134,154,
30. Mrz. 2021 16:15,301,155,146,
30. Mrz. 2021 16:30,282,128,154,
30. Mrz. 2021 16:45,274,140,134,
30. Mrz. 2021 17:00,272,142,130,
30. Mrz. 2021 17:15,286,144,142,
30. Mrz. 2021 17:30,259,133,126,
30. Mrz. 2021 17:45,267,147,120,
30. Mrz. 2021 18:00,304,161,143,
30. Mrz. 2021 18:15,223,94,129,
30. Mrz. 2021 18:30,212,94,118,
30. Mrz. 2021 18:45,182,79,103,
30. Mrz. 2021 19:00,197,92,105,
30. Mrz. 2021 19:15,181,82,99,
30. Mrz. 2021 19:30,172,92,80,
30. Mrz. 2021 19:45,133,76,57,
30. Mrz. 2021 20:00,115,60,55,
30. Mrz. 2021 20:15,120,55,65,
30. Mrz. 2021 20:30,78,45,33,
30. Mrz. 2021 20:45,68,20,48,
30. Mrz. 2021 21:00,51,20,31,
30. Mrz. 2021 21:15,53,19,34,
30. Mrz. 2021 21:30,64,31,33,
30. Mrz. 2021 21:45,31,13,18,
30. Mrz. 2021 22:00,37,20,17,
30. Mrz. 2021 22:15,25,15,10,
30. Mrz. 2021 22:30,44,22,22,
30. Mrz. 2021 22:45,28,11,17,
30. Mrz. 2021 23:00,20,8,12,
30. Mrz. 2021 23:15,15,8,7,
30. Mrz. 2021 23:30,11,7,4,
30. Mrz. 2021 23:45,9,7,2,
31. Mrz. 2021 00:00,12,4,8,
31. Mrz. 2021 00:15,11,1,10,
31. Mrz. 2021 00:30,0,0,0,
31. Mrz. 2021 00:45,6,4,2,
31. Mrz. 2021 01:00,4,3,1,
31. Mrz. 2021 01:15,6,5,1,
31. Mrz. 2021 01:30,3,2,1,
31. Mrz. 2021 01:45,1,1,0,
31. Mrz. 2021 02:00,1,0,1,
31. Mrz. 2021 02:15,2,0,2,
31. Mrz. 2021 02:30,2,1,1,
31. Mrz. 2021 02:45,2,1,1,
31. Mrz. 2021 03:00,4,1,3,
31. Mrz. 2021 03:15,2,2,0,
31. Mrz. 2021 03:30,4,3,1,
31. Mrz. 2021 03:45,3,3,0,
31. Mrz. 2021 04:00,3,3,0,
31. Mrz. 2021 04:15,0,0,0,
31. Mrz. 2021 04:30,3,2,1,
31. Mrz. 2021 04:45,5,4,1,
31. Mrz. 2021 05:00,5,4,1,
31. Mrz. 2021 05:15,5,4,1,
31. Mrz. 2021 05:30,10,6,4,
31. Mrz. 2021 05:45,27,13,14,
31. Mrz. 2021 06:00,23,19,4,
31. Mrz. 2021 06:15,34,24,10,
31. Mrz. 2021 06:30,44,25,19,
31. Mrz. 2021 06:45,59,33,26,
31. Mrz. 2021 07:00,74,41,33,
31. Mrz. 2021 07:15,174,117,57,
31. Mrz. 2021 07:30,294,202,92,
31. Mrz. 2021 07:45,184,95,89,
31. Mrz. 2021 08:00,194,116,78,
31. Mrz. 2021 08:15,222,107,115,
31. Mrz. 2021 08:30,194,107,87,
31. Mrz. 2021 08:45,223,138,85,
31. Mrz. 2021 09:00,148,90,58,
31. Mrz. 2021 09:15,193,121,72,
31. Mrz. 2021 09:30,147,91,56,
31. Mrz. 2021 09:45,147,91,56,
31. Mrz. 2021 10:00,144,74,70,
31. Mrz. 2021 10:15,136,72,64,
31. Mrz. 2021 10:30,134,81,53,
31. Mrz. 2021 10:45,146,75,71,
31. Mrz. 2021 11:00,185,96,89,
31. Mrz. 2021 11:15,178,99,79,
31. Mrz. 2021 11:30,160,72,88,
31. Mrz. 2021 11:45,165,96,69,
31. Mrz. 2021 12:00,210,94,116,
31. Mrz. 2021 12:15,232,114,118,
31. Mrz. 2021 12:30,237,103,134,
31. Mrz. 2021 12:45,238,112,126,
31. Mrz. 2021 13:00,347,119,228,
31. Mrz. 2021 13:15,216,104,112,
31. Mrz. 2021 13:30,211,107,104,
31. Mrz. 2021 13:45,216,103,113,
31. Mrz. 2021 14:00,250,110,140,
31. Mrz. 2021 14:15,205,107,98,
31. Mrz. 2021 14:30,223,120,103,
31. Mrz. 2021 14:45,237,138,99,
31. Mrz. 2021 15:00,229,127,102,
31. Mrz. 2021 15:15,209,113,96,
31. Mrz. 2021 15:30,248,135,113,
31. Mrz. 2021 15:45,276,129,147,
31. Mrz. 2021 16:00,256,123,133,
31. Mrz. 2021 16:15,278,148,130,
31. Mrz. 2021 16:30,246,145,101,
31. Mrz. 2021 16:45,311,160,151,
31. Mrz. 2021 17:00,269,118,151,
31. Mrz. 2021 17:15,325,169,156,
31. Mrz. 2021 17:30,271,126,145,
31. Mrz. 2021 17:45,290,155,135,
31. Mrz. 2021 18:00,247,134,113,
31. Mrz. 2021 18:15,223,113,110,
31. Mrz. 2021 18:30,234,104,130,
31. Mrz. 2021 18:45,199,108,91,
31. Mrz. 2021 19:00,173,94,79,
31. Mrz. 2021 19:15,188,96,92,
31. Mrz. 2021 19:30,165,95,70,
31. Mrz. 2021 19:45,157,68,89,
31. Mrz. 2021 20:00,118,59,59,
31. Mrz. 2021 20:15,124,56,68,
31. Mrz. 2021 20:30,100,44,56,
31. Mrz. 2021 20:45,78,40,38,
31. Mrz. 2021 21:00,67,25,42,
31. Mrz. 2021 21:15,51,26,25,
31. Mrz. 2021 21:30,61,28,33,
31. Mrz. 2021 21:45,52,20,32,
31. Mrz. 2021 22:00,34,18,16,
31. Mrz. 2021 22:15,36,17,19,
31. Mrz. 2021 22:30,30,13,17,
31. Mrz. 2021 22:45,27,7,20,
31. Mrz. 2021 23:00,28,9,19,
31. Mrz. 2021 23:15,27,8,19,
31. Mrz. 2021 23:30,25,5,20,
31. Mrz. 2021 23:45,16,10,6,
1. Apr. 2021 00:00,23,14,9,
1. Apr. 2021 00:15,13,10,3,
1. Apr. 2021 00:30,7,3,4,
1. Apr. 2021 00:45,12,4,8,
1. Apr. 2021 01:00,4,1,3,
1. Apr. 2021 01:15,15,5,10,
1. Apr. 2021 01:30,9,4,5,
1. Apr. 2021 01:45,1,1,0,
1. Apr. 2021 02:00,7,1,6,
1. Apr. 2021 02:15,6,2,4,
1. Apr. 2021 02:30,4,3,1,
1. Apr. 2021 02:45,4,3,1,
1. Apr. 2021 03:00,4,1,3,
1. Apr. 2021 03:15,2,2,0,
1. Apr. 2021 03:30,0,0,0,
1. Apr. 2021 03:45,4,0,4,
1. Apr. 2021 04:00,4,4,0,
1. Apr. 2021 04:15,2,2,0,
1. Apr. 2021 04:30,2,1,1,
1. Apr. 2021 04:45,4,2,2,
1. Apr. 2021 05:00,3,2,1,
1. Apr. 2021 05:15,6,2,4,
1. Apr. 2021 05:30,17,12,5,
1. Apr. 2021 05:45,24,13,11,
1. Apr. 2021 06:00,15,8,7,
1. Apr. 2021 06:15,30,25,5,
1. Apr. 2021 06:30,45,28,17,
1. Apr. 2021 06:45,62,38,24,
1. Apr. 2021 07:00,58,30,28,
1. Apr. 2021 07:15,74,46,28,
1. Apr. 2021 07:30,102,60,42,
1. Apr. 2021 07:45,168,101,67,
1. Apr. 2021 08:00,135,77,58,
1. Apr. 2021 08:15,146,91,55,
1. Apr. 2021 08:30,156,92,64,
1. Apr. 2021 08:45,204,125,79,
1. Apr. 2021 09:00,129,82,47,
1. Apr. 2021 09:15,151,92,59,
1. Apr. 2021 09:30,138,81,57,
1. Apr. 2021 09:45,139,73,66,
1. Apr. 2021 10:00,142,72,70,
1. Apr. 2021 10:15,164,93,71,
1. Apr. 2021 10:30,180,104,76,
1. Apr. 2021 10:45,189,107,82,
1. Apr. 2021 11:00,158,78,80,
1. Apr. 2021 11:15,190,99,91,
1. Apr. 2021 11:30,164,95,69,
1. Apr. 2021 11:45,211,111,100,
1. Apr. 2021 12:00,253,126,127,
1. Apr. 2021 12:15,243,123,120,
1. Apr. 2021 12:30,238,109,129,
1. Apr. 2021 12:45,252,123,129,
1. Apr. 2021 13:00,195,85,110,
1. Apr. 2021 13:15,209,97,112,
1. Apr. 2021 13:30,177,82,95,
1. Apr. 2021 13:45,216,103,113,
1. Apr. 2021 14:00,201,95,106,
1. Apr. 2021 14:15,219,129,90,
1. Apr. 2021 14:30,249,133,116,
1. Apr. 2021 14:45,247,133,114,
1. Apr. 2021 15:00,205,97,108,
1. Apr. 2021 15:15,214,115,99,
1. Apr. 2021 15:30,233,115,118,
1. Apr. 2021 15:45,238,112,126,
1. Apr. 2021 16:00,280,149,131,
1. Apr. 2021 16:15,233,121,112,
1. Apr. 2021 16:30,266,139,127,
1. Apr. 2021 16:45,246,137,109,
1. Apr. 2021 17:00,250,120,130,
1. Apr. 2021 17:15,262,143,119,
1. Apr. 2021 17:30,243,123,120,
1. Apr. 2021 17:45,222,112,110,
1. Apr. 2021 18:00,231,110,121,
1. Apr. 2021 18:15,212,112,100,
1. Apr. 2021 18:30,220,112,108,
1. Apr. 2021 18:45,196,82,114,
1. Apr. 2021 19:00,209,96,113,
1. Apr. 2021 19:15,97,46,51,
1. Apr. 2021 19:30,61,21,40,
1. Apr. 2021 19:45,72,43,29,
1. Apr. 2021 20:00,76,41,35,
1. Apr. 2021 20:15,82,26,56,
1. Apr. 2021 20:30,71,39,32,
1. Apr. 2021 20:45,62,39,23,
1. Apr. 2021 21:00,46,26,20,
1. Apr. 2021 21:15,43,22,21,
1. Apr. 2021 21:30,37,19,18,
1. Apr. 2021 21:45,29,16,13,
1. Apr. 2021 22:00,20,11,9,
1. Apr. 2021 22:15,28,14,14,
1. Apr. 2021 22:30,15,6,9,
1. Apr. 2021 22:45,15,9,6,
1. Apr. 2021 23:00,33,19,14,
1. Apr. 2021 23:15,14,8,6,
1. Apr. 2021 23:30,21,9,12,
1. Apr. 2021 23:45,21,8,13,
2. Apr. 2021 00:00,20,9,11,
2. Apr. 2021 00:15,10,9,1,
2. Apr. 2021 00:30,13,3,10,
2. Apr. 2021 00:45,6,4,2,
2. Apr. 2021 01:00,15,6,9,
2. Apr. 2021 01:15,13,6,7,
2. Apr. 2021 01:30,3,2,1,
2. Apr. 2021 01:45,8,5,3,
2. Apr. 2021 02:00,13,11,2,
2. Apr. 2021 02:15,3,2,1,
2. Apr. 2021 02:30,1,1,0,
2. Apr. 2021 02:45,2,1,1,
2. Apr. 2021 03:00,5,2,3,
2. Apr. 2021 03:15,2,1,1,
2. Apr. 2021 03:30,1,1,0,
2. Apr. 2021 03:45,1,0,1,
2. Apr. 2021 04:00,0,0,0,
2. Apr. 2021 04:15,5,2,3,
2. Apr. 2021 04:30,0,0,0,
2. Apr. 2021 04:45,1,0,1,
2. Apr. 2021 05:00,1,1,0,
2. Apr. 2021 05:15,2,1,1,
2. Apr. 2021 05:30,2,0,2,
2. Apr. 2021 05:45,3,0,3,
2. Apr. 2021 06:00,8,5,3,
2. Apr. 2021 06:15,8,6,2,
2. Apr. 2021 06:30,7,4,3,
2. Apr. 2021 06:45,10,5,5,
2. Apr. 2021 07:00,7,5,2,
2. Apr. 2021 07:15,7,2,5,
2. Apr. 2021 07:30,10,4,6,
2. Apr. 2021 07:45,14,5,9,
2. Apr. 2021 08:00,21,7,14,
2. Apr. 2021 08:15,24,20,4,
2. Apr. 2021 08:30,24,10,14,
2. Apr. 2021 08:45,34,19,15,
2. Apr. 2021 09:00,29,14,15,
2. Apr. 2021 09:15,58,32,26,
2. Apr. 2021 09:30,57,33,24,
2. Apr. 2021 09:45,52,21,31,
2. Apr. 2021 10:00,48,29,19,
2. Apr. 2021 10:15,74,39,35,
2. Apr. 2021 10:30,68,30,38,
2. Apr. 2021 10:45,83,42,41,
2. Apr. 2021 11:00,95,40,55,
2. Apr. 2021 11:15,114,44,70,
2. Apr. 2021 11:30,107,51,56,
2. Apr. 2021 11:45,104,60,44,
2. Apr. 2021 12:00,112,38,74,
2. Apr. 2021 12:15,115,52,63,
2. Apr. 2021 12:30,139,55,84,
2. Apr. 2021 12:45,131,53,78,
2. Apr. 2021 13:00,123,63,60,
2. Apr. 2021 13:15,145,53,92,
2. Apr. 2021 13:30,141,72,69,
2. Apr. 2021 13:45,158,84,74,
2. Apr. 2021 14:00,165,83,82,
2. Apr. 2021 14:15,160,91,69,
2. Apr. 2021 14:30,212,110,102,
2. Apr. 2021 14:45,169,98,71,
2. Apr. 2021 15:00,195,95,100,
2. Apr. 2021 15:15,163,82,81,
2. Apr. 2021 15:30,199,94,105,
2. Apr. 2021 15:45,190,93,97,
2. Apr. 2021 16:00,232,133,99,
2. Apr. 2021 16:15,221,151,70,
2. Apr. 2021 16:30,157,76,81,
2. Apr. 2021 16:45,175,108,67,
2. Apr. 2021 17:00,130,68,62,
2. Apr. 2021 17:15,133,68,65,
2. Apr. 2021 17:30,129,72,57,
2. Apr. 2021 17:45,124,65,59,
2. Apr. 2021 18:00,110,66,44,
2. Apr. 2021 18:15,83,51,32,
2. Apr. 2021 18:30,85,45,40,
2. Apr. 2021 18:45,97,39,58,
2. Apr. 2021 19:00,62,35,27,
2. Apr. 2021 19:15,95,67,28,
2. Apr. 2021 19:30,95,55,40,
2. Apr. 2021 19:45,78,40,38,
2. Apr. 2021 20:00,65,26,39,
2. Apr. 2021 20:15,49,25,24,
2. Apr. 2021 20:30,55,31,24,
2. Apr. 2021 20:45,58,34,24,
2. Apr. 2021 21:00,31,13,18,
2. Apr. 2021 21:15,33,13,20,
2. Apr. 2021 21:30,42,19,23,
2. Apr. 2021 21:45,19,5,14,
2. Apr. 2021 22:00,16,12,4,
2. Apr. 2021 22:15,28,13,15,
2. Apr. 2021 22:30,13,4,9,
2. Apr. 2021 22:45,19,9,10,
2. Apr. 2021 23:00,11,5,6,
2. Apr. 2021 23:15,8,3,5,
2. Apr. 2021 23:30,10,4,6,
2. Apr. 2021 23:45,10,2,8,
3. Apr. 2021 00:00,9,1,8,
3. Apr. 2021 00:15,8,3,5,
3. Apr. 2021 00:30,7,2,5,
3. Apr. 2021 00:45,7,5,2,
3. Apr. 2021 01:00,14,9,5,
3. Apr. 2021 01:15,11,4,7,
3. Apr. 2021 01:30,5,3,2,
3. Apr. 2021 01:45,4,2,2,
3. Apr. 2021 02:00,6,1,5,
3. Apr. 2021 02:15,3,1,2,
3. Apr. 2021 02:30,6,1,5,
3. Apr. 2021 02:45,3,1,2,
3. Apr. 2021 03:00,0,0,0,
3. Apr. 2021 03:15,2,0,2,
3. Apr. 2021 03:30,3,0,3,
3. Apr. 2021 03:45,1,0,1,
3. Apr. 2021 04:00,1,1,0,
3. Apr. 2021 04:15,0,0,0,
3. Apr. 2021 04:30,0,0,0,
3. Apr. 2021 04:45,4,3,1,
3. Apr. 2021 05:00,3,1,2,
3. Apr. 2021 05:15,4,3,1,
3. Apr. 2021 05:30,5,2,3,
3. Apr. 2021 05:45,11,7,4,
3. Apr. 2021 06:00,7,5,2,
3. Apr. 2021 06:15,6,6,0,
3. Apr. 2021 06:30,10,7,3,
3. Apr. 2021 06:45,15,7,8,
3. Apr. 2021 07:00,9,3,6,
3. Apr. 2021 07:15,16,9,7,
3. Apr. 2021 07:30,19,8,11,
3. Apr. 2021 07:45,48,21,27,
3. Apr. 2021 08:00,24,15,9,
3. Apr. 2021 08:15,48,21,27,
3. Apr. 2021 08:30,55,27,28,
3. Apr. 2021 08:45,78,38,40,
3. Apr. 2021 09:00,64,39,25,
3. Apr. 2021 09:15,83,52,31,
3. Apr. 2021 09:30,84,39,45,
3. Apr. 2021 09:45,99,61,38,
3. Apr. 2021 10:00,99,49,50,
3. Apr. 2021 10:15,98,54,44,
3. Apr. 2021 10:30,98,62,36,
3. Apr. 2021 10:45,138,70,68,
3. Apr. 2021 11:00,138,73,65,
3. Apr. 2021 11:15,133,73,60,
3. Apr. 2021 11:30,148,82,66,
3. Apr. 2021 11:45,143,86,57,
3. Apr. 2021 12:00,113,56,57,
3. Apr. 2021 12:15,138,64,74,
3. Apr. 2021 12:30,155,82,73,
3. Apr. 2021 12:45,122,74,48,
3. Apr. 2021 13:00,145,86,59,
3. Apr. 2021 13:15,127,60,67,
3. Apr. 2021 13:30,121,55,66,
3. Apr. 2021 13:45,129,66,63,
3. Apr. 2021 14:00,125,63,62,
3. Apr. 2021 14:15,149,81,68,
3. Apr. 2021 14:30,87,39,48,
3. Apr. 2021 14:45,112,61,51,
3. Apr. 2021 15:00,89,43,46,
3. Apr. 2021 15:15,117,55,62,
3. Apr. 2021 15:30,129,57,72,
3. Apr. 2021 15:45,114,63,51,
3. Apr. 2021 16:00,98,45,53,
3. Apr. 2021 16:15,114,59,55,
3. Apr. 2021 16:30,116,66,50,
3. Apr. 2021 16:45,122,58,64,
3. Apr. 2021 17:00,96,52,44,
3. Apr. 2021 17:15,102,49,53,
3. Apr. 2021 17:30,83,39,44,
3. Apr. 2021 17:45,78,37,41,
3. Apr. 2021 18:00,140,70,70,
3. Apr. 2021 18:15,96,51,45,
3. Apr. 2021 18:30,91,60,31,
3. Apr. 2021 18:45,94,52,42,
3. Apr. 2021 19:00,61,31,30,
3. Apr. 2021 19:15,58,21,37,
3. Apr. 2021 19:30,41,15,26,
3. Apr. 2021 19:45,38,18,20,
3. Apr. 2021 20:00,40,13,27,
3. Apr. 2021 20:15,51,26,25,
3. Apr. 2021 20:30,52,30,22,
3. Apr. 2021 20:45,33,17,16,
3. Apr. 2021 21:00,24,9,15,
3. Apr. 2021 21:15,18,8,10,
3. Apr. 2021 21:30,13,6,7,
3. Apr. 2021 21:45,14,9,5,
3. Apr. 2021 22:00,18,9,9,
3. Apr. 2021 22:15,15,7,8,
3. Apr. 2021 22:30,17,12,5,
3. Apr. 2021 22:45,10,5,5,
3. Apr. 2021 23:00,23,13,10,
3. Apr. 2021 23:15,20,10,10,
3. Apr. 2021 23:30,23,14,9,
3. Apr. 2021 23:45,22,12,10,
4. Apr. 2021 00:00,17,13,4,
4. Apr. 2021 00:15,8,6,2,
4. Apr. 2021 00:30,12,6,6,
4. Apr. 2021 00:45,9,6,3,
4. Apr. 2021 01:00,6,3,3,
4. Apr. 2021 01:15,10,6,4,
4. Apr. 2021 01:30,7,3,4,
4. Apr. 2021 01:45,7,5,2,
4. Apr. 2021 02:00,7,0,7,
4. Apr. 2021 02:15,2,0,2,
4. Apr. 2021 02:30,4,4,0,
4. Apr. 2021 02:45,3,2,1,
4. Apr. 2021 03:00,2,1,1,
4. Apr. 2021 03:15,3,3,0,
4. Apr. 2021 03:30,4,3,1,
4. Apr. 2021 03:45,4,4,0,
4. Apr. 2021 04:00,0,0,0,
4. Apr. 2021 04:15,1,0,1,
4. Apr. 2021 04:30,9,9,0,
4. Apr. 2021 04:45,4,3,1,
4. Apr. 2021 05:00,0,0,0,
4. Apr. 2021 05:15,4,4,0,
4. Apr. 2021 05:30,4,1,3,
4. Apr. 2021 05:45,4,3,1,
4. Apr. 2021 06:00,5,4,1,
4. Apr. 2021 06:15,7,6,1,
4. Apr. 2021 06:30,5,4,1,
4. Apr. 2021 06:45,12,6,6,
4. Apr. 2021 07:00,11,4,7,
4. Apr. 2021 07:15,7,5,2,
4. Apr. 2021 07:30,16,10,6,
4. Apr. 2021 07:45,7,2,5,
4. Apr. 2021 08:00,11,4,7,
4. Apr. 2021 08:15,9,4,5,
4. Apr. 2021 08:30,22,8,14,
4. Apr. 2021 08:45,30,15,15,
4. Apr. 2021 09:00,26,14,12,
4. Apr. 2021 09:15,39,16,23,
4. Apr. 2021 09:30,38,23,15,
4. Apr. 2021 09:45,57,30,27,
4. Apr. 2021 10:00,54,28,26,
4. Apr. 2021 10:15,51,20,31,
4. Apr. 2021 10:30,72,17,55,
4. Apr. 2021 10:45,68,32,36,
4. Apr. 2021 11:00,75,46,29,
4. Apr. 2021 11:15,66,31,35,
4. Apr. 2021 11:30,82,32,50,
4. Apr. 2021 11:45,85,36,49,
4. Apr. 2021 12:00,84,40,44,
4. Apr. 2021 12:15,93,54,39,
4. Apr. 2021 12:30,95,47,48,
4. Apr. 2021 12:45,119,64,55,
4. Apr. 2021 13:00,113,59,54,
4. Apr. 2021 13:15,119,46,73,
4. Apr. 2021 13:30,133,59,74,
4. Apr. 2021 13:45,127,42,85,
4. Apr. 2021 14:00,93,52,41,
4. Apr. 2021 14:15,128,59,69,
4. Apr. 2021 14:30,133,66,67,
4. Apr. 2021 14:45,137,68,69,
4. Apr. 2021 15:00,118,58,60,
4. Apr. 2021 15:15,144,99,45,
4. Apr. 2021 15:30,122,60,62,
4. Apr. 2021 15:45,136,83,53,
4. Apr. 2021 16:00,117,65,52,
4. Apr. 2021 16:15,133,73,60,
4. Apr. 2021 16:30,156,82,74,
4. Apr. 2021 16:45,128,83,45,
4. Apr. 2021 17:00,120,67,53,
4. Apr. 2021 17:15,130,60,70,
4. Apr. 2021 17:30,117,56,61,
4. Apr. 2021 17:45,122,70,52,
4. Apr. 2021 18:00,125,67,58,
4. Apr. 2021 18:15,134,74,60,
4. Apr. 2021 18:30,105,54,51,
4. Apr. 2021 18:45,106,57,49,
4. Apr. 2021 19:00,97,57,40,
4. Apr. 2021 19:15,95,51,44,
4. Apr. 2021 19:30,71,41,30,
4. Apr. 2021 19:45,74,35,39,
4. Apr. 2021 20:00,52,27,25,
4. Apr. 2021 20:15,57,33,24,
4. Apr. 2021 20:30,39,23,16,
4. Apr. 2021 20:45,36,16,20,
4. Apr. 2021 21:00,33,19,14,
4. Apr. 2021 21:15,30,17,13,
4. Apr. 2021 21:30,11,8,3,
4. Apr. 2021 21:45,14,9,5,
4. Apr. 2021 22:00,10,5,5,
4. Apr. 2021 22:15,11,5,6,
4. Apr. 2021 22:30,15,10,5,
4. Apr. 2021 22:45,10,5,5,
4. Apr. 2021 23:00,5,4,1,
4. Apr. 2021 23:15,12,4,8,
4. Apr. 2021 23:30,17,11,6,
4. Apr. 2021 23:45,13,5,8,
5. Apr. 2021 00:00,12,7,5,
5. Apr. 2021 00:15,7,4,3,
5. Apr. 2021 00:30,4,1,3,
5. Apr. 2021 00:45,6,2,4,
5. Apr. 2021 01:00,5,3,2,
5. Apr. 2021 01:15,6,5,1,
5. Apr. 2021 01:30,5,4,1,
5. Apr. 2021 01:45,2,1,1,
5. Apr. 2021 02:00,1,1,0,
5. Apr. 2021 02:15,4,3,1,
5. Apr. 2021 02:30,1,1,0,
5. Apr. 2021 02:45,0,0,0,
5. Apr. 2021 03:00,0,0,0,
5. Apr. 2021 03:15,0,0,0,
5. Apr. 2021 03:30,0,0,0,
5. Apr. 2021 03:45,0,0,0,
5. Apr. 2021 04:00,0,0,0,
5. Apr. 2021 04:15,0,0,0,
5. Apr. 2021 04:30,1,1,0,
5. Apr. 2021 04:45,4,2,2,
5. Apr. 2021 05:00,1,1,0,
5. Apr. 2021 05:15,0,0,0,
5. Apr. 2021 05:30,3,0,3,
5. Apr. 2021 05:45,3,1,2,
5. Apr. 2021 06:00,8,6,2,
5. Apr. 2021 06:15,5,2,3,
5. Apr. 2021 06:30,10,6,4,
5. Apr. 2021 06:45,3,2,1,
5. Apr. 2021 07:00,4,2,2,
5. Apr. 2021 07:15,10,4,6,
5. Apr. 2021 07:30,4,0,4,
5. Apr. 2021 07:45,13,8,5,
5. Apr. 2021 08:00,12,5,7,
5. Apr. 2021 08:15,10,8,2,
5. Apr. 2021 08:30,14,9,5,
5. Apr. 2021 08:45,17,7,10,
5. Apr. 2021 09:00,17,10,7,
5. Apr. 2021 09:15,32,19,13,
5. Apr. 2021 09:30,31,13,18,
5. Apr. 2021 09:45,49,26,23,
5. Apr. 2021 10:00,42,18,24,
5. Apr. 2021 10:15,60,25,35,
5. Apr. 2021 10:30,58,29,29,
5. Apr. 2021 10:45,82,42,40,
5. Apr. 2021 11:00,70,29,41,
5. Apr. 2021 11:15,74,32,42,
5. Apr. 2021 11:30,83,42,41,
5. Apr. 2021 11:45,60,28,32,
5. Apr. 2021 12:00,89,42,47,
5. Apr. 2021 12:15,83,53,30,
5. Apr. 2021 12:30,78,44,34,
5. Apr. 2021 12:45,74,43,31,
5. Apr. 2021 13:00,71,21,50,
5. Apr. 2021 13:15,64,34,30,
5. Apr. 2021 13:30,52,22,30,
5. Apr. 2021 13:45,83,50,33,
5. Apr. 2021 14:00,70,27,43,
5. Apr. 2021 14:15,73,43,30,
5. Apr. 2021 14:30,90,48,42,
5. Apr. 2021 14:45,113,54,59,
5. Apr. 2021 15:00,79,36,43,
5. Apr. 2021 15:15,95,32,63,
5. Apr. 2021 15:30,79,41,38,
5. Apr. 2021 15:45,83,43,40,
5. Apr. 2021 16:00,62,32,30,
5. Apr. 2021 16:15,75,40,35,
5. Apr. 2021 16:30,60,32,28,
5. Apr. 2021 16:45,78,40,38,
5. Apr. 2021 17:00,83,44,39,
5. Apr. 2021 17:15,53,26,27,
5. Apr. 2021 17:30,63,29,34,
5. Apr. 2021 17:45,72,41,31,
5. Apr. 2021 18:00,82,41,41,
5. Apr. 2021 18:15,49,20,29,
5. Apr. 2021 18:30,42,28,14,
5. Apr. 2021 18:45,27,13,14,
5. Apr. 2021 19:00,43,19,24,
5. Apr. 2021 19:15,41,17,24,
5. Apr. 2021 19:30,32,14,18,
5. Apr. 2021 19:45,27,12,15,
5. Apr. 2021 20:00,30,16,14,
5. Apr. 2021 20:15,20,12,8,
5. Apr. 2021 20:30,16,12,4,
5. Apr. 2021 20:45,17,12,5,
5. Apr. 2021 21:00,12,7,5,
5. Apr. 2021 21:15,11,4,7,
5. Apr. 2021 21:30,19,12,7,
5. Apr. 2021 21:45,10,5,5,
5. Apr. 2021 22:00,14,9,5,
5. Apr. 2021 22:15,6,5,1,
5. Apr. 2021 22:30,3,0,3,
5. Apr. 2021 22:45,5,3,2,
5. Apr. 2021 23:00,8,5,3,
5. Apr. 2021 23:15,5,2,3,
5. Apr. 2021 23:30,7,4,3,
5. Apr. 2021 23:45,9,1,8,
6. Apr. 2021 00:00,5,4,1,
6. Apr. 2021 00:15,5,3,2,
6. Apr. 2021 00:30,2,1,1,
6. Apr. 2021 00:45,2,2,0,
6. Apr. 2021 01:00,6,4,2,
6. Apr. 2021 01:15,3,2,1,
6. Apr. 2021 01:30,2,2,0,
6. Apr. 2021 01:45,0,0,0,
6. Apr. 2021 02:00,2,2,0,
6. Apr. 2021 02:15,0,0,0,
6. Apr. 2021 02:30,3,0,3,
6. Apr. 2021 02:45,1,0,1,
6. Apr. 2021 03:00,1,0,1,
6. Apr. 2021 03:15,0,0,0,
6. Apr. 2021 03:30,0,0,0,
6. Apr. 2021 03:45,0,0,0,
6. Apr. 2021 04:00,0,0,0,
6. Apr. 2021 04:15,0,0,0,
6. Apr. 2021 04:30,5,5,0,
6. Apr. 2021 04:45,4,0,4,
6. Apr. 2021 05:00,6,6,0,
6. Apr. 2021 05:15,3,3,0,
6. Apr. 2021 05:30,12,7,5,
6. Apr. 2021 05:45,15,10,5,
6. Apr. 2021 06:00,18,9,9,
6. Apr. 2021 06:15,25,19,6,
6. Apr. 2021 06:30,38,23,15,
6. Apr. 2021 06:45,41,24,17,
6. Apr. 2021 07:00,53,29,24,
6. Apr. 2021 07:15,70,36,34,
6. Apr. 2021 07:30,79,51,28,
6. Apr. 2021 07:45,106,56,50,
6. Apr. 2021 08:00,95,52,43,
6. Apr. 2021 08:15,92,55,37,
6. Apr. 2021 08:30,104,67,37,
6. Apr. 2021 08:45,121,82,39,
6. Apr. 2021 09:00,91,56,35,
6. Apr. 2021 09:15,80,45,35,
6. Apr. 2021 09:30,80,61,19,
6. Apr. 2021 09:45,80,49,31,
6. Apr. 2021 10:00,74,47,27,
6. Apr. 2021 10:15,73,44,29,
6. Apr. 2021 10:30,82,46,36,
6. Apr. 2021 10:45,84,40,44,
6. Apr. 2021 11:00,100,57,43,
6. Apr. 2021 11:15,86,37,49,
6. Apr. 2021 11:30,94,50,44,
6. Apr. 2021 11:45,97,46,51,
6. Apr. 2021 12:00,111,41,70,
6. Apr. 2021 12:15,111,50,61,
6. Apr. 2021 12:30,94,44,50,
6. Apr. 2021 12:45,103,48,55,
6. Apr. 2021 13:00,89,31,58,
6. Apr. 2021 13:15,107,43,64,
6. Apr. 2021 13:30,104,49,55,
6. Apr. 2021 13:45,101,56,45,
6. Apr. 2021 14:00,81,39,42,
6. Apr. 2021 14:15,80,47,33,
6. Apr. 2021 14:30,74,37,37,
6. Apr. 2021 14:45,76,36,40,
6. Apr. 2021 15:00,72,36,36,
6. Apr. 2021 15:15,74,42,32,
6. Apr. 2021 15:30,88,45,43,
6. Apr. 2021 15:45,83,52,31,
6. Apr. 2021 16:00,79,43,36,
6. Apr. 2021 16:15,114,68,46,
6. Apr. 2021 16:30,99,53,46,
6. Apr. 2021 16:45,105,56,49,
6. Apr. 2021 17:00,116,46,70,
6. Apr. 2021 17:15,93,50,43,
6. Apr. 2021 17:30,115,50,65,
6. Apr. 2021 17:45,101,41,60,
6. Apr. 2021 18:00,113,46,67,
6. Apr. 2021 18:15,92,43,49,
6. Apr. 2021 18:30,75,37,38,
6. Apr. 2021 18:45,81,33,48,
6. Apr. 2021 19:00,62,28,34,
6. Apr. 2021 19:15,60,33,27,
6. Apr. 2021 19:30,47,19,28,
6. Apr. 2021 19:45,38,17,21,
6. Apr. 2021 20:00,44,23,21,
6. Apr. 2021 20:15,29,13,16,
6. Apr. 2021 20:30,31,18,13,
6. Apr. 2021 20:45,26,12,14,
6. Apr. 2021 21:00,34,15,19,
6. Apr. 2021 21:15,20,12,8,
6. Apr. 2021 21:30,19,11,8,
6. Apr. 2021 21:45,20,10,10,
6. Apr. 2021 22:00,20,7,13,
6. Apr. 2021 22:15,19,11,8,
6. Apr. 2021 22:30,19,11,8,
6. Apr. 2021 22:45,16,7,9,
6. Apr. 2021 23:00,14,6,8,
6. Apr. 2021 23:15,13,7,6,
6. Apr. 2021 23:30,8,6,2,
6. Apr. 2021 23:45,7,4,3,
7. Apr. 2021 00:00,2,2,0,
7. Apr. 2021 00:15,6,3,3,
7. Apr. 2021 00:30,1,0,1,
7. Apr. 2021 00:45,2,0,2,
7. Apr. 2021 01:00,2,1,1,
7. Apr. 2021 01:15,6,3,3,
7. Apr. 2021 01:30,6,3,3,
7. Apr. 2021 01:45,1,1,0,
7. Apr. 2021 02:00,4,4,0,
7. Apr. 2021 02:15,3,2,1,
7. Apr. 2021 02:30,0,0,0,
7. Apr. 2021 02:45,1,1,0,
7. Apr. 2021 03:00,1,0,1,
7. Apr. 2021 03:15,2,1,1,
7. Apr. 2021 03:30,2,1,1,
7. Apr. 2021 03:45,0,0,0,
7. Apr. 2021 04:00,2,1,1,
7. Apr. 2021 04:15,0,0,0,
7. Apr. 2021 04:30,2,2,0,
7. Apr. 2021 04:45,4,2,2,
7. Apr. 2021 05:00,3,2,1,
7. Apr. 2021 05:15,5,3,2,
7. Apr. 2021 05:30,11,10,1,
7. Apr. 2021 05:45,14,7,7,
7. Apr. 2021 06:00,25,16,9,
7. Apr. 2021 06:15,13,10,3,
7. Apr. 2021 06:30,23,16,7,
7. Apr. 2021 06:45,38,18,20,
7. Apr. 2021 07:00,49,29,20,
7. Apr. 2021 07:15,62,34,28,
7. Apr. 2021 07:30,72,42,30,
7. Apr. 2021 07:45,101,58,43,
7. Apr. 2021 08:00,77,38,39,
7. Apr. 2021 08:15,103,70,33,
7. Apr. 2021 08:30,104,59,45,
7. Apr. 2021 08:45,85,50,35,
7. Apr. 2021 09:00,78,53,25,
7. Apr. 2021 09:15,80,51,29,
7. Apr. 2021 09:30,80,47,33,
7. Apr. 2021 09:45,90,52,38,
7. Apr. 2021 10:00,74,50,24,
7. Apr. 2021 10:15,67,26,41,
7. Apr. 2021 10:30,63,31,32,
7. Apr. 2021 10:45,63,38,25,
7. Apr. 2021 11:00,76,42,34,
7. Apr. 2021 11:15,102,60,42,
7. Apr. 2021 11:30,77,38,39,
7. Apr. 2021 11:45,92,41,51,
7. Apr. 2021 12:00,86,43,43,
7. Apr. 2021 12:15,95,39,56,
7. Apr. 2021 12:30,100,57,43,
7. Apr. 2021 12:45,88,45,43,
7. Apr. 2021 13:00,90,37,53,
7. Apr. 2021 13:15,97,39,58,
7. Apr. 2021 13:30,69,33,36,
7. Apr. 2021 13:45,91,40,51,
7. Apr. 2021 14:00,81,41,40,
7. Apr. 2021 14:15,92,53,39,
7. Apr. 2021 14:30,80,44,36,
7. Apr. 2021 14:45,87,47,40,
7. Apr. 2021 15:00,88,40,48,
7. Apr. 2021 15:15,87,49,38,
7. Apr. 2021 15:30,99,47,52,
7. Apr. 2021 15:45,113,48,65,
7. Apr. 2021 16:00,100,41,59,
7. Apr. 2021 16:15,110,52,58,
7. Apr. 2021 16:30,109,66,43,
7. Apr. 2021 16:45,104,50,54,
7. Apr. 2021 17:00,136,65,71,
7. Apr. 2021 17:15,122,49,73,
7. Apr. 2021 17:30,106,50,56,
7. Apr. 2021 17:45,96,49,47,
7. Apr. 2021 18:00,124,57,67,
7. Apr. 2021 18:15,99,44,55,
7. Apr. 2021 18:30,79,42,37,
7. Apr. 2021 18:45,92,36,56,
7. Apr. 2021 19:00,72,38,34,
7. Apr. 2021 19:15,71,35,36,
7. Apr. 2021 19:30,37,21,16,
7. Apr. 2021 19:45,34,16,18,
7. Apr. 2021 20:00,53,27,26,
7. Apr. 2021 20:15,49,18,31,
7. Apr. 2021 20:30,33,18,15,
7. Apr. 2021 20:45,39,17,22,
7. Apr. 2021 21:00,27,10,17,
7. Apr. 2021 21:15,18,9,9,
7. Apr. 2021 21:30,17,7,10,
7. Apr. 2021 21:45,17,7,10,
7. Apr. 2021 22:00,23,14,9,
7. Apr. 2021 22:15,16,6,10,
7. Apr. 2021 22:30,19,9,10,
7. Apr. 2021 22:45,14,4,10,
7. Apr. 2021 23:00,19,8,11,
7. Apr. 2021 23:15,17,7,10,
7. Apr. 2021 23:30,10,7,3,
7. Apr. 2021 23:45,6,3,3,
8. Apr. 2021 00:00,2,0,2,
8. Apr. 2021 00:15,5,4,1,
8. Apr. 2021 00:30,3,1,2,
8. Apr. 2021 00:45,9,4,5,
8. Apr. 2021 01:00,4,3,1,
8. Apr. 2021 01:15,6,4,2,
8. Apr. 2021 01:30,2,2,0,
8. Apr. 2021 01:45,1,0,1,
8. Apr. 2021 02:00,1,0,1,
8. Apr. 2021 02:15,2,0,2,
8. Apr. 2021 02:30,1,1,0,
8. Apr. 2021 02:45,3,1,2,
8. Apr. 2021 03:00,2,2,0,
8. Apr. 2021 03:15,1,1,0,
8. Apr. 2021 03:30,0,0,0,
8. Apr. 2021 03:45,0,0,0,
8. Apr. 2021 04:00,0,0,0,
8. Apr. 2021 04:15,2,2,0,
8. Apr. 2021 04:30,1,1,0,
8. Apr. 2021 04:45,5,4,1,
8. Apr. 2021 05:00,1,1,0,
8. Apr. 2021 05:15,9,5,4,
8. Apr. 2021 05:30,17,12,5,
8. Apr. 2021 05:45,20,7,13,
8. Apr. 2021 06:00,20,13,7,
8. Apr. 2021 06:15,18,12,6,
8. Apr. 2021 06:30,46,26,20,
8. Apr. 2021 06:45,43,25,18,
8. Apr. 2021 07:00,54,30,24,
8. Apr. 2021 07:15,66,41,25,
8. Apr. 2021 07:30,93,59,34,
8. Apr. 2021 07:45,130,78,52,
8. Apr. 2021 08:00,95,50,45,
8. Apr. 2021 08:15,105,66,39,
8. Apr. 2021 08:30,135,77,58,
8. Apr. 2021 08:45,150,93,57,
8. Apr. 2021 09:00,115,61,54,
8. Apr. 2021 09:15,107,68,39,
8. Apr. 2021 09:30,94,54,40,
8. Apr. 2021 09:45,104,63,41,
8. Apr. 2021 10:00,68,36,32,
8. Apr. 2021 10:15,90,54,36,
8. Apr. 2021 10:30,95,46,49,
8. Apr. 2021 10:45,109,58,51,
8. Apr. 2021 11:00,103,61,42,
8. Apr. 2021 11:15,116,53,63,
8. Apr. 2021 11:30,94,55,39,
8. Apr. 2021 11:45,103,53,50,
8. Apr. 2021 12:00,127,57,70,
8. Apr. 2021 12:15,117,55,62,
8. Apr. 2021 12:30,129,74,55,
8. Apr. 2021 12:45,162,76,86,
8. Apr. 2021 13:00,124,58,66,
8. Apr. 2021 13:15,121,50,71,
8. Apr. 2021 13:30,136,72,64,
8. Apr. 2021 13:45,141,74,67,
8. Apr. 2021 14:00,135,67,68,
8. Apr. 2021 14:15,152,82,70,
8. Apr. 2021 14:30,165,92,73,
8. Apr. 2021 14:45,168,95,73,
8. Apr. 2021 15:00,159,81,78,
8. Apr. 2021 15:15,171,89,82,
8. Apr. 2021 15:30,181,93,88,
8. Apr. 2021 15:45,167,80,87,
8. Apr. 2021 16:00,186,86,100,
8. Apr. 2021 16:15,169,75,94,
8. Apr. 2021 16:30,210,111,99,
8. Apr. 2021 16:45,188,99,89,
8. Apr. 2021 17:00,189,79,110,
8. Apr. 2021 17:15,204,104,100,
8. Apr. 2021 17:30,197,97,100,
8. Apr. 2021 17:45,204,99,105,
8. Apr. 2021 18:00,183,80,103,
8. Apr. 2021 18:15,200,79,121,
8. Apr. 2021 18:30,152,67,85,
8. Apr. 2021 18:45,134,57,77,
8. Apr. 2021 19:00,121,55,66,
8. Apr. 2021 19:15,115,55,60,
8. Apr. 2021 19:30,92,49,43,
8. Apr. 2021 19:45,95,37,58,
8. Apr. 2021 20:00,88,43,45,
8. Apr. 2021 20:15,62,29,33,
8. Apr. 2021 20:30,51,27,24,
8. Apr. 2021 20:45,46,23,23,
8. Apr. 2021 21:00,41,20,21,
8. Apr. 2021 21:15,39,16,23,
8. Apr. 2021 21:30,41,20,21,
8. Apr. 2021 21:45,34,18,16,
8. Apr. 2021 22:00,22,10,12,
8. Apr. 2021 22:15,23,11,12,
8. Apr. 2021 22:30,26,12,14,
8. Apr. 2021 22:45,20,5,15,
8. Apr. 2021 23:00,21,13,8,
8. Apr. 2021 23:15,22,9,13,
8. Apr. 2021 23:30,18,8,10,
8. Apr. 2021 23:45,14,9,5,
9. Apr. 2021 00:00,15,6,9,
9. Apr. 2021 00:15,11,5,6,
9. Apr. 2021 00:30,12,7,5,
9. Apr. 2021 00:45,11,6,5,
9. Apr. 2021 01:00,6,3,3,
9. Apr. 2021 01:15,4,2,2,
9. Apr. 2021 01:30,3,2,1,
9. Apr. 2021 01:45,6,3,3,
9. Apr. 2021 02:00,4,1,3,
9. Apr. 2021 02:15,3,2,1,
9. Apr. 2021 02:30,2,1,1,
9. Apr. 2021 02:45,3,0,3,
9. Apr. 2021 03:00,1,1,0,
9. Apr. 2021 03:15,2,0,2,
9. Apr. 2021 03:30,1,0,1,
9. Apr. 2021 03:45,1,1,0,
9. Apr. 2021 04:00,1,1,0,
9. Apr. 2021 04:15,2,2,0,
9. Apr. 2021 04:30,4,3,1,
9. Apr. 2021 04:45,2,0,2,
9. Apr. 2021 05:00,1,1,0,
9. Apr. 2021 05:15,10,5,5,
9. Apr. 2021 05:30,9,5,4,
9. Apr. 2021 05:45,20,6,14,
9. Apr. 2021 06:00,21,14,7,
9. Apr. 2021 06:15,18,14,4,
9. Apr. 2021 06:30,36,22,14,
9. Apr. 2021 06:45,64,40,24,
9. Apr. 2021 07:00,54,31,23,
9. Apr. 2021 07:15,63,38,25,
9. Apr. 2021 07:30,83,59,24,
9. Apr. 2021 07:45,135,79,56,
9. Apr. 2021 08:00,105,69,36,
9. Apr. 2021 08:15,107,68,39,
9. Apr. 2021 08:30,138,87,51,
9. Apr. 2021 08:45,137,83,54,
9. Apr. 2021 09:00,115,69,46,
9. Apr. 2021 09:15,114,61,53,
9. Apr. 2021 09:30,128,63,65,
9. Apr. 2021 09:45,127,87,40,
9. Apr. 2021 10:00,127,72,55,
9. Apr. 2021 10:15,145,96,49,
9. Apr. 2021 10:30,122,67,55,
9. Apr. 2021 10:45,137,73,64,
9. Apr. 2021 11:00,151,81,70,
9. Apr. 2021 11:15,165,81,84,
9. Apr. 2021 11:30,168,86,82,
9. Apr. 2021 11:45,167,90,77,
9. Apr. 2021 12:00,145,47,98,
9. Apr. 2021 12:15,191,97,94,
9. Apr. 2021 12:30,172,83,89,
9. Apr. 2021 12:45,159,72,87,
9. Apr. 2021 13:00,156,62,94,
9. Apr. 2021 13:15,138,61,77,
9. Apr. 2021 13:30,210,109,101,
9. Apr. 2021 13:45,213,104,109,
9. Apr. 2021 14:00,164,76,88,
9. Apr. 2021 14:15,198,102,96,
9. Apr. 2021 14:30,194,107,87,
9. Apr. 2021 14:45,191,103,88,
9. Apr. 2021 15:00,226,104,122,
9. Apr. 2021 15:15,189,89,100,
9. Apr. 2021 15:30,176,78,98,
9. Apr. 2021 15:45,208,103,105,
9. Apr. 2021 16:00,195,101,94,
9. Apr. 2021 16:15,202,90,112,
9. Apr. 2021 16:30,171,80,91,
9. Apr. 2021 16:45,204,89,115,
9. Apr. 2021 17:00,168,82,86,
9. Apr. 2021 17:15,179,91,88,
9. Apr. 2021 17:30,218,112,106,
9. Apr. 2021 17:45,199,93,106,
9. Apr. 2021 18:00,201,99,102,
9. Apr. 2021 18:15,170,91,79,
9. Apr. 2021 18:30,164,85,79,
9. Apr. 2021 18:45,169,89,80,
9. Apr. 2021 19:00,146,79,67,
9. Apr. 2021 19:15,128,57,71,
9. Apr. 2021 19:30,133,72,61,
9. Apr. 2021 19:45,110,51,59,
9. Apr. 2021 20:00,113,46,67,
9. Apr. 2021 20:15,94,46,48,
9. Apr. 2021 20:30,94,52,42,
9. Apr. 2021 20:45,56,36,20,
9. Apr. 2021 21:00,48,18,30,
9. Apr. 2021 21:15,37,15,22,
9. Apr. 2021 21:30,36,16,20,
9. Apr. 2021 21:45,32,15,17,
9. Apr. 2021 22:00,32,13,19,
9. Apr. 2021 22:15,25,18,7,
9. Apr. 2021 22:30,32,15,17,
9. Apr. 2021 22:45,36,14,22,
9. Apr. 2021 23:00,25,15,10,
9. Apr. 2021 23:15,24,11,13,
9. Apr. 2021 23:30,33,17,16,
9. Apr. 2021 23:45,11,3,8,
10. Apr. 2021 00:00,27,14,13,
10. Apr. 2021 00:15,22,14,8,
10. Apr. 2021 00:30,7,4,3,
10. Apr. 2021 00:45,12,5,7,
10. Apr. 2021 01:00,14,5,9,
10. Apr. 2021 01:15,11,4,7,
10. Apr. 2021 01:30,19,11,8,
10. Apr. 2021 01:45,14,4,10,
10. Apr. 2021 02:00,7,1,6,
10. Apr. 2021 02:15,14,3,11,
10. Apr. 2021 02:30,10,4,6,
10. Apr. 2021 02:45,10,4,6,
10. Apr. 2021 03:00,5,3,2,
10. Apr. 2021 03:15,7,0,7,
10. Apr. 2021 03:30,3,2,1,
10. Apr. 2021 03:45,6,4,2,
10. Apr. 2021 04:00,2,1,1,
10. Apr. 2021 04:15,2,1,1,
10. Apr. 2021 04:30,3,3,0,
10. Apr. 2021 04:45,4,4,0,
10. Apr. 2021 05:00,5,4,1,
10. Apr. 2021 05:15,1,1,0,
10. Apr. 2021 05:30,9,4,5,
10. Apr. 2021 05:45,15,6,9,
10. Apr. 2021 06:00,14,9,5,
10. Apr. 2021 06:15,6,4,2,
10. Apr. 2021 06:30,15,9,6,
10. Apr. 2021 06:45,12,6,6,
10. Apr. 2021 07:00,14,10,4,
10. Apr. 2021 07:15,11,9,2,
10. Apr. 2021 07:30,24,17,7,
10. Apr. 2021 07:45,41,27,14,
10. Apr. 2021 08:00,29,16,13,
10. Apr. 2021 08:15,32,19,13,
10. Apr. 2021 08:30,50,32,18,
10. Apr. 2021 08:45,65,44,21,
10. Apr. 2021 09:00,69,31,38,
10. Apr. 2021 09:15,77,32,45,
10. Apr. 2021 09:30,88,44,44,
10. Apr. 2021 09:45,103,54,49,
10. Apr. 2021 10:00,100,62,38,
10. Apr. 2021 10:15,134,80,54,
10. Apr. 2021 10:30,103,50,53,
10. Apr. 2021 10:45,117,51,66,
10. Apr. 2021 11:00,122,64,58,
10. Apr. 2021 11:15,147,91,56,
10. Apr. 2021 11:30,157,78,79,
10. Apr. 2021 11:45,135,58,77,
10. Apr. 2021 12:00,143,84,59,
10. Apr. 2021 12:15,124,65,59,
10. Apr. 2021 12:30,147,74,73,
10. Apr. 2021 12:45,147,79,68,
10. Apr. 2021 13:00,169,92,77,
10. Apr. 2021 13:15,173,97,76,
10. Apr. 2021 13:30,170,84,86,
10. Apr. 2021 13:45,237,119,118,
10. Apr. 2021 14:00,164,90,74,
10. Apr. 2021 14:15,241,126,115,
10. Apr. 2021 14:30,203,101,102,
10. Apr. 2021 14:45,182,99,83,
10. Apr. 2021 15:00,184,90,94,
10. Apr. 2021 15:15,215,108,107,
10. Apr. 2021 15:30,190,102,88,
10. Apr. 2021 15:45,203,102,101,
10. Apr. 2021 16:00,159,63,96,
10. Apr. 2021 16:15,223,121,102,
10. Apr. 2021 16:30,206,108,98,
10. Apr. 2021 16:45,175,94,81,
10. Apr. 2021 17:00,189,104,85,
10. Apr. 2021 17:15,178,81,97,
10. Apr. 2021 17:30,173,95,78,
10. Apr. 2021 17:45,205,95,110,
10. Apr. 2021 18:00,179,101,78,
10. Apr. 2021 18:15,160,92,68,
10. Apr. 2021 18:30,135,64,71,
10. Apr. 2021 18:45,140,67,73,
10. Apr. 2021 19:00,97,59,38,
10. Apr. 2021 19:15,96,49,47,
10. Apr. 2021 19:30,122,51,71,
10. Apr. 2021 19:45,85,49,36,
10. Apr. 2021 20:00,83,44,39,
10. Apr. 2021 20:15,74,34,40,
10. Apr. 2021 20:30,74,36,38,
10. Apr. 2021 20:45,73,40,33,
10. Apr. 2021 21:00,59,31,28,
10. Apr. 2021 21:15,35,17,18,
10. Apr. 2021 21:30,28,13,15,
10. Apr. 2021 21:45,36,23,13,
10. Apr. 2021 22:00,17,12,5,
10. Apr. 2021 22:15,47,17,30,
10. Apr. 2021 22:30,26,10,16,
10. Apr. 2021 22:45,33,16,17,
10. Apr. 2021 23:00,24,12,12,
10. Apr. 2021 23:15,30,12,18,
10. Apr. 2021 23:30,23,9,14,
10. Apr. 2021 23:45,24,12,12,
11. Apr. 2021 00:00,33,21,12,
11. Apr. 2021 00:15,19,10,9,
11. Apr. 2021 00:30,15,6,9,
11. Apr. 2021 00:45,20,10,10,
11. Apr. 2021 01:00,20,11,9,
11. Apr. 2021 01:15,21,14,7,
11. Apr. 2021 01:30,16,13,3,
11. Apr. 2021 01:45,9,1,8,
11. Apr. 2021 02:00,7,1,6,
11. Apr. 2021 02:15,4,3,1,
11. Apr. 2021 02:30,10,4,6,
11. Apr. 2021 02:45,9,6,3,
11. Apr. 2021 03:00,12,3,9,
11. Apr. 2021 03:15,13,8,5,
11. Apr. 2021 03:30,3,1,2,
11. Apr. 2021 03:45,10,2,8,
11. Apr. 2021 04:00,0,0,0,
11. Apr. 2021 04:15,8,4,4,
11. Apr. 2021 04:30,2,2,0,
11. Apr. 2021 04:45,5,2,3,
11. Apr. 2021 05:00,0,0,0,
11. Apr. 2021 05:15,4,1,3,
11. Apr. 2021 05:30,5,5,0,
11. Apr. 2021 05:45,11,7,4,
11. Apr. 2021 06:00,7,5,2,
11. Apr. 2021 06:15,10,7,3,
11. Apr. 2021 06:30,7,4,3,
11. Apr. 2021 06:45,14,9,5,
11. Apr. 2021 07:00,10,4,6,
11. Apr. 2021 07:15,4,3,1,
11. Apr. 2021 07:30,9,3,6,
11. Apr. 2021 07:45,17,7,10,
11. Apr. 2021 08:00,8,7,1,
11. Apr. 2021 08:15,16,7,9,
11. Apr. 2021 08:30,22,8,14,
11. Apr. 2021 08:45,35,15,20,
11. Apr. 2021 09:00,20,12,8,
11. Apr. 2021 09:15,42,23,19,
11. Apr. 2021 09:30,52,27,25,
11. Apr. 2021 09:45,85,48,37,
11. Apr. 2021 10:00,56,21,35,
11. Apr. 2021 10:15,94,50,44,
11. Apr. 2021 10:30,76,36,40,
11. Apr. 2021 10:45,95,55,40,
11. Apr. 2021 11:00,103,53,50,
11. Apr. 2021 11:15,111,49,62,
11. Apr. 2021 11:30,116,66,50,
11. Apr. 2021 11:45,123,62,61,
11. Apr. 2021 12:00,125,65,60,
11. Apr. 2021 12:15,151,84,67,
11. Apr. 2021 12:30,148,57,91,
11. Apr. 2021 12:45,173,84,89,
11. Apr. 2021 13:00,168,71,97,
11. Apr. 2021 13:15,153,76,77,
11. Apr. 2021 13:30,163,85,78,
11. Apr. 2021 13:45,189,101,88,
11. Apr. 2021 14:00,179,84,95,
11. Apr. 2021 14:15,229,90,139,
11. Apr. 2021 14:30,171,85,86,
11. Apr. 2021 14:45,230,105,125,
11. Apr. 2021 15:00,204,116,88,
11. Apr. 2021 15:15,245,136,109,
11. Apr. 2021 15:30,205,103,102,
11. Apr. 2021 15:45,190,108,82,
11. Apr. 2021 16:00,207,113,94,
11. Apr. 2021 16:15,229,144,85,
11. Apr. 2021 16:30,205,106,99,
11. Apr. 2021 16:45,235,125,110,
11. Apr. 2021 17:00,213,120,93,
11. Apr. 2021 17:15,250,129,121,
11. Apr. 2021 17:30,258,156,102,
11. Apr. 2021 17:45,254,136,118,
11. Apr. 2021 18:00,193,110,83,
11. Apr. 2021 18:15,145,88,57,
11. Apr. 2021 18:30,133,78,55,
11. Apr. 2021 18:45,132,57,75,
11. Apr. 2021 19:00,100,55,45,
11. Apr. 2021 19:15,113,62,51,
11. Apr. 2021 19:30,73,35,38,
11. Apr. 2021 19:45,56,30,26,
11. Apr. 2021 20:00,49,22,27,
11. Apr. 2021 20:15,40,27,13,
11. Apr. 2021 20:30,44,21,23,
11. Apr. 2021 20:45,37,18,19,
11. Apr. 2021 21:00,26,17,9,
11. Apr. 2021 21:15,28,15,13,
11. Apr. 2021 21:30,21,9,12,
11. Apr. 2021 21:45,22,12,10,
11. Apr. 2021 22:00,16,6,10,
11. Apr. 2021 22:15,25,12,13,
11. Apr. 2021 22:30,10,2,8,
11. Apr. 2021 22:45,7,4,3,
11. Apr. 2021 23:00,17,11,6,
11. Apr. 2021 23:15,9,3,6,
11. Apr. 2021 23:30,11,9,2,
11. Apr. 2021 23:45,6,4,2,
12. Apr. 2021 00:00,5,1,4,
12. Apr. 2021 00:15,4,2,2,
12. Apr. 2021 00:30,8,4,4,
12. Apr. 2021 00:45,9,6,3,
12. Apr. 2021 01:00,1,0,1,
12. Apr. 2021 01:15,2,2,0,
12. Apr. 2021 01:30,5,2,3,
12. Apr. 2021 01:45,3,2,1,
12. Apr. 2021 02:00,2,2,0,
12. Apr. 2021 02:15,1,0,1,
12. Apr. 2021 02:30,2,2,0,
12. Apr. 2021 02:45,1,0,1,
12. Apr. 2021 03:00,0,0,0,
12. Apr. 2021 03:15,0,0,0,
12. Apr. 2021 03:30,1,0,1,
12. Apr. 2021 03:45,1,0,1,
12. Apr. 2021 04:00,0,0,0,
12. Apr. 2021 04:15,0,0,0,
12. Apr. 2021 04:30,1,1,0,
12. Apr. 2021 04:45,3,3,0,
12. Apr. 2021 05:00,0,0,0,
12. Apr. 2021 05:15,6,2,4,
12. Apr. 2021 05:30,8,5,3,
12. Apr. 2021 05:45,20,12,8,
12. Apr. 2021 06:00,18,11,7,
12. Apr. 2021 06:15,19,15,4,
12. Apr. 2021 06:30,32,18,14,
12. Apr. 2021 06:45,38,26,12,
12. Apr. 2021 07:00,53,26,27,
12. Apr. 2021 07:15,79,53,26,
12. Apr. 2021 07:30,144,112,32,
12. Apr. 2021 07:45,114,76,38,
12. Apr. 2021 08:00,104,53,51,
12. Apr. 2021 08:15,122,67,55,
12. Apr. 2021 08:30,117,62,55,
12. Apr. 2021 08:45,104,70,34,
12. Apr. 2021 09:00,90,50,40,
12. Apr. 2021 09:15,96,57,39,
12. Apr. 2021 09:30,92,46,46,
12. Apr. 2021 09:45,60,36,24,
12. Apr. 2021 10:00,37,16,21,
12. Apr. 2021 10:15,39,16,23,
12. Apr. 2021 10:30,44,22,22,
12. Apr. 2021 10:45,39,15,24,
12. Apr. 2021 11:00,49,17,32,
12. Apr. 2021 11:15,48,23,25,
12. Apr. 2021 11:30,56,35,21,
12. Apr. 2021 11:45,44,21,23,
12. Apr. 2021 12:00,71,34,37,
12. Apr. 2021 12:15,70,36,34,
12. Apr. 2021 12:30,82,37,45,
12. Apr. 2021 12:45,74,33,41,
12. Apr. 2021 13:00,108,37,71,
12. Apr. 2021 13:15,82,39,43,
12. Apr. 2021 13:30,64,38,26,
12. Apr. 2021 13:45,100,53,47,
12. Apr. 2021 14:00,72,44,28,
12. Apr. 2021 14:15,82,42,40,
12. Apr. 2021 14:30,78,47,31,
12. Apr. 2021 14:45,92,57,35,
12. Apr. 2021 15:00,108,55,53,
12. Apr. 2021 15:15,76,41,35,
12. Apr. 2021 15:30,96,46,50,
12. Apr. 2021 15:45,111,60,51,
12. Apr. 2021 16:00,90,54,36,
12. Apr. 2021 16:15,119,63,56,
12. Apr. 2021 16:30,106,50,56,
12. Apr. 2021 16:45,121,59,62,
12. Apr. 2021 17:00,121,51,70,
12. Apr. 2021 17:15,144,66,78,
12. Apr. 2021 17:30,125,60,65,
12. Apr. 2021 17:45,142,63,79,
12. Apr. 2021 18:00,125,55,70,
12. Apr. 2021 18:15,82,34,48,
12. Apr. 2021 18:30,111,59,52,
12. Apr. 2021 18:45,106,58,48,
12. Apr. 2021 19:00,71,37,34,
12. Apr. 2021 19:15,70,31,39,
12. Apr. 2021 19:30,52,29,23,
12. Apr. 2021 19:45,63,30,33,
12. Apr. 2021 20:00,39,18,21,
12. Apr. 2021 20:15,40,21,19,
12. Apr. 2021 20:30,31,11,20,
12. Apr. 2021 20:45,41,20,21,
12. Apr. 2021 21:00,27,16,11,
12. Apr. 2021 21:15,25,11,14,
12. Apr. 2021 21:30,23,14,9,
12. Apr. 2021 21:45,18,9,9,
12. Apr. 2021 22:00,13,7,6,
12. Apr. 2021 22:15,12,8,4,
12. Apr. 2021 22:30,12,3,9,
12. Apr. 2021 22:45,11,4,7,
12. Apr. 2021 23:00,11,9,2,
12. Apr. 2021 23:15,3,2,1,
12. Apr. 2021 23:30,7,3,4,
12. Apr. 2021 23:45,3,0,3,
13. Apr. 2021 00:00,5,0,5,
13. Apr. 2021 00:15,6,5,1,
13. Apr. 2021 00:30,6,6,0,
13. Apr. 2021 00:45,5,3,2,
13. Apr. 2021 01:00,4,0,4,
13. Apr. 2021 01:15,5,5,0,
13. Apr. 2021 01:30,0,0,0,
13. Apr. 2021 01:45,1,1,0,
13. Apr. 2021 02:00,0,0,0,
13. Apr. 2021 02:15,0,0,0,
13. Apr. 2021 02:30,0,0,0,
13. Apr. 2021 02:45,0,0,0,
13. Apr. 2021 03:00,2,1,1,
13. Apr. 2021 03:15,1,1,0,
13. Apr. 2021 03:30,1,0,1,
13. Apr. 2021 03:45,1,0,1,
13. Apr. 2021 04:00,0,0,0,
13. Apr. 2021 04:15,2,1,1,
13. Apr. 2021 04:30,1,1,0,
13. Apr. 2021 04:45,4,4,0,
13. Apr. 2021 05:00,4,3,1,
13. Apr. 2021 05:15,8,4,4,
13. Apr. 2021 05:30,9,2,7,
13. Apr. 2021 05:45,17,11,6,
13. Apr. 2021 06:00,27,17,10,
13. Apr. 2021 06:15,28,15,13,
13. Apr. 2021 06:30,45,24,21,
13. Apr. 2021 06:45,56,30,26,
13. Apr. 2021 07:00,77,38,39,
13. Apr. 2021 07:15,95,56,39,
13. Apr. 2021 07:30,225,153,72,
13. Apr. 2021 07:45,174,95,79,
13. Apr. 2021 08:00,176,96,80,
13. Apr. 2021 08:15,159,95,64,
13. Apr. 2021 08:30,186,109,77,
13. Apr. 2021 08:45,180,121,59,
13. Apr. 2021 09:00,126,69,57,
13. Apr. 2021 09:15,139,91,48,
13. Apr. 2021 09:30,137,75,62,
13. Apr. 2021 09:45,123,71,52,
13. Apr. 2021 10:00,90,58,32,
13. Apr. 2021 10:15,104,62,42,
13. Apr. 2021 10:30,106,54,52,
13. Apr. 2021 10:45,125,59,66,
13. Apr. 2021 11:00,129,53,76,
13. Apr. 2021 11:15,139,65,74,
13. Apr. 2021 11:30,119,71,48,
13. Apr. 2021 11:45,134,70,64,
13. Apr. 2021 12:00,157,79,78,
13. Apr. 2021 12:15,136,63,73,
13. Apr. 2021 12:30,144,62,82,
13. Apr. 2021 12:45,160,77,83,
13. Apr. 2021 13:00,183,61,122,
13. Apr. 2021 13:15,109,59,50,
13. Apr. 2021 13:30,115,68,47,
13. Apr. 2021 13:45,110,53,57,
13. Apr. 2021 14:00,121,67,54,
13. Apr. 2021 14:15,111,54,57,
13. Apr. 2021 14:30,126,76,50,
13. Apr. 2021 14:45,132,78,54,
13. Apr. 2021 15:00,131,50,81,
13. Apr. 2021 15:15,107,51,56,
13. Apr. 2021 15:30,153,85,68,
13. Apr. 2021 15:45,145,74,71,
13. Apr. 2021 16:00,131,72,59,
13. Apr. 2021 16:15,188,92,96,
13. Apr. 2021 16:30,161,80,81,
13. Apr. 2021 16:45,167,74,93,
13. Apr. 2021 17:00,133,61,72,
13. Apr. 2021 17:15,177,73,104,
13. Apr. 2021 17:30,130,71,59,
13. Apr. 2021 17:45,176,75,101,
13. Apr. 2021 18:00,160,82,78,
13. Apr. 2021 18:15,130,53,77,
13. Apr. 2021 18:30,126,54,72,
13. Apr. 2021 18:45,128,59,69,
13. Apr. 2021 19:00,116,48,68,
13. Apr. 2021 19:15,122,77,45,
13. Apr. 2021 19:30,71,35,36,
13. Apr. 2021 19:45,69,36,33,
13. Apr. 2021 20:00,71,36,35,
13. Apr. 2021 20:15,50,19,31,
13. Apr. 2021 20:30,37,17,20,
13. Apr. 2021 20:45,44,19,25,
13. Apr. 2021 21:00,30,12,18,
13. Apr. 2021 21:15,40,19,21,
13. Apr. 2021 21:30,14,9,5,
13. Apr. 2021 21:45,19,12,7,
13. Apr. 2021 22:00,13,6,7,
13. Apr. 2021 22:15,19,9,10,
13. Apr. 2021 22:30,23,8,15,
13. Apr. 2021 22:45,12,4,8,
13. Apr. 2021 23:00,40,19,21,
13. Apr. 2021 23:15,24,12,12,
13. Apr. 2021 23:30,14,7,7,
13. Apr. 2021 23:45,14,7,7,
14. Apr. 2021 00:00,11,8,3,
14. Apr. 2021 00:15,1,0,1,
14. Apr. 2021 00:30,11,10,1,
14. Apr. 2021 00:45,10,4,6,
14. Apr. 2021 01:00,5,2,3,
14. Apr. 2021 01:15,8,6,2,
14. Apr. 2021 01:30,7,5,2,
14. Apr. 2021 01:45,1,1,0,
14. Apr. 2021 02:00,3,1,2,
14. Apr. 2021 02:15,1,1,0,
14. Apr. 2021 02:30,3,2,1,
14. Apr. 2021 02:45,2,1,1,
14. Apr. 2021 03:00,1,1,0,
14. Apr. 2021 03:15,5,5,0,
14. Apr. 2021 03:30,1,1,0,
14. Apr. 2021 03:45,1,1,0,
14. Apr. 2021 04:00,0,0,0,
14. Apr. 2021 04:15,2,1,1,
14. Apr. 2021 04:30,3,2,1,
14. Apr. 2021 04:45,4,3,1,
14. Apr. 2021 05:00,3,3,0,
14. Apr. 2021 05:15,5,1,4,
14. Apr. 2021 05:30,9,7,2,
14. Apr. 2021 05:45,19,6,13,
14. Apr. 2021 06:00,29,17,12,
14. Apr. 2021 06:15,22,14,8,
14. Apr. 2021 06:30,39,22,17,
14. Apr. 2021 06:45,55,24,31,
14. Apr. 2021 07:00,67,37,30,
14. Apr. 2021 07:15,114,67,47,
14. Apr. 2021 07:30,219,149,70,
14. Apr. 2021 07:45,172,81,91,
14. Apr. 2021 08:00,171,98,73,
14. Apr. 2021 08:15,162,86,76,
14. Apr. 2021 08:30,177,103,74,
14. Apr. 2021 08:45,181,115,66,
14. Apr. 2021 09:00,137,66,71,
14. Apr. 2021 09:15,162,112,50,
14. Apr. 2021 09:30,112,56,56,
14. Apr. 2021 09:45,132,74,58,
14. Apr. 2021 10:00,104,55,49,
14. Apr. 2021 10:15,121,72,49,
14. Apr. 2021 10:30,103,52,51,
14. Apr. 2021 10:45,138,78,60,
14. Apr. 2021 11:00,129,64,65,
14. Apr. 2021 11:15,122,65,57,
14. Apr. 2021 11:30,115,57,58,
14. Apr. 2021 11:45,122,52,70,
14. Apr. 2021 12:00,154,69,85,
14. Apr. 2021 12:15,168,75,93,
14. Apr. 2021 12:30,195,92,103,
14. Apr. 2021 12:45,170,82,88,
14. Apr. 2021 13:00,224,91,133,
14. Apr. 2021 13:15,141,82,59,
14. Apr. 2021 13:30,141,74,67,
14. Apr. 2021 13:45,176,86,90,
14. Apr. 2021 14:00,169,87,82,
14. Apr. 2021 14:15,171,83,88,
14. Apr. 2021 14:30,162,79,83,
14. Apr. 2021 14:45,164,91,73,
14. Apr. 2021 15:00,166,94,72,
14. Apr. 2021 15:15,167,80,87,
14. Apr. 2021 15:30,166,74,92,
14. Apr. 2021 15:45,199,104,95,
14. Apr. 2021 16:00,181,101,80,
14. Apr. 2021 16:15,188,106,82,
14. Apr. 2021 16:30,199,100,99,
14. Apr. 2021 16:45,207,102,105,
14. Apr. 2021 17:00,218,117,101,
14. Apr. 2021 17:15,212,104,108,
14. Apr. 2021 17:30,181,84,97,
14. Apr. 2021 17:45,228,118,110,
14. Apr. 2021 18:00,210,93,117,
14. Apr. 2021 18:15,153,81,72,
14. Apr. 2021 18:30,153,63,90,
14. Apr. 2021 18:45,136,65,71,
14. Apr. 2021 19:00,117,48,69,
14. Apr. 2021 19:15,113,57,56,
14. Apr. 2021 19:30,94,51,43,
14. Apr. 2021 19:45,91,46,45,
14. Apr. 2021 20:00,81,40,41,
14. Apr. 2021 20:15,68,37,31,
14. Apr. 2021 20:30,60,31,29,
14. Apr. 2021 20:45,34,20,14,
14. Apr. 2021 21:00,28,20,8,
14. Apr. 2021 21:15,34,18,16,
14. Apr. 2021 21:30,27,19,8,
14. Apr. 2021 21:45,23,13,10,
14. Apr. 2021 22:00,32,10,22,
14. Apr. 2021 22:15,19,8,11,
14. Apr. 2021 22:30,20,10,10,
14. Apr. 2021 22:45,6,5,1,
14. Apr. 2021 23:00,27,11,16,
14. Apr. 2021 23:15,21,13,8,
14. Apr. 2021 23:30,15,6,9,
14. Apr. 2021 23:45,14,5,9,
15. Apr. 2021 00:00,9,7,2,
15. Apr. 2021 00:15,9,2,7,
15. Apr. 2021 00:30,6,2,4,
15. Apr. 2021 00:45,4,2,2,
15. Apr. 2021 01:00,10,8,2,
15. Apr. 2021 01:15,2,0,2,
15. Apr. 2021 01:30,6,4,2,
15. Apr. 2021 01:45,2,1,1,
15. Apr. 2021 02:00,9,4,5,
15. Apr. 2021 02:15,5,0,5,
15. Apr. 2021 02:30,6,4,2,
15. Apr. 2021 02:45,0,0,0,
15. Apr. 2021 03:00,3,0,3,
15. Apr. 2021 03:15,0,0,0,
15. Apr. 2021 03:30,4,1,3,
15. Apr. 2021 03:45,1,1,0,
15. Apr. 2021 04:00,2,0,2,
15. Apr. 2021 04:15,3,2,1,
15. Apr. 2021 04:30,2,2,0,
15. Apr. 2021 04:45,3,1,2,
15. Apr. 2021 05:00,2,2,0,
15. Apr. 2021 05:15,8,3,5,
15. Apr. 2021 05:30,15,12,3,
15. Apr. 2021 05:45,28,13,15,
15. Apr. 2021 06:00,19,8,11,
15. Apr. 2021 06:15,36,26,10,
15. Apr. 2021 06:30,38,16,22,
15. Apr. 2021 06:45,45,21,24,
15. Apr. 2021 07:00,67,34,33,
15. Apr. 2021 07:15,120,78,42,
15. Apr. 2021 07:30,229,160,69,
15. Apr. 2021 07:45,186,105,81,
15. Apr. 2021 08:00,164,89,75,
15. Apr. 2021 08:15,155,86,69,
15. Apr. 2021 08:30,164,103,61,
15. Apr. 2021 08:45,205,110,95,
15. Apr. 2021 09:00,142,89,53,
15. Apr. 2021 09:15,138,71,67,
15. Apr. 2021 09:30,122,58,64,
15. Apr. 2021 09:45,109,61,48,
15. Apr. 2021 10:00,101,50,51,
15. Apr. 2021 10:15,97,64,33,
15. Apr. 2021 10:30,95,57,38,
15. Apr. 2021 10:45,126,63,63,
15. Apr. 2021 11:00,129,68,61,
15. Apr. 2021 11:15,134,61,73,
15. Apr. 2021 11:30,113,61,52,
15. Apr. 2021 11:45,116,57,59,
15. Apr. 2021 12:00,127,70,57,
15. Apr. 2021 12:15,143,85,58,
15. Apr. 2021 12:30,161,70,91,
15. Apr. 2021 12:45,140,68,72,
15. Apr. 2021 13:00,234,97,137,
15. Apr. 2021 13:15,176,86,90,
15. Apr. 2021 13:30,133,69,64,
15. Apr. 2021 13:45,157,68,89,
15. Apr. 2021 14:00,137,59,78,
15. Apr. 2021 14:15,178,90,88,
15. Apr. 2021 14:30,150,80,70,
15. Apr. 2021 14:45,169,93,76,
15. Apr. 2021 15:00,137,62,75,
15. Apr. 2021 15:15,173,92,81,
15. Apr. 2021 15:30,165,72,93,
15. Apr. 2021 15:45,199,109,90,
15. Apr. 2021 16:00,173,74,99,
15. Apr. 2021 16:15,192,110,82,
15. Apr. 2021 16:30,224,123,101,
15. Apr. 2021 16:45,209,115,94,
15. Apr. 2021 17:00,197,94,103,
15. Apr. 2021 17:15,228,102,126,
15. Apr. 2021 17:30,219,104,115,
15. Apr. 2021 17:45,201,98,103,
15. Apr. 2021 18:00,184,78,106,
15. Apr. 2021 18:15,192,87,105,
15. Apr. 2021 18:30,152,68,84,
15. Apr. 2021 18:45,185,101,84,
15. Apr. 2021 19:00,143,77,66,
15. Apr. 2021 19:15,108,49,59,
15. Apr. 2021 19:30,77,43,34,
15. Apr. 2021 19:45,101,40,61,
15. Apr. 2021 20:00,90,48,42,
15. Apr. 2021 20:15,64,31,33,
15. Apr. 2021 20:30,50,25,25,
15. Apr. 2021 20:45,55,25,30,
15. Apr. 2021 21:00,39,19,20,
15. Apr. 2021 21:15,40,18,22,
15. Apr. 2021 21:30,36,26,10,
15. Apr. 2021 21:45,22,4,18,
15. Apr. 2021 22:00,18,12,6,
15. Apr. 2021 22:15,22,11,11,
15. Apr. 2021 22:30,29,11,18,
15. Apr. 2021 22:45,23,10,13,
15. Apr. 2021 23:00,12,6,6,
15. Apr. 2021 23:15,21,8,13,
15. Apr. 2021 23:30,20,6,14,
15. Apr. 2021 23:45,10,8,2,
16. Apr. 2021 00:00,7,6,1,
16. Apr. 2021 00:15,10,7,3,
16. Apr. 2021 00:30,9,3,6,
16. Apr. 2021 00:45,5,3,2,
16. Apr. 2021 01:00,12,6,6,
16. Apr. 2021 01:15,2,1,1,
16. Apr. 2021 01:30,10,2,8,
16. Apr. 2021 01:45,2,0,2,
16. Apr. 2021 02:00,3,1,2,
16. Apr. 2021 02:15,2,1,1,
16. Apr. 2021 02:30,6,1,5,
16. Apr. 2021 02:45,1,0,1,
16. Apr. 2021 03:00,0,0,0,
16. Apr. 2021 03:15,0,0,0,
16. Apr. 2021 03:30,0,0,0,
16. Apr. 2021 03:45,1,1,0,
16. Apr. 2021 04:00,1,1,0,
16. Apr. 2021 04:15,2,1,1,
16. Apr. 2021 04:30,2,1,1,
16. Apr. 2021 04:45,3,2,1,
16. Apr. 2021 05:00,2,2,0,
16. Apr. 2021 05:15,7,2,5,
16. Apr. 2021 05:30,9,5,4,
16. Apr. 2021 05:45,19,5,14,
16. Apr. 2021 06:00,23,15,8,
16. Apr. 2021 06:15,31,22,9,
16. Apr. 2021 06:30,35,16,19,
16. Apr. 2021 06:45,57,34,23,
16. Apr. 2021 07:00,59,24,35,
16. Apr. 2021 07:15,131,81,50,
16. Apr. 2021 07:30,197,142,55,
16. Apr. 2021 07:45,193,112,81,
16. Apr. 2021 08:00,120,69,51,
16. Apr. 2021 08:15,138,77,61,
16. Apr. 2021 08:30,184,105,79,
16. Apr. 2021 08:45,182,103,79,
16. Apr. 2021 09:00,120,70,50,
16. Apr. 2021 09:15,179,108,71,
16. Apr. 2021 09:30,158,87,71,
16. Apr. 2021 09:45,143,88,55,
16. Apr. 2021 10:00,134,82,52,
16. Apr. 2021 10:15,154,87,67,
16. Apr. 2021 10:30,144,75,69,
16. Apr. 2021 10:45,177,101,76,
16. Apr. 2021 11:00,151,80,71,
16. Apr. 2021 11:15,160,77,83,
16. Apr. 2021 11:30,168,81,87,
16. Apr. 2021 11:45,158,84,74,
16. Apr. 2021 12:00,179,66,113,
16. Apr. 2021 12:15,180,81,99,
16. Apr. 2021 12:30,190,65,125,
16. Apr. 2021 12:45,169,72,97,
16. Apr. 2021 13:00,253,101,152,
16. Apr. 2021 13:15,155,76,79,
16. Apr. 2021 13:30,187,85,102,
16. Apr. 2021 13:45,195,99,96,
16. Apr. 2021 14:00,192,94,98,
16. Apr. 2021 14:15,203,89,114,
16. Apr. 2021 14:30,183,101,82,
16. Apr. 2021 14:45,197,112,85,
16. Apr. 2021 15:00,243,124,119,
16. Apr. 2021 15:15,219,127,92,
16. Apr. 2021 15:30,178,97,81,
16. Apr. 2021 15:45,189,95,94,
16. Apr. 2021 16:00,227,112,115,
16. Apr. 2021 16:15,215,104,111,
16. Apr. 2021 16:30,179,90,89,
16. Apr. 2021 16:45,182,74,108,
16. Apr. 2021 17:00,182,75,107,
16. Apr. 2021 17:15,203,102,101,
16. Apr. 2021 17:30,175,83,92,
16. Apr. 2021 17:45,166,80,86,
16. Apr. 2021 18:00,219,114,105,
16. Apr. 2021 18:15,162,58,104,
16. Apr. 2021 18:30,183,89,94,
16. Apr. 2021 18:45,143,65,78,
16. Apr. 2021 19:00,152,65,87,
16. Apr. 2021 19:15,142,80,62,
16. Apr. 2021 19:30,147,75,72,
16. Apr. 2021 19:45,98,42,56,
16. Apr. 2021 20:00,78,34,44,
16. Apr. 2021 20:15,84,43,41,
16. Apr. 2021 20:30,74,41,33,
16. Apr. 2021 20:45,52,30,22,
16. Apr. 2021 21:00,60,30,30,
16. Apr. 2021 21:15,43,24,19,
16. Apr. 2021 21:30,30,16,14,
16. Apr. 2021 21:45,34,17,17,
16. Apr. 2021 22:00,23,17,6,
16. Apr. 2021 22:15,26,11,15,
16. Apr. 2021 22:30,23,9,14,
16. Apr. 2021 22:45,41,20,21,
16. Apr. 2021 23:00,26,12,14,
16. Apr. 2021 23:15,19,13,6,
16. Apr. 2021 23:30,22,10,12,
16. Apr. 2021 23:45,35,18,17,
17. Apr. 2021 00:00,24,15,9,
17. Apr. 2021 00:15,26,10,16,
17. Apr. 2021 00:30,16,7,9,
17. Apr. 2021 00:45,14,4,10,
17. Apr. 2021 01:00,12,3,9,
17. Apr. 2021 01:15,17,8,9,
17. Apr. 2021 01:30,9,5,4,
17. Apr. 2021 01:45,14,5,9,
17. Apr. 2021 02:00,11,4,7,
17. Apr. 2021 02:15,4,2,2,
17. Apr. 2021 02:30,5,3,2,
17. Apr. 2021 02:45,10,4,6,
17. Apr. 2021 03:00,10,5,5,
17. Apr. 2021 03:15,3,2,1,
17. Apr. 2021 03:30,7,2,5,
17. Apr. 2021 03:45,8,3,5,
17. Apr. 2021 04:00,4,1,3,
17. Apr. 2021 04:15,5,3,2,
17. Apr. 2021 04:30,5,3,2,
17. Apr. 2021 04:45,1,1,0,
17. Apr. 2021 05:00,1,1,0,
17. Apr. 2021 05:15,4,2,2,
17. Apr. 2021 05:30,12,6,6,
17. Apr. 2021 05:45,10,5,5,
17. Apr. 2021 06:00,13,6,7,
17. Apr. 2021 06:15,12,5,7,
17. Apr. 2021 06:30,11,6,5,
17. Apr. 2021 06:45,11,5,6,
17. Apr. 2021 07:00,8,2,6,
17. Apr. 2021 07:15,14,5,9,
17. Apr. 2021 07:30,26,8,18,
17. Apr. 2021 07:45,26,18,8,
17. Apr. 2021 08:00,31,16,15,
17. Apr. 2021 08:15,34,21,13,
17. Apr. 2021 08:30,52,29,23,
17. Apr. 2021 08:45,82,38,44,
17. Apr. 2021 09:00,65,40,25,
17. Apr. 2021 09:15,68,31,37,
17. Apr. 2021 09:30,81,43,38,
17. Apr. 2021 09:45,103,60,43,
17. Apr. 2021 10:00,127,61,66,
17. Apr. 2021 10:15,149,70,79,
17. Apr. 2021 10:30,116,52,64,
17. Apr. 2021 10:45,144,84,60,
17. Apr. 2021 11:00,112,66,46,
17. Apr. 2021 11:15,176,83,93,
17. Apr. 2021 11:30,142,68,74,
17. Apr. 2021 11:45,129,70,59,
17. Apr. 2021 12:00,135,69,66,
17. Apr. 2021 12:15,181,103,78,
17. Apr. 2021 12:30,188,110,78,
17. Apr. 2021 12:45,160,85,75,
17. Apr. 2021 13:00,139,84,55,
17. Apr. 2021 13:15,139,85,54,
17. Apr. 2021 13:30,143,83,60,
17. Apr. 2021 13:45,142,73,69,
17. Apr. 2021 14:00,130,51,79,
17. Apr. 2021 14:15,131,75,56,
17. Apr. 2021 14:30,131,55,76,
17. Apr. 2021 14:45,166,95,71,
17. Apr. 2021 15:00,173,105,68,
17. Apr. 2021 15:15,132,60,72,
17. Apr. 2021 15:30,134,79,55,
17. Apr. 2021 15:45,137,57,80,
17. Apr. 2021 16:00,146,81,65,
17. Apr. 2021 16:15,135,69,66,
17. Apr. 2021 16:30,113,55,58,
17. Apr. 2021 16:45,114,59,55,
17. Apr. 2021 17:00,112,48,64,
17. Apr. 2021 17:15,127,72,55,
17. Apr. 2021 17:30,97,44,53,
17. Apr. 2021 17:45,138,80,58,
17. Apr. 2021 18:00,117,56,61,
17. Apr. 2021 18:15,106,66,40,
17. Apr. 2021 18:30,100,56,44,
17. Apr. 2021 18:45,90,40,50,
17. Apr. 2021 19:00,90,45,45,
17. Apr. 2021 19:15,80,30,50,
17. Apr. 2021 19:30,72,35,37,
17. Apr. 2021 19:45,85,38,47,
17. Apr. 2021 20:00,50,30,20,
17. Apr. 2021 20:15,74,39,35,
17. Apr. 2021 20:30,86,47,39,
17. Apr. 2021 20:45,108,51,57,
17. Apr. 2021 21:00,85,43,42,
17. Apr. 2021 21:15,20,9,11,
17. Apr. 2021 21:30,8,6,2,
17. Apr. 2021 21:45,12,2,10,
17. Apr. 2021 22:00,13,7,6,
17. Apr. 2021 22:15,16,11,5,
17. Apr. 2021 22:30,15,4,11,
17. Apr. 2021 22:45,29,8,21,
17. Apr. 2021 23:00,14,8,6,
17. Apr. 2021 23:15,3,0,3,
17. Apr. 2021 23:30,6,2,4,
17. Apr. 2021 23:45,8,2,6,
18. Apr. 2021 00:00,5,1,4,
18. Apr. 2021 00:15,7,7,0,
18. Apr. 2021 00:30,7,3,4,
18. Apr. 2021 00:45,6,3,3,
18. Apr. 2021 01:00,0,0,0,
18. Apr. 2021 01:15,4,0,4,
18. Apr. 2021 01:30,6,2,4,
18. Apr. 2021 01:45,7,6,1,
18. Apr. 2021 02:00,5,3,2,
18. Apr. 2021 02:15,1,0,1,
18. Apr. 2021 02:30,5,2,3,
18. Apr. 2021 02:45,0,0,0,
18. Apr. 2021 03:00,1,0,1,
18. Apr. 2021 03:15,1,1,0,
18. Apr. 2021 03:30,2,2,0,
18. Apr. 2021 03:45,1,1,0,
18. Apr. 2021 04:00,0,0,0,
18. Apr. 2021 04:15,0,0,0,
18. Apr. 2021 04:30,2,2,0,
18. Apr. 2021 04:45,1,0,1,
18. Apr. 2021 05:00,4,3,1,
18. Apr. 2021 05:15,2,2,0,
18. Apr. 2021 05:30,5,1,4,
18. Apr. 2021 05:45,5,5,0,
18. Apr. 2021 06:00,5,0,5,
18. Apr. 2021 06:15,10,6,4,
18. Apr. 2021 06:30,8,4,4,
18. Apr. 2021 06:45,6,2,4,
18. Apr. 2021 07:00,5,2,3,
18. Apr. 2021 07:15,8,6,2,
18. Apr. 2021 07:30,9,5,4,
18. Apr. 2021 07:45,8,3,5,
18. Apr. 2021 08:00,16,5,11,
18. Apr. 2021 08:15,13,8,5,
18. Apr. 2021 08:30,18,9,9,
18. Apr. 2021 08:45,27,8,19,
18. Apr. 2021 09:00,23,15,8,
18. Apr. 2021 09:15,39,23,16,
18. Apr. 2021 09:30,43,27,16,
18. Apr. 2021 09:45,47,16,31,
18. Apr. 2021 10:00,38,19,19,
18. Apr. 2021 10:15,57,28,29,
18. Apr. 2021 10:30,45,21,24,
18. Apr. 2021 10:45,54,24,30,
18. Apr. 2021 11:00,79,50,29,
18. Apr. 2021 11:15,49,25,24,
18. Apr. 2021 11:30,72,40,32,
18. Apr. 2021 11:45,47,30,17,
18. Apr. 2021 12:00,59,26,33,
18. Apr. 2021 12:15,66,40,26,
18. Apr. 2021 12:30,83,33,50,
18. Apr. 2021 12:45,88,38,50,
18. Apr. 2021 13:00,57,31,26,
18. Apr. 2021 13:15,88,41,47,
18. Apr. 2021 13:30,62,28,34,
18. Apr. 2021 13:45,114,69,45,
18. Apr. 2021 14:00,86,48,38,
18. Apr. 2021 14:15,111,63,48,
18. Apr. 2021 14:30,133,63,70,
18. Apr. 2021 14:45,122,72,50,
18. Apr. 2021 15:00,106,40,66,
18. Apr. 2021 15:15,97,56,41,
18. Apr. 2021 15:30,103,61,42,
18. Apr. 2021 15:45,124,74,50,
18. Apr. 2021 16:00,92,50,42,
18. Apr. 2021 16:15,129,73,56,
18. Apr. 2021 16:30,89,43,46,
18. Apr. 2021 16:45,92,42,50,
18. Apr. 2021 17:00,105,54,51,
18. Apr. 2021 17:15,118,64,54,
18. Apr. 2021 17:30,97,44,53,
18. Apr. 2021 17:45,116,73,43,
18. Apr. 2021 18:00,83,53,30,
18. Apr. 2021 18:15,74,45,29,
18. Apr. 2021 18:30,69,39,30,
18. Apr. 2021 18:45,70,30,40,
18. Apr. 2021 19:00,64,33,31,
18. Apr. 2021 19:15,67,30,37,
18. Apr. 2021 19:30,59,35,24,
18. Apr. 2021 19:45,40,17,23,
18. Apr. 2021 20:00,57,30,27,
18. Apr. 2021 20:15,30,11,19,
18. Apr. 2021 20:30,36,16,20,
18. Apr. 2021 20:45,54,27,27,
18. Apr. 2021 21:00,27,14,13,
18. Apr. 2021 21:15,18,11,7,
18. Apr. 2021 21:30,26,13,13,
18. Apr. 2021 21:45,12,4,8,
18. Apr. 2021 22:00,13,6,7,
18. Apr. 2021 22:15,6,4,2,
18. Apr. 2021 22:30,6,3,3,
18. Apr. 2021 22:45,12,7,5,
18. Apr. 2021 23:00,4,1,3,
18. Apr. 2021 23:15,1,0,1,
18. Apr. 2021 23:30,1,1,0,
18. Apr. 2021 23:45,0,0,0,
19. Apr. 2021 00:00,1,0,1,
19. Apr. 2021 00:15,0,0,0,
19. Apr. 2021 00:30,2,2,0,
19. Apr. 2021 00:45,1,1,0,
19. Apr. 2021 01:00,2,1,1,
19. Apr. 2021 01:15,0,0,0,
19. Apr. 2021 01:30,4,3,1,
19. Apr. 2021 01:45,0,0,0,
19. Apr. 2021 02:00,0,0,0,
19. Apr. 2021 02:15,2,2,0,
19. Apr. 2021 02:30,1,0,1,
19. Apr. 2021 02:45,0,0,0,
19. Apr. 2021 03:00,0,0,0,
19. Apr. 2021 03:15,0,0,0,
19. Apr. 2021 03:30,0,0,0,
19. Apr. 2021 03:45,0,0,0,
19. Apr. 2021 04:00,1,1,0,
19. Apr. 2021 04:15,0,0,0,
19. Apr. 2021 04:30,2,2,0,
19. Apr. 2021 04:45,7,7,0,
19. Apr. 2021 05:00,0,0,0,
19. Apr. 2021 05:15,4,1,3,
19. Apr. 2021 05:30,11,4,7,
19. Apr. 2021 05:45,25,12,13,
19. Apr. 2021 06:00,32,19,13,
19. Apr. 2021 06:15,29,18,11,
19. Apr. 2021 06:30,45,27,18,
19. Apr. 2021 06:45,68,37,31,
19. Apr. 2021 07:00,110,63,47,
19. Apr. 2021 07:15,221,160,61,
19. Apr. 2021 07:30,343,220,123,
19. Apr. 2021 07:45,214,109,105,
19. Apr. 2021 08:00,163,99,64,
19. Apr. 2021 08:15,172,110,62,
19. Apr. 2021 08:30,193,105,88,
19. Apr. 2021 08:45,174,104,70,
19. Apr. 2021 09:00,172,101,71,
19. Apr. 2021 09:15,176,120,56,
19. Apr. 2021 09:30,132,72,60,
19. Apr. 2021 09:45,129,77,52,
19. Apr. 2021 10:00,91,50,41,
19. Apr. 2021 10:15,98,50,48,
19. Apr. 2021 10:30,115,53,62,
19. Apr. 2021 10:45,107,47,60,
19. Apr. 2021 11:00,109,52,57,
19. Apr. 2021 11:15,134,69,65,
19. Apr. 2021 11:30,166,73,93,
19. Apr. 2021 11:45,142,69,73,
19. Apr. 2021 12:00,154,79,75,
19. Apr. 2021 12:15,179,99,80,
19. Apr. 2021 12:30,178,76,102,
19. Apr. 2021 12:45,190,91,99,
19. Apr. 2021 13:00,325,130,195,
19. Apr. 2021 13:15,201,109,92,
19. Apr. 2021 13:30,163,87,76,
19. Apr. 2021 13:45,176,89,87,
19. Apr. 2021 14:00,189,85,104,
19. Apr. 2021 14:15,167,78,89,
19. Apr. 2021 14:30,183,102,81,
19. Apr. 2021 14:45,199,106,93,
19. Apr. 2021 15:00,175,97,78,
19. Apr. 2021 15:15,207,108,99,
19. Apr. 2021 15:30,206,93,113,
19. Apr. 2021 15:45,233,130,103,
19. Apr. 2021 16:00,218,107,111,
19. Apr. 2021 16:15,220,100,120,
19. Apr. 2021 16:30,233,124,109,
19. Apr. 2021 16:45,218,103,115,
19. Apr. 2021 17:00,221,97,124,
19. Apr. 2021 17:15,255,116,139,
19. Apr. 2021 17:30,217,103,114,
19. Apr. 2021 17:45,232,115,117,
19. Apr. 2021 18:00,194,95,99,
19. Apr. 2021 18:15,161,79,82,
19. Apr. 2021 18:30,191,82,109,
19. Apr. 2021 18:45,147,60,87,
19. Apr. 2021 19:00,143,81,62,
19. Apr. 2021 19:15,119,59,60,
19. Apr. 2021 19:30,91,32,59,
19. Apr. 2021 19:45,82,44,38,
19. Apr. 2021 20:00,78,29,49,
19. Apr. 2021 20:15,81,38,43,
19. Apr. 2021 20:30,68,31,37,
19. Apr. 2021 20:45,104,45,59,
19. Apr. 2021 21:00,41,20,21,
19. Apr. 2021 21:15,25,14,11,
19. Apr. 2021 21:30,24,10,14,
19. Apr. 2021 21:45,13,8,5,
19. Apr. 2021 22:00,10,6,4,
19. Apr. 2021 22:15,16,8,8,
19. Apr. 2021 22:30,13,6,7,
19. Apr. 2021 22:45,10,6,4,
19. Apr. 2021 23:00,9,2,7,
19. Apr. 2021 23:15,4,1,3,
19. Apr. 2021 23:30,8,3,5,
19. Apr. 2021 23:45,1,0,1,
20. Apr. 2021 00:00,2,0,2,
20. Apr. 2021 00:15,4,2,2,
20. Apr. 2021 00:30,2,1,1,
20. Apr. 2021 00:45,1,1,0,
20. Apr. 2021 01:00,0,0,0,
20. Apr. 2021 01:15,1,0,1,
20. Apr. 2021 01:30,1,1,0,
20. Apr. 2021 01:45,0,0,0,
20. Apr. 2021 02:00,0,0,0,
20. Apr. 2021 02:15,1,1,0,
20. Apr. 2021 02:30,2,2,0,
20. Apr. 2021 02:45,1,0,1,
20. Apr. 2021 03:00,1,0,1,
20. Apr. 2021 03:15,0,0,0,
20. Apr. 2021 03:30,0,0,0,
20. Apr. 2021 03:45,0,0,0,
20. Apr. 2021 04:00,0,0,0,
20. Apr. 2021 04:15,2,2,0,
20. Apr. 2021 04:30,2,2,0,
20. Apr. 2021 04:45,4,4,0,
20. Apr. 2021 05:00,3,2,1,
20. Apr. 2021 05:15,5,2,3,
20. Apr. 2021 05:30,15,11,4,
20. Apr. 2021 05:45,23,14,9,
20. Apr. 2021 06:00,42,22,20,
20. Apr. 2021 06:15,40,29,11,
20. Apr. 2021 06:30,48,23,25,
20. Apr. 2021 06:45,87,53,34,
20. Apr. 2021 07:00,92,46,46,
20. Apr. 2021 07:15,214,145,69,
20. Apr. 2021 07:30,367,232,135,
20. Apr. 2021 07:45,195,93,102,
20. Apr. 2021 08:00,186,122,64,
20. Apr. 2021 08:15,219,134,85,
20. Apr. 2021 08:30,201,114,87,
20. Apr. 2021 08:45,202,102,100,
20. Apr. 2021 09:00,163,103,60,
20. Apr. 2021 09:15,187,121,66,
20. Apr. 2021 09:30,171,87,84,
20. Apr. 2021 09:45,164,93,71,
20. Apr. 2021 10:00,110,55,55,
20. Apr. 2021 10:15,150,73,77,
20. Apr. 2021 10:30,131,65,66,
20. Apr. 2021 10:45,145,82,63,
20. Apr. 2021 11:00,128,62,66,
20. Apr. 2021 11:15,150,77,73,
20. Apr. 2021 11:30,164,79,85,
20. Apr. 2021 11:45,152,74,78,
20. Apr. 2021 12:00,180,89,91,
20. Apr. 2021 12:15,214,94,120,
20. Apr. 2021 12:30,199,85,114,
20. Apr. 2021 12:45,206,106,100,
20. Apr. 2021 13:00,334,121,213,
20. Apr. 2021 13:15,228,118,110,
20. Apr. 2021 13:30,205,118,87,
20. Apr. 2021 13:45,224,100,124,
20. Apr. 2021 14:00,243,99,144,
20. Apr. 2021 14:15,198,90,108,
20. Apr. 2021 14:30,168,86,82,
20. Apr. 2021 14:45,199,101,98,
20. Apr. 2021 15:00,207,108,99,
20. Apr. 2021 15:15,205,101,104,
20. Apr. 2021 15:30,267,126,141,
20. Apr. 2021 15:45,243,113,130,
20. Apr. 2021 16:00,247,135,112,
20. Apr. 2021 16:15,228,111,117,
20. Apr. 2021 16:30,246,134,112,
20. Apr. 2021 16:45,264,124,140,
20. Apr. 2021 17:00,295,154,141,
20. Apr. 2021 17:15,291,126,165,
20. Apr. 2021 17:30,247,122,125,
20. Apr. 2021 17:45,256,130,126,
20. Apr. 2021 18:00,231,99,132,
20. Apr. 2021 18:15,220,107,113,
20. Apr. 2021 18:30,222,107,115,
20. Apr. 2021 18:45,204,104,100,
20. Apr. 2021 19:00,157,63,94,
20. Apr. 2021 19:15,148,70,78,
20. Apr. 2021 19:30,131,64,67,
20. Apr. 2021 19:45,107,61,46,
20. Apr. 2021 20:00,123,57,66,
20. Apr. 2021 20:15,103,59,44,
20. Apr. 2021 20:30,115,47,68,
20. Apr. 2021 20:45,111,51,60,
20. Apr. 2021 21:00,87,34,53,
20. Apr. 2021 21:15,47,25,22,
20. Apr. 2021 21:30,21,9,12,
20. Apr. 2021 21:45,21,8,13,
20. Apr. 2021 22:00,19,11,8,
20. Apr. 2021 22:15,17,8,9,
20. Apr. 2021 22:30,14,12,2,
20. Apr. 2021 22:45,9,5,4,
20. Apr. 2021 23:00,3,0,3,
20. Apr. 2021 23:15,7,1,6,
20. Apr. 2021 23:30,6,3,3,
20. Apr. 2021 23:45,4,2,2,
21. Apr. 2021 00:00,2,2,0,
21. Apr. 2021 00:15,2,2,0,
21. Apr. 2021 00:30,2,2,0,
21. Apr. 2021 00:45,2,2,0,
21. Apr. 2021 01:00,2,2,0,
21. Apr. 2021 01:15,1,1,0,
21. Apr. 2021 01:30,0,0,0,
21. Apr. 2021 01:45,0,0,0,
21. Apr. 2021 02:00,0,0,0,
21. Apr. 2021 02:15,1,1,0,
21. Apr. 2021 02:30,1,0,1,
21. Apr. 2021 02:45,0,0,0,
21. Apr. 2021 03:00,1,0,1,
21. Apr. 2021 03:15,3,2,1,
21. Apr. 2021 03:30,0,0,0,
21. Apr. 2021 03:45,1,0,1,
21. Apr. 2021 04:00,3,2,1,
21. Apr. 2021 04:15,0,0,0,
21. Apr. 2021 04:30,2,2,0,
21. Apr. 2021 04:45,3,2,1,
21. Apr. 2021 05:00,3,3,0,
21. Apr. 2021 05:15,6,5,1,
21. Apr. 2021 05:30,15,8,7,
21. Apr. 2021 05:45,22,13,9,
21. Apr. 2021 06:00,22,13,9,
21. Apr. 2021 06:15,50,32,18,
21. Apr. 2021 06:30,46,18,28,
21. Apr. 2021 06:45,87,50,37,
21. Apr. 2021 07:00,112,66,46,
21. Apr. 2021 07:15,203,128,75,
21. Apr. 2021 07:30,383,258,125,
21. Apr. 2021 07:45,227,136,91,
21. Apr. 2021 08:00,182,108,74,
21. Apr. 2021 08:15,212,117,95,
21. Apr. 2021 08:30,207,120,87,
21. Apr. 2021 08:45,200,116,84,
21. Apr. 2021 09:00,170,98,72,
21. Apr. 2021 09:15,163,86,77,
21. Apr. 2021 09:30,168,86,82,
21. Apr. 2021 09:45,162,100,62,
21. Apr. 2021 10:00,124,69,55,
21. Apr. 2021 10:15,150,88,62,
21. Apr. 2021 10:30,127,57,70,
21. Apr. 2021 10:45,145,75,70,
21. Apr. 2021 11:00,169,94,75,
21. Apr. 2021 11:15,168,81,87,
21. Apr. 2021 11:30,136,64,72,
21. Apr. 2021 11:45,164,90,74,
21. Apr. 2021 12:00,175,71,104,
21. Apr. 2021 12:15,189,83,106,
21. Apr. 2021 12:30,221,98,123,
21. Apr. 2021 12:45,231,116,115,
21. Apr. 2021 13:00,412,146,266,
21. Apr. 2021 13:15,173,93,80,
21. Apr. 2021 13:30,162,85,77,
21. Apr. 2021 13:45,184,109,75,
21. Apr. 2021 14:00,214,97,117,
21. Apr. 2021 14:15,213,109,104,
21. Apr. 2021 14:30,209,96,113,
21. Apr. 2021 14:45,244,134,110,
21. Apr. 2021 15:00,195,93,102,
21. Apr. 2021 15:15,255,151,104,
21. Apr. 2021 15:30,232,112,120,
21. Apr. 2021 15:45,275,137,138,
21. Apr. 2021 16:00,242,126,116,
21. Apr. 2021 16:15,243,113,130,
21. Apr. 2021 16:30,268,136,132,
21. Apr. 2021 16:45,241,126,115,
21. Apr. 2021 17:00,287,132,155,
21. Apr. 2021 17:15,273,120,153,
21. Apr. 2021 17:30,274,124,150,
21. Apr. 2021 17:45,261,107,154,
21. Apr. 2021 18:00,252,125,127,
21. Apr. 2021 18:15,202,99,103,
21. Apr. 2021 18:30,235,105,130,
21. Apr. 2021 18:45,203,97,106,
21. Apr. 2021 19:00,154,79,75,
21. Apr. 2021 19:15,144,70,74,
21. Apr. 2021 19:30,144,71,73,
21. Apr. 2021 19:45,154,75,79,
21. Apr. 2021 20:00,115,56,59,
21. Apr. 2021 20:15,109,49,60,
21. Apr. 2021 20:30,95,34,61,
21. Apr. 2021 20:45,119,65,54,
21. Apr. 2021 21:00,85,39,46,
21. Apr. 2021 21:15,38,17,21,
21. Apr. 2021 21:30,29,21,8,
21. Apr. 2021 21:45,10,4,6,
21. Apr. 2021 22:00,23,12,11,
21. Apr. 2021 22:15,18,10,8,
21. Apr. 2021 22:30,9,6,3,
21. Apr. 2021 22:45,10,5,5,
21. Apr. 2021 23:00,8,3,5,
21. Apr. 2021 23:15,1,0,1,
21. Apr. 2021 23:30,9,3,6,
21. Apr. 2021 23:45,5,2,3,
22. Apr. 2021 00:00,0,0,0,
22. Apr. 2021 00:15,3,3,0,
22. Apr. 2021 00:30,0,0,0,
22. Apr. 2021 00:45,2,0,2,
22. Apr. 2021 01:00,5,4,1,
22. Apr. 2021 01:15,1,1,0,
22. Apr. 2021 01:30,2,1,1,
22. Apr. 2021 01:45,1,1,0,
22. Apr. 2021 02:00,0,0,0,
22. Apr. 2021 02:15,2,2,0,
22. Apr. 2021 02:30,0,0,0,
22. Apr. 2021 02:45,3,2,1,
22. Apr. 2021 03:00,3,3,0,
22. Apr. 2021 03:15,0,0,0,
22. Apr. 2021 03:30,1,1,0,
22. Apr. 2021 03:45,0,0,0,
22. Apr. 2021 04:00,1,1,0,
22. Apr. 2021 04:15,1,1,0,
22. Apr. 2021 04:30,0,0,0,
22. Apr. 2021 04:45,3,1,2,
22. Apr. 2021 05:00,4,2,2,
22. Apr. 2021 05:15,5,2,3,
22. Apr. 2021 05:30,11,6,5,
22. Apr. 2021 05:45,27,15,12,
22. Apr. 2021 06:00,31,15,16,
22. Apr. 2021 06:15,40,31,9,
22. Apr. 2021 06:30,48,24,24,
22. Apr. 2021 06:45,56,31,25,
22. Apr. 2021 07:00,93,45,48,
22. Apr. 2021 07:15,235,149,86,
22. Apr. 2021 07:30,414,295,119,
22. Apr. 2021 07:45,233,132,101,
22. Apr. 2021 08:00,200,112,88,
22. Apr. 2021 08:15,201,116,85,
22. Apr. 2021 08:30,217,138,79,
22. Apr. 2021 08:45,206,116,90,
22. Apr. 2021 09:00,170,96,74,
22. Apr. 2021 09:15,179,92,87,
22. Apr. 2021 09:30,136,51,85,
22. Apr. 2021 09:45,137,75,62,
22. Apr. 2021 10:00,108,65,43,
22. Apr. 2021 10:15,113,59,54,
22. Apr. 2021 10:30,121,63,58,
22. Apr. 2021 10:45,143,70,73,
22. Apr. 2021 11:00,134,76,58,
22. Apr. 2021 11:15,160,88,72,
22. Apr. 2021 11:30,133,66,67,
22. Apr. 2021 11:45,163,93,70,
22. Apr. 2021 12:00,187,102,85,
22. Apr. 2021 12:15,191,92,99,
22. Apr. 2021 12:30,178,81,97,
22. Apr. 2021 12:45,231,112,119,
22. Apr. 2021 13:00,315,126,189,
22. Apr. 2021 13:15,195,91,104,
22. Apr. 2021 13:30,186,97,89,
22. Apr. 2021 13:45,222,110,112,
22. Apr. 2021 14:00,204,68,136,
22. Apr. 2021 14:15,199,97,102,
22. Apr. 2021 14:30,204,108,96,
22. Apr. 2021 14:45,215,106,109,
22. Apr. 2021 15:00,186,94,92,
22. Apr. 2021 15:15,211,113,98,
22. Apr. 2021 15:30,243,107,136,
22. Apr. 2021 15:45,230,108,122,
22. Apr. 2021 16:00,226,103,123,
22. Apr. 2021 16:15,237,144,93,
22. Apr. 2021 16:30,240,116,124,
22. Apr. 2021 16:45,272,131,141,
22. Apr. 2021 17:00,246,113,133,
22. Apr. 2021 17:15,269,122,147,
22. Apr. 2021 17:30,201,98,103,
22. Apr. 2021 17:45,221,109,112,
22. Apr. 2021 18:00,209,98,111,
22. Apr. 2021 18:15,198,89,109,
22. Apr. 2021 18:30,204,82,122,
22. Apr. 2021 18:45,176,76,100,
22. Apr. 2021 19:00,168,69,99,
22. Apr. 2021 19:15,113,65,48,
22. Apr. 2021 19:30,100,60,40,
22. Apr. 2021 19:45,79,39,40,
22. Apr. 2021 20:00,84,33,51,
22. Apr. 2021 20:15,91,35,56,
22. Apr. 2021 20:30,62,33,29,
22. Apr. 2021 20:45,105,44,61,
22. Apr. 2021 21:00,70,34,36,
22. Apr. 2021 21:15,42,23,19,
22. Apr. 2021 21:30,22,10,12,
22. Apr. 2021 21:45,29,9,20,
22. Apr. 2021 22:00,11,6,5,
22. Apr. 2021 22:15,14,11,3,
22. Apr. 2021 22:30,8,4,4,
22. Apr. 2021 22:45,9,6,3,
22. Apr. 2021 23:00,7,4,3,
22. Apr. 2021 23:15,7,2,5,
22. Apr. 2021 23:30,1,0,1,
22. Apr. 2021 23:45,4,2,2,
23. Apr. 2021 00:00,3,1,2,
23. Apr. 2021 00:15,3,0,3,
23. Apr. 2021 00:30,2,2,0,
23. Apr. 2021 00:45,2,2,0,
23. Apr. 2021 01:00,0,0,0,
23. Apr. 2021 01:15,0,0,0,
23. Apr. 2021 01:30,2,2,0,
23. Apr. 2021 01:45,0,0,0,
23. Apr. 2021 02:00,4,3,1,
23. Apr. 2021 02:15,1,0,1,
23. Apr. 2021 02:30,2,1,1,
23. Apr. 2021 02:45,0,0,0,
23. Apr. 2021 03:00,0,0,0,
23. Apr. 2021 03:15,0,0,0,
23. Apr. 2021 03:30,2,2,0,
23. Apr. 2021 03:45,0,0,0,
23. Apr. 2021 04:00,0,0,0,
23. Apr. 2021 04:15,1,1,0,
23. Apr. 2021 04:30,2,1,1,
23. Apr. 2021 04:45,1,1,0,
23. Apr. 2021 05:00,2,2,0,
23. Apr. 2021 05:15,4,2,2,
23. Apr. 2021 05:30,15,7,8,
23. Apr. 2021 05:45,13,8,5,
23. Apr. 2021 06:00,26,14,12,
23. Apr. 2021 06:15,39,25,14,
23. Apr. 2021 06:30,47,28,19,
23. Apr. 2021 06:45,77,45,32,
23. Apr. 2021 07:00,93,47,46,
23. Apr. 2021 07:15,206,144,62,
23. Apr. 2021 07:30,384,265,119,
23. Apr. 2021 07:45,192,102,90,
23. Apr. 2021 08:00,182,105,77,
23. Apr. 2021 08:15,190,125,65,
23. Apr. 2021 08:30,217,131,86,
23. Apr. 2021 08:45,223,134,89,
23. Apr. 2021 09:00,184,105,79,
23. Apr. 2021 09:15,193,126,67,
23. Apr. 2021 09:30,170,96,74,
23. Apr. 2021 09:45,198,116,82,
23. Apr. 2021 10:00,160,90,70,
23. Apr. 2021 10:15,143,74,69,
23. Apr. 2021 10:30,159,78,81,
23. Apr. 2021 10:45,175,97,78,
23. Apr. 2021 11:00,184,91,93,
23. Apr. 2021 11:15,181,89,92,
23. Apr. 2021 11:30,181,90,91,
23. Apr. 2021 11:45,212,102,110,
23. Apr. 2021 12:00,202,92,110,
23. Apr. 2021 12:15,261,116,145,
23. Apr. 2021 12:30,235,114,121,
23. Apr. 2021 12:45,226,107,119,
23. Apr. 2021 13:00,406,137,269,
23. Apr. 2021 13:15,219,78,141,
23. Apr. 2021 13:30,246,122,124,
23. Apr. 2021 13:45,235,104,131,
23. Apr. 2021 14:00,266,126,140,
23. Apr. 2021 14:15,250,132,118,
23. Apr. 2021 14:30,252,121,131,
23. Apr. 2021 14:45,272,126,146,
23. Apr. 2021 15:00,298,155,143,
23. Apr. 2021 15:15,276,138,138,
23. Apr. 2021 15:30,223,110,113,
23. Apr. 2021 15:45,212,107,105,
23. Apr. 2021 16:00,233,122,111,
23. Apr. 2021 16:15,263,144,119,
23. Apr. 2021 16:30,220,116,104,
23. Apr. 2021 16:45,257,140,117,
23. Apr. 2021 17:00,251,112,139,
23. Apr. 2021 17:15,264,131,133,
23. Apr. 2021 17:30,278,161,117,
23. Apr. 2021 17:45,253,116,137,
23. Apr. 2021 18:00,237,110,127,
23. Apr. 2021 18:15,253,120,133,
23. Apr. 2021 18:30,208,114,94,
23. Apr. 2021 18:45,177,95,82,
23. Apr. 2021 19:00,170,78,92,
23. Apr. 2021 19:15,172,91,81,
23. Apr. 2021 19:30,178,94,84,
23. Apr. 2021 19:45,136,73,63,
23. Apr. 2021 20:00,123,60,63,
23. Apr. 2021 20:15,126,62,64,
23. Apr. 2021 20:30,127,59,68,
23. Apr. 2021 20:45,136,64,72,
23. Apr. 2021 21:00,103,52,51,
23. Apr. 2021 21:15,48,19,29,
23. Apr. 2021 21:30,33,12,21,
23. Apr. 2021 21:45,34,12,22,
23. Apr. 2021 22:00,37,9,28,
23. Apr. 2021 22:15,23,10,13,
23. Apr. 2021 22:30,17,5,12,
23. Apr. 2021 22:45,12,5,7,
23. Apr. 2021 23:00,13,6,7,
23. Apr. 2021 23:15,5,3,2,
23. Apr. 2021 23:30,7,4,3,
23. Apr. 2021 23:45,12,3,9,
24. Apr. 2021 00:00,4,3,1,
24. Apr. 2021 00:15,8,3,5,
24. Apr. 2021 00:30,4,0,4,
24. Apr. 2021 00:45,6,4,2,
24. Apr. 2021 01:00,3,1,2,
24. Apr. 2021 01:15,14,12,2,
24. Apr. 2021 01:30,4,0,4,
24. Apr. 2021 01:45,2,2,0,
24. Apr. 2021 02:00,0,0,0,
24. Apr. 2021 02:15,2,1,1,
24. Apr. 2021 02:30,3,0,3,
24. Apr. 2021 02:45,2,0,2,
24. Apr. 2021 03:00,0,0,0,
24. Apr. 2021 03:15,1,0,1,
24. Apr. 2021 03:30,0,0,0,
24. Apr. 2021 03:45,0,0,0,
24. Apr. 2021 04:00,1,0,1,
24. Apr. 2021 04:15,0,0,0,
24. Apr. 2021 04:30,2,0,2,
24. Apr. 2021 04:45,3,2,1,
24. Apr. 2021 05:00,6,4,2,
24. Apr. 2021 05:15,6,1,5,
24. Apr. 2021 05:30,6,3,3,
24. Apr. 2021 05:45,13,3,10,
24. Apr. 2021 06:00,15,11,4,
24. Apr. 2021 06:15,9,8,1,
24. Apr. 2021 06:30,21,13,8,
24. Apr. 2021 06:45,20,6,14,
24. Apr. 2021 07:00,15,11,4,
24. Apr. 2021 07:15,23,14,9,
24. Apr. 2021 07:30,24,13,11,
24. Apr. 2021 07:45,45,22,23,
24. Apr. 2021 08:00,41,20,21,
24. Apr. 2021 08:15,66,42,24,
24. Apr. 2021 08:30,66,32,34,
24. Apr. 2021 08:45,106,61,45,
24. Apr. 2021 09:00,92,49,43,
24. Apr. 2021 09:15,101,53,48,
24. Apr. 2021 09:30,122,64,58,
24. Apr. 2021 09:45,152,87,65,
24. Apr. 2021 10:00,152,73,79,
24. Apr. 2021 10:15,199,81,118,
24. Apr. 2021 10:30,187,107,80,
24. Apr. 2021 10:45,205,120,85,
24. Apr. 2021 11:00,180,89,91,
24. Apr. 2021 11:15,198,92,106,
24. Apr. 2021 11:30,206,120,86,
24. Apr. 2021 11:45,185,94,91,
24. Apr. 2021 12:00,214,106,108,
24. Apr. 2021 12:15,210,128,82,
24. Apr. 2021 12:30,256,146,110,
24. Apr. 2021 12:45,216,115,101,
24. Apr. 2021 13:00,255,132,123,
24. Apr. 2021 13:15,243,114,129,
24. Apr. 2021 13:30,214,120,94,
24. Apr. 2021 13:45,246,145,101,
24. Apr. 2021 14:00,237,140,97,
24. Apr. 2021 14:15,237,103,134,
24. Apr. 2021 14:30,271,135,136,
24. Apr. 2021 14:45,279,133,146,
24. Apr. 2021 15:00,233,127,106,
24. Apr. 2021 15:15,275,135,140,
24. Apr. 2021 15:30,253,125,128,
24. Apr. 2021 15:45,233,116,117,
24. Apr. 2021 16:00,249,107,142,
24. Apr. 2021 16:15,228,120,108,
24. Apr. 2021 16:30,223,129,94,
24. Apr. 2021 16:45,227,136,91,
24. Apr. 2021 17:00,231,115,116,
24. Apr. 2021 17:15,233,122,111,
24. Apr. 2021 17:30,202,103,99,
24. Apr. 2021 17:45,229,110,119,
24. Apr. 2021 18:00,243,124,119,
24. Apr. 2021 18:15,244,127,117,
24. Apr. 2021 18:30,236,142,94,
24. Apr. 2021 18:45,194,104,90,
24. Apr. 2021 19:00,178,98,80,
24. Apr. 2021 19:15,174,99,75,
24. Apr. 2021 19:30,123,67,56,
24. Apr. 2021 19:45,96,47,49,
24. Apr. 2021 20:00,100,52,48,
24. Apr. 2021 20:15,98,31,67,
24. Apr. 2021 20:30,94,50,44,
24. Apr. 2021 20:45,102,53,49,
24. Apr. 2021 21:00,95,42,53,
24. Apr. 2021 21:15,57,20,37,
24. Apr. 2021 21:30,59,23,36,
24. Apr. 2021 21:45,69,25,44,
24. Apr. 2021 22:00,68,30,38,
24. Apr. 2021 22:15,26,17,9,
24. Apr. 2021 22:30,15,7,8,
24. Apr. 2021 22:45,19,9,10,
24. Apr. 2021 23:00,11,7,4,
24. Apr. 2021 23:15,7,1,6,
24. Apr. 2021 23:30,11,5,6,
24. Apr. 2021 23:45,17,11,6,
25. Apr. 2021 00:00,6,4,2,
25. Apr. 2021 00:15,9,3,6,
25. Apr. 2021 00:30,8,6,2,
25. Apr. 2021 00:45,6,1,5,
25. Apr. 2021 01:00,4,2,2,
25. Apr. 2021 01:15,2,1,1,
25. Apr. 2021 01:30,1,1,0,
25. Apr. 2021 01:45,3,2,1,
25. Apr. 2021 02:00,0,0,0,
25. Apr. 2021 02:15,2,1,1,
25. Apr. 2021 02:30,2,2,0,
25. Apr. 2021 02:45,0,0,0,
25. Apr. 2021 03:00,0,0,0,
25. Apr. 2021 03:15,0,0,0,
25. Apr. 2021 03:30,0,0,0,
25. Apr. 2021 03:45,0,0,0,
25. Apr. 2021 04:00,1,1,0,
25. Apr. 2021 04:15,0,0,0,
25. Apr. 2021 04:30,0,0,0,
25. Apr. 2021 04:45,2,2,0,
25. Apr. 2021 05:00,3,1,2,
25. Apr. 2021 05:15,0,0,0,
25. Apr. 2021 05:30,5,1,4,
25. Apr. 2021 05:45,8,4,4,
25. Apr. 2021 06:00,14,8,6,
25. Apr. 2021 06:15,12,8,4,
25. Apr. 2021 06:30,7,5,2,
25. Apr. 2021 06:45,13,4,9,
25. Apr. 2021 07:00,7,4,3,
25. Apr. 2021 07:15,17,5,12,
25. Apr. 2021 07:30,16,7,9,
25. Apr. 2021 07:45,25,10,15,
25. Apr. 2021 08:00,28,7,21,
25. Apr. 2021 08:15,19,11,8,
25. Apr. 2021 08:30,29,12,17,
25. Apr. 2021 08:45,50,18,32,
25. Apr. 2021 09:00,53,33,20,
25. Apr. 2021 09:15,53,26,27,
25. Apr. 2021 09:30,61,27,34,
25. Apr. 2021 09:45,89,49,40,
25. Apr. 2021 10:00,101,38,63,
25. Apr. 2021 10:15,104,52,52,
25. Apr. 2021 10:30,138,62,76,
25. Apr. 2021 10:45,129,77,52,
25. Apr. 2021 11:00,151,103,48,
25. Apr. 2021 11:15,129,57,72,
25. Apr. 2021 11:30,153,75,78,
25. Apr. 2021 11:45,172,94,78,
25. Apr. 2021 12:00,222,123,99,
25. Apr. 2021 12:15,181,87,94,
25. Apr. 2021 12:30,188,95,93,
25. Apr. 2021 12:45,220,106,114,
25. Apr. 2021 13:00,214,95,119,
25. Apr. 2021 13:15,216,99,117,
25. Apr. 2021 13:30,224,115,109,
25. Apr. 2021 13:45,213,123,90,
25. Apr. 2021 14:00,220,125,95,
25. Apr. 2021 14:15,214,118,96,
25. Apr. 2021 14:30,232,121,111,
25. Apr. 2021 14:45,308,160,148,
25. Apr. 2021 15:00,258,114,144,
25. Apr. 2021 15:15,243,128,115,
25. Apr. 2021 15:30,164,110,54,
25. Apr. 2021 15:45,227,120,107,
25. Apr. 2021 16:00,256,118,138,
25. Apr. 2021 16:15,218,126,92,
25. Apr. 2021 16:30,207,107,100,
25. Apr. 2021 16:45,231,122,109,
25. Apr. 2021 17:00,167,85,82,
25. Apr. 2021 17:15,184,87,97,
25. Apr. 2021 17:30,202,91,111,
25. Apr. 2021 17:45,227,132,95,
25. Apr. 2021 18:00,244,130,114,
25. Apr. 2021 18:15,227,145,82,
25. Apr. 2021 18:30,203,89,114,
25. Apr. 2021 18:45,189,116,73,
25. Apr. 2021 19:00,152,84,68,
25. Apr. 2021 19:15,145,82,63,
25. Apr. 2021 19:30,114,61,53,
25. Apr. 2021 19:45,120,57,63,
25. Apr. 2021 20:00,109,71,38,
25. Apr. 2021 20:15,91,42,49,
25. Apr. 2021 20:30,92,38,54,
25. Apr. 2021 20:45,55,31,24,
25. Apr. 2021 21:00,52,17,35,
25. Apr. 2021 21:15,55,25,30,
25. Apr. 2021 21:30,39,22,17,
25. Apr. 2021 21:45,48,23,25,
25. Apr. 2021 22:00,22,7,15,
25. Apr. 2021 22:15,14,7,7,
25. Apr. 2021 22:30,9,3,6,
25. Apr. 2021 22:45,8,6,2,
25. Apr. 2021 23:00,5,5,0,
25. Apr. 2021 23:15,4,4,0,
25. Apr. 2021 23:30,3,1,2,
25. Apr. 2021 23:45,3,0,3,
26. Apr. 2021 00:00,0,0,0,
26. Apr. 2021 00:15,2,2,0,
26. Apr. 2021 00:30,2,1,1,
26. Apr. 2021 00:45,2,0,2,
26. Apr. 2021 01:00,4,3,1,
26. Apr. 2021 01:15,1,1,0,
26. Apr. 2021 01:30,2,2,0,
26. Apr. 2021 01:45,0,0,0,
26. Apr. 2021 02:00,2,2,0,
26. Apr. 2021 02:15,0,0,0,
26. Apr. 2021 02:30,1,0,1,
26. Apr. 2021 02:45,0,0,0,
26. Apr. 2021 03:00,0,0,0,
26. Apr. 2021 03:15,0,0,0,
26. Apr. 2021 03:30,2,2,0,
26. Apr. 2021 03:45,0,0,0,
26. Apr. 2021 04:00,1,1,0,
26. Apr. 2021 04:15,0,0,0,
26. Apr. 2021 04:30,4,4,0,
26. Apr. 2021 04:45,3,1,2,
26. Apr. 2021 05:00,3,2,1,
26. Apr. 2021 05:15,3,1,2,
26. Apr. 2021 05:30,18,8,10,
26. Apr. 2021 05:45,22,9,13,
26. Apr. 2021 06:00,35,20,15,
26. Apr. 2021 06:15,35,20,15,
26. Apr. 2021 06:30,59,39,20,
26. Apr. 2021 06:45,85,47,38,
26. Apr. 2021 07:00,106,55,51,
26. Apr. 2021 07:15,259,190,69,
26. Apr. 2021 07:30,350,240,110,
26. Apr. 2021 07:45,219,123,96,
26. Apr. 2021 08:00,183,102,81,
26. Apr. 2021 08:15,236,133,103,
26. Apr. 2021 08:30,206,129,77,
26. Apr. 2021 08:45,201,110,91,
26. Apr. 2021 09:00,171,94,77,
26. Apr. 2021 09:15,191,117,74,
26. Apr. 2021 09:30,143,65,78,
26. Apr. 2021 09:45,145,80,65,
26. Apr. 2021 10:00,109,60,49,
26. Apr. 2021 10:15,120,68,52,
26. Apr. 2021 10:30,108,56,52,
26. Apr. 2021 10:45,120,57,63,
26. Apr. 2021 11:00,155,88,67,
26. Apr. 2021 11:15,131,75,56,
26. Apr. 2021 11:30,142,81,61,
26. Apr. 2021 11:45,120,72,48,
26. Apr. 2021 12:00,186,89,97,
26. Apr. 2021 12:15,218,102,116,
26. Apr. 2021 12:30,191,83,108,
26. Apr. 2021 12:45,225,119,106,
26. Apr. 2021 13:00,353,121,232,
26. Apr. 2021 13:15,210,99,111,
26. Apr. 2021 13:30,194,90,104,
26. Apr. 2021 13:45,189,92,97,
26. Apr. 2021 14:00,172,59,113,
26. Apr. 2021 14:15,164,89,75,
26. Apr. 2021 14:30,174,96,78,
26. Apr. 2021 14:45,208,100,108,
26. Apr. 2021 15:00,205,110,95,
26. Apr. 2021 15:15,213,118,95,
26. Apr. 2021 15:30,255,124,131,
26. Apr. 2021 15:45,246,117,129,
26. Apr. 2021 16:00,261,146,115,
26. Apr. 2021 16:15,225,118,107,
26. Apr. 2021 16:30,247,130,117,
26. Apr. 2021 16:45,259,123,136,
26. Apr. 2021 17:00,247,108,139,
26. Apr. 2021 17:15,266,129,137,
26. Apr. 2021 17:30,275,116,159,
26. Apr. 2021 17:45,267,119,148,
26. Apr. 2021 18:00,231,100,131,
26. Apr. 2021 18:15,246,119,127,
26. Apr. 2021 18:30,202,95,107,
26. Apr. 2021 18:45,204,108,96,
26. Apr. 2021 19:00,164,76,88,
26. Apr. 2021 19:15,153,63,90,
26. Apr. 2021 19:30,136,66,70,
26. Apr. 2021 19:45,121,67,54,
26. Apr. 2021 20:00,135,62,73,
26. Apr. 2021 20:15,99,49,50,
26. Apr. 2021 20:30,93,34,59,
26. Apr. 2021 20:45,65,33,32,
26. Apr. 2021 21:00,78,31,47,
26. Apr. 2021 21:15,42,13,29,
26. Apr. 2021 21:30,42,16,26,
26. Apr. 2021 21:45,59,23,36,
26. Apr. 2021 22:00,33,24,9,
26. Apr. 2021 22:15,16,14,2,
26. Apr. 2021 22:30,17,6,11,
26. Apr. 2021 22:45,8,3,5,
26. Apr. 2021 23:00,8,7,1,
26. Apr. 2021 23:15,3,2,1,
26. Apr. 2021 23:30,2,1,1,
26. Apr. 2021 23:45,5,0,5,
27. Apr. 2021 00:00,2,1,1,
27. Apr. 2021 00:15,5,2,3,
27. Apr. 2021 00:30,1,0,1,
27. Apr. 2021 00:45,1,0,1,
27. Apr. 2021 01:00,0,0,0,
27. Apr. 2021 01:15,3,3,0,
27. Apr. 2021 01:30,0,0,0,
27. Apr. 2021 01:45,0,0,0,
27. Apr. 2021 02:00,1,1,0,
27. Apr. 2021 02:15,0,0,0,
27. Apr. 2021 02:30,0,0,0,
27. Apr. 2021 02:45,4,0,4,
27. Apr. 2021 03:00,0,0,0,
27. Apr. 2021 03:15,0,0,0,
27. Apr. 2021 03:30,3,3,0,
27. Apr. 2021 03:45,0,0,0,
27. Apr. 2021 04:00,2,1,1,
27. Apr. 2021 04:15,0,0,0,
27. Apr. 2021 04:30,4,3,1,
27. Apr. 2021 04:45,3,2,1,
27. Apr. 2021 05:00,7,3,4,
27. Apr. 2021 05:15,5,3,2,
27. Apr. 2021 05:30,19,7,12,
27. Apr. 2021 05:45,32,18,14,
27. Apr. 2021 06:00,27,13,14,
27. Apr. 2021 06:15,33,22,11,
27. Apr. 2021 06:30,66,33,33,
27. Apr. 2021 06:45,82,41,41,
27. Apr. 2021 07:00,113,68,45,
27. Apr. 2021 07:15,241,173,68,
27. Apr. 2021 07:30,378,246,132,
27. Apr. 2021 07:45,236,137,99,
27. Apr. 2021 08:00,227,126,101,
27. Apr. 2021 08:15,205,124,81,
27. Apr. 2021 08:30,225,135,90,
27. Apr. 2021 08:45,222,131,91,
27. Apr. 2021 09:00,195,106,89,
27. Apr. 2021 09:15,195,125,70,
27. Apr. 2021 09:30,180,99,81,
27. Apr. 2021 09:45,166,88,78,
27. Apr. 2021 10:00,149,84,65,
27. Apr. 2021 10:15,152,78,74,
27. Apr. 2021 10:30,143,80,63,
27. Apr. 2021 10:45,143,67,76,
27. Apr. 2021 11:00,152,68,84,
27. Apr. 2021 11:15,212,114,98,
27. Apr. 2021 11:30,161,101,60,
27. Apr. 2021 11:45,177,98,79,
27. Apr. 2021 12:00,160,64,96,
27. Apr. 2021 12:15,225,98,127,
27. Apr. 2021 12:30,196,81,115,
27. Apr. 2021 12:45,220,79,141,
27. Apr. 2021 13:00,389,115,274,
27. Apr. 2021 13:15,219,108,111,
27. Apr. 2021 13:30,202,108,94,
27. Apr. 2021 13:45,246,128,118,
27. Apr. 2021 14:00,243,105,138,
27. Apr. 2021 14:15,206,107,99,
27. Apr. 2021 14:30,205,104,101,
27. Apr. 2021 14:45,226,116,110,
27. Apr. 2021 15:00,221,101,120,
27. Apr. 2021 15:15,255,147,108,
27. Apr. 2021 15:30,300,154,146,
27. Apr. 2021 15:45,242,130,112,
27. Apr. 2021 16:00,243,110,133,
27. Apr. 2021 16:15,292,159,133,
27. Apr. 2021 16:30,280,146,134,
27. Apr. 2021 16:45,258,130,128,
27. Apr. 2021 17:00,284,139,145,
27. Apr. 2021 17:15,327,172,155,
27. Apr. 2021 17:30,292,160,132,
27. Apr. 2021 17:45,269,123,146,
27. Apr. 2021 18:00,294,157,137,
27. Apr. 2021 18:15,261,128,133,
27. Apr. 2021 18:30,210,92,118,
27. Apr. 2021 18:45,211,78,133,
27. Apr. 2021 19:00,188,67,121,
27. Apr. 2021 19:15,194,104,90,
27. Apr. 2021 19:30,162,80,82,
27. Apr. 2021 19:45,147,70,77,
27. Apr. 2021 20:00,138,68,70,
27. Apr. 2021 20:15,131,62,69,
27. Apr. 2021 20:30,106,36,70,
27. Apr. 2021 20:45,100,49,51,
27. Apr. 2021 21:00,84,45,39,
27. Apr. 2021 21:15,65,20,45,
27. Apr. 2021 21:30,63,25,38,
27. Apr. 2021 21:45,72,31,41,
27. Apr. 2021 22:00,39,22,17,
27. Apr. 2021 22:15,29,11,18,
27. Apr. 2021 22:30,11,6,5,
27. Apr. 2021 22:45,12,7,5,
27. Apr. 2021 23:00,10,5,5,
27. Apr. 2021 23:15,13,7,6,
27. Apr. 2021 23:30,8,5,3,
27. Apr. 2021 23:45,13,5,8,
28. Apr. 2021 00:00,8,2,6,
28. Apr. 2021 00:15,5,1,4,
28. Apr. 2021 00:30,6,4,2,
28. Apr. 2021 00:45,2,0,2,
28. Apr. 2021 01:00,1,1,0,
28. Apr. 2021 01:15,2,1,1,
28. Apr. 2021 01:30,0,0,0,
28. Apr. 2021 01:45,0,0,0,
28. Apr. 2021 02:00,1,0,1,
28. Apr. 2021 02:15,0,0,0,
28. Apr. 2021 02:30,0,0,0,
28. Apr. 2021 02:45,2,0,2,
28. Apr. 2021 03:00,0,0,0,
28. Apr. 2021 03:15,2,1,1,
28. Apr. 2021 03:30,1,1,0,
28. Apr. 2021 03:45,3,2,1,
28. Apr. 2021 04:00,1,0,1,
28. Apr. 2021 04:15,0,0,0,
28. Apr. 2021 04:30,3,3,0,
28. Apr. 2021 04:45,1,1,0,
28. Apr. 2021 05:00,4,4,0,
28. Apr. 2021 05:15,7,4,3,
28. Apr. 2021 05:30,15,5,10,
28. Apr. 2021 05:45,21,14,7,
28. Apr. 2021 06:00,29,13,16,
28. Apr. 2021 06:15,31,20,11,
28. Apr. 2021 06:30,64,31,33,
28. Apr. 2021 06:45,78,38,40,
28. Apr. 2021 07:00,92,49,43,
28. Apr. 2021 07:15,173,126,47,
28. Apr. 2021 07:30,368,240,128,
28. Apr. 2021 07:45,231,124,107,
28. Apr. 2021 08:00,176,115,61,
28. Apr. 2021 08:15,217,129,88,
28. Apr. 2021 08:30,223,111,112,
28. Apr. 2021 08:45,200,108,92,
28. Apr. 2021 09:00,142,68,74,
28. Apr. 2021 09:15,172,102,70,
28. Apr. 2021 09:30,173,97,76,
28. Apr. 2021 09:45,172,93,79,
28. Apr. 2021 10:00,140,75,65,
28. Apr. 2021 10:15,110,63,47,
28. Apr. 2021 10:30,102,38,64,
28. Apr. 2021 10:45,127,77,50,
28. Apr. 2021 11:00,106,54,52,
28. Apr. 2021 11:15,145,82,63,
28. Apr. 2021 11:30,96,51,45,
28. Apr. 2021 11:45,120,60,60,
28. Apr. 2021 12:00,147,80,67,
28. Apr. 2021 12:15,151,79,72,
28. Apr. 2021 12:30,175,67,108,
28. Apr. 2021 12:45,180,96,84,
28. Apr. 2021 13:00,356,128,228,
28. Apr. 2021 13:15,204,95,109,
28. Apr. 2021 13:30,163,88,75,
28. Apr. 2021 13:45,177,112,65,
28. Apr. 2021 14:00,158,62,96,
28. Apr. 2021 14:15,184,89,95,
28. Apr. 2021 14:30,164,80,84,
28. Apr. 2021 14:45,200,121,79,
28. Apr. 2021 15:00,198,88,110,
28. Apr. 2021 15:15,228,113,115,
28. Apr. 2021 15:30,220,98,122,
28. Apr. 2021 15:45,202,112,90,
28. Apr. 2021 16:00,208,106,102,
28. Apr. 2021 16:15,269,159,110,
28. Apr. 2021 16:30,220,124,96,
28. Apr. 2021 16:45,250,106,144,
28. Apr. 2021 17:00,291,163,128,
28. Apr. 2021 17:15,292,137,155,
28. Apr. 2021 17:30,247,109,138,
28. Apr. 2021 17:45,268,115,153,
28. Apr. 2021 18:00,217,111,106,
28. Apr. 2021 18:15,215,101,114,
28. Apr. 2021 18:30,186,86,100,
28. Apr. 2021 18:45,202,90,112,
28. Apr. 2021 19:00,168,84,84,
28. Apr. 2021 19:15,124,65,59,
28. Apr. 2021 19:30,103,53,50,
28. Apr. 2021 19:45,99,39,60,
28. Apr. 2021 20:00,108,44,64,
28. Apr. 2021 20:15,83,41,42,
28. Apr. 2021 20:30,73,33,40,
28. Apr. 2021 20:45,73,30,43,
28. Apr. 2021 21:00,75,38,37,
28. Apr. 2021 21:15,48,16,32,
28. Apr. 2021 21:30,37,19,18,
28. Apr. 2021 21:45,48,24,24,
28. Apr. 2021 22:00,40,19,21,
28. Apr. 2021 22:15,17,13,4,
28. Apr. 2021 22:30,7,6,1,
28. Apr. 2021 22:45,7,4,3,
28. Apr. 2021 23:00,14,6,8,
28. Apr. 2021 23:15,13,4,9,
28. Apr. 2021 23:30,14,9,5,
28. Apr. 2021 23:45,15,7,8,
29. Apr. 2021 00:00,6,4,2,
29. Apr. 2021 00:15,1,1,0,
29. Apr. 2021 00:30,1,0,1,
29. Apr. 2021 00:45,3,2,1,
29. Apr. 2021 01:00,1,1,0,
29. Apr. 2021 01:15,0,0,0,
29. Apr. 2021 01:30,1,0,1,
29. Apr. 2021 01:45,0,0,0,
29. Apr. 2021 02:00,2,1,1,
29. Apr. 2021 02:15,1,1,0,
29. Apr. 2021 02:30,1,1,0,
29. Apr. 2021 02:45,0,0,0,
29. Apr. 2021 03:00,1,0,1,
29. Apr. 2021 03:15,0,0,0,
29. Apr. 2021 03:30,2,2,0,
29. Apr. 2021 03:45,0,0,0,
29. Apr. 2021 04:00,0,0,0,
29. Apr. 2021 04:15,1,1,0,
29. Apr. 2021 04:30,2,2,0,
29. Apr. 2021 04:45,2,2,0,
29. Apr. 2021 05:00,0,0,0,
29. Apr. 2021 05:15,7,4,3,
29. Apr. 2021 05:30,11,7,4,
29. Apr. 2021 05:45,20,13,7,
29. Apr. 2021 06:00,26,15,11,
29. Apr. 2021 06:15,25,19,6,
29. Apr. 2021 06:30,38,13,25,
29. Apr. 2021 06:45,64,29,35,
29. Apr. 2021 07:00,81,40,41,
29. Apr. 2021 07:15,178,111,67,
29. Apr. 2021 07:30,305,222,83,
29. Apr. 2021 07:45,179,94,85,
29. Apr. 2021 08:00,154,88,66,
29. Apr. 2021 08:15,183,105,78,
29. Apr. 2021 08:30,170,98,72,
29. Apr. 2021 08:45,189,113,76,
29. Apr. 2021 09:00,154,84,70,
29. Apr. 2021 09:15,147,97,50,
29. Apr. 2021 09:30,98,48,50,
29. Apr. 2021 09:45,131,76,55,
29. Apr. 2021 10:00,90,43,47,
29. Apr. 2021 10:15,102,58,44,
29. Apr. 2021 10:30,92,54,38,
29. Apr. 2021 10:45,83,36,47,
29. Apr. 2021 11:00,112,57,55,
29. Apr. 2021 11:15,121,62,59,
29. Apr. 2021 11:30,107,49,58,
29. Apr. 2021 11:45,132,85,47,
29. Apr. 2021 12:00,110,38,72,
29. Apr. 2021 12:15,151,62,89,
29. Apr. 2021 12:30,166,75,91,
29. Apr. 2021 12:45,163,78,85,
29. Apr. 2021 13:00,244,91,153,
29. Apr. 2021 13:15,178,98,80,
29. Apr. 2021 13:30,160,73,87,
29. Apr. 2021 13:45,160,76,84,
29. Apr. 2021 14:00,155,75,80,
29. Apr. 2021 14:15,152,84,68,
29. Apr. 2021 14:30,157,76,81,
29. Apr. 2021 14:45,142,85,57,
29. Apr. 2021 15:00,129,63,66,
29. Apr. 2021 15:15,175,86,89,
29. Apr. 2021 15:30,208,101,107,
29. Apr. 2021 15:45,204,117,87,
29. Apr. 2021 16:00,202,116,86,
29. Apr. 2021 16:15,187,94,93,
29. Apr. 2021 16:30,176,98,78,
29. Apr. 2021 16:45,215,101,114,
29. Apr. 2021 17:00,194,93,101,
29. Apr. 2021 17:15,225,107,118,
29. Apr. 2021 17:30,208,120,88,
29. Apr. 2021 17:45,213,105,108,
29. Apr. 2021 18:00,213,95,118,
29. Apr. 2021 18:15,161,66,95,
29. Apr. 2021 18:30,169,75,94,
29. Apr. 2021 18:45,134,54,80,
29. Apr. 2021 19:00,120,54,66,
29. Apr. 2021 19:15,114,50,64,
29. Apr. 2021 19:30,93,41,52,
29. Apr. 2021 19:45,97,47,50,
29. Apr. 2021 20:00,65,35,30,
29. Apr. 2021 20:15,57,30,27,
29. Apr. 2021 20:30,59,24,35,
29. Apr. 2021 20:45,62,31,31,
29. Apr. 2021 21:00,53,35,18,
29. Apr. 2021 21:15,38,18,20,
29. Apr. 2021 21:30,43,18,25,
29. Apr. 2021 21:45,36,19,17,
29. Apr. 2021 22:00,43,23,20,
29. Apr. 2021 22:15,25,16,9,
29. Apr. 2021 22:30,16,7,9,
29. Apr. 2021 22:45,13,7,6,
29. Apr. 2021 23:00,10,6,4,
29. Apr. 2021 23:15,13,7,6,
29. Apr. 2021 23:30,11,5,6,
29. Apr. 2021 23:45,11,6,5,
30. Apr. 2021 00:00,4,0,4,
30. Apr. 2021 00:15,6,4,2,
30. Apr. 2021 00:30,3,2,1,
30. Apr. 2021 00:45,4,3,1,
30. Apr. 2021 01:00,0,0,0,
30. Apr. 2021 01:15,0,0,0,
30. Apr. 2021 01:30,3,3,0,
30. Apr. 2021 01:45,1,1,0,
30. Apr. 2021 02:00,2,0,2,
30. Apr. 2021 02:15,0,0,0,
30. Apr. 2021 02:30,1,0,1,
30. Apr. 2021 02:45,2,2,0,
30. Apr. 2021 03:00,3,3,0,
30. Apr. 2021 03:15,0,0,0,
30. Apr. 2021 03:30,2,2,0,
30. Apr. 2021 03:45,0,0,0,
30. Apr. 2021 04:00,1,1,0,
30. Apr. 2021 04:15,1,1,0,
30. Apr. 2021 04:30,1,1,0,
30. Apr. 2021 04:45,0,0,0,
30. Apr. 2021 05:00,2,2,0,
30. Apr. 2021 05:15,6,2,4,
30. Apr. 2021 05:30,9,4,5,
30. Apr. 2021 05:45,9,4,5,
30. Apr. 2021 06:00,29,19,10,
30. Apr. 2021 06:15,26,22,4,
30. Apr. 2021 06:30,40,24,16,
30. Apr. 2021 06:45,65,36,29,
30. Apr. 2021 07:00,70,42,28,
30. Apr. 2021 07:15,150,101,49,
30. Apr. 2021 07:30,199,134,65,
30. Apr. 2021 07:45,194,119,75,
30. Apr. 2021 08:00,178,117,61,
30. Apr. 2021 08:15,191,100,91,
30. Apr. 2021 08:30,194,118,76,
30. Apr. 2021 08:45,211,101,110,
30. Apr. 2021 09:00,179,98,81,
30. Apr. 2021 09:15,194,131,63,
30. Apr. 2021 09:30,196,118,78,
30. Apr. 2021 09:45,166,96,70,
30. Apr. 2021 10:00,160,98,62,
30. Apr. 2021 10:15,159,92,67,
30. Apr. 2021 10:30,222,131,91,
30. Apr. 2021 10:45,186,101,85,
30. Apr. 2021 11:00,184,94,90,
30. Apr. 2021 11:15,221,121,100,
30. Apr. 2021 11:30,181,95,86,
30. Apr. 2021 11:45,217,100,117,
30. Apr. 2021 12:00,198,92,106,
30. Apr. 2021 12:15,205,75,130,
30. Apr. 2021 12:30,215,88,127,
30. Apr. 2021 12:45,201,82,119,
30. Apr. 2021 13:00,252,92,160,
30. Apr. 2021 13:15,217,104,113,
30. Apr. 2021 13:30,202,85,117,
30. Apr. 2021 13:45,219,110,109,
30. Apr. 2021 14:00,220,108,112,
30. Apr. 2021 14:15,243,134,109,
30. Apr. 2021 14:30,218,118,100,
30. Apr. 2021 14:45,257,133,124,
30. Apr. 2021 15:00,240,121,119,
30. Apr. 2021 15:15,204,106,98,
30. Apr. 2021 15:30,186,86,100,
30. Apr. 2021 15:45,213,107,106,
30. Apr. 2021 16:00,184,91,93,
30. Apr. 2021 16:15,156,61,95,
30. Apr. 2021 16:30,144,71,73,
30. Apr. 2021 16:45,158,92,66,
30. Apr. 2021 17:00,140,59,81,
30. Apr. 2021 17:15,146,69,77,
30. Apr. 2021 17:30,150,68,82,
30. Apr. 2021 17:45,129,67,62,
30. Apr. 2021 18:00,125,62,63,
30. Apr. 2021 18:15,127,68,59,
30. Apr. 2021 18:30,120,59,61,
30. Apr. 2021 18:45,131,67,64,
30. Apr. 2021 19:00,94,42,52,
30. Apr. 2021 19:15,91,49,42,
30. Apr. 2021 19:30,70,35,35,
30. Apr. 2021 19:45,71,32,39,
30. Apr. 2021 20:00,71,30,41,
30. Apr. 2021 20:15,52,29,23,
30. Apr. 2021 20:30,51,23,28,
30. Apr. 2021 20:45,48,23,25,
30. Apr. 2021 21:00,35,17,18,
30. Apr. 2021 21:15,35,18,17,
30. Apr. 2021 21:30,42,17,25,
30. Apr. 2021 21:45,47,17,30,
30. Apr. 2021 22:00,29,14,15,
30. Apr. 2021 22:15,17,11,6,
30. Apr. 2021 22:30,9,5,4,
30. Apr. 2021 22:45,11,7,4,
30. Apr. 2021 23:00,5,1,4,
30. Apr. 2021 23:15,10,7,3,
30. Apr. 2021 23:30,11,6,5,
30. Apr. 2021 23:45,28,16,12,
1. Mai 2021 00:00,13,9,4,
1. Mai 2021 00:15,5,3,2,
1. Mai 2021 00:30,2,1,1,
1. Mai 2021 00:45,5,1,4,
1. Mai 2021 01:00,5,3,2,
1. Mai 2021 01:15,4,0,4,
1. Mai 2021 01:30,2,1,1,
1. Mai 2021 01:45,5,2,3,
1. Mai 2021 02:00,1,1,0,
1. Mai 2021 02:15,5,4,1,
1. Mai 2021 02:30,0,0,0,
1. Mai 2021 02:45,1,1,0,
1. Mai 2021 03:00,0,0,0,
1. Mai 2021 03:15,3,2,1,
1. Mai 2021 03:30,6,1,5,
1. Mai 2021 03:45,1,1,0,
1. Mai 2021 04:00,2,1,1,
1. Mai 2021 04:15,0,0,0,
1. Mai 2021 04:30,0,0,0,
1. Mai 2021 04:45,0,0,0,
1. Mai 2021 05:00,4,1,3,
1. Mai 2021 05:15,5,3,2,
1. Mai 2021 05:30,8,6,2,
1. Mai 2021 05:45,6,4,2,
1. Mai 2021 06:00,9,7,2,
1. Mai 2021 06:15,4,2,2,
1. Mai 2021 06:30,11,5,6,
1. Mai 2021 06:45,10,3,7,
1. Mai 2021 07:00,7,5,2,
1. Mai 2021 07:15,12,8,4,
1. Mai 2021 07:30,10,3,7,
1. Mai 2021 07:45,19,14,5,
1. Mai 2021 08:00,13,2,11,
1. Mai 2021 08:15,27,18,9,
1. Mai 2021 08:30,18,10,8,
1. Mai 2021 08:45,31,21,10,
1. Mai 2021 09:00,33,18,15,
1. Mai 2021 09:15,36,26,10,
1. Mai 2021 09:30,48,30,18,
1. Mai 2021 09:45,71,49,22,
1. Mai 2021 10:00,71,37,34,
1. Mai 2021 10:15,42,19,23,
1. Mai 2021 10:30,76,27,49,
1. Mai 2021 10:45,92,48,44,
1. Mai 2021 11:00,82,42,40,
1. Mai 2021 11:15,82,39,43,
1. Mai 2021 11:30,54,27,27,
1. Mai 2021 11:45,60,39,21,
1. Mai 2021 12:00,81,42,39,
1. Mai 2021 12:15,74,43,31,
1. Mai 2021 12:30,91,40,51,
1. Mai 2021 12:45,80,33,47,
1. Mai 2021 13:00,84,38,46,
1. Mai 2021 13:15,112,61,51,
1. Mai 2021 13:30,102,52,50,
1. Mai 2021 13:45,86,40,46,
1. Mai 2021 14:00,71,29,42,
1. Mai 2021 14:15,105,56,49,
1. Mai 2021 14:30,77,36,41,
1. Mai 2021 14:45,73,30,43,
1. Mai 2021 15:00,98,61,37,
1. Mai 2021 15:15,87,48,39,
1. Mai 2021 15:30,61,36,25,
1. Mai 2021 15:45,62,33,29,
1. Mai 2021 16:00,54,25,29,
1. Mai 2021 16:15,75,34,41,
1. Mai 2021 16:30,43,20,23,
1. Mai 2021 16:45,44,28,16,
1. Mai 2021 17:00,43,21,22,
1. Mai 2021 17:15,41,19,22,
1. Mai 2021 17:30,45,18,27,
1. Mai 2021 17:45,37,15,22,
1. Mai 2021 18:00,50,27,23,
1. Mai 2021 18:15,36,24,12,
1. Mai 2021 18:30,37,23,14,
1. Mai 2021 18:45,34,14,20,
1. Mai 2021 19:00,41,23,18,
1. Mai 2021 19:15,43,22,21,
1. Mai 2021 19:30,31,11,20,
1. Mai 2021 19:45,32,22,10,
1. Mai 2021 20:00,22,8,14,
1. Mai 2021 20:15,22,10,12,
1. Mai 2021 20:30,26,11,15,
1. Mai 2021 20:45,23,9,14,
1. Mai 2021 21:00,18,9,9,
1. Mai 2021 21:15,31,15,16,
1. Mai 2021 21:30,38,14,24,
1. Mai 2021 21:45,33,18,15,
1. Mai 2021 22:00,47,21,26,
1. Mai 2021 22:15,16,5,11,
1. Mai 2021 22:30,15,9,6,
1. Mai 2021 22:45,6,3,3,
1. Mai 2021 23:00,10,6,4,
1. Mai 2021 23:15,9,5,4,
1. Mai 2021 23:30,7,3,4,
1. Mai 2021 23:45,14,2,12,
2. Mai 2021 00:00,4,1,3,
2. Mai 2021 00:15,3,1,2,
2. Mai 2021 00:30,1,1,0,
2. Mai 2021 00:45,4,1,3,
2. Mai 2021 01:00,2,0,2,
2. Mai 2021 01:15,2,0,2,
2. Mai 2021 01:30,2,2,0,
2. Mai 2021 01:45,1,0,1,
2. Mai 2021 02:00,3,1,2,
2. Mai 2021 02:15,1,0,1,
2. Mai 2021 02:30,1,0,1,
2. Mai 2021 02:45,0,0,0,
2. Mai 2021 03:00,1,1,0,
2. Mai 2021 03:15,0,0,0,
2. Mai 2021 03:30,0,0,0,
2. Mai 2021 03:45,0,0,0,
2. Mai 2021 04:00,0,0,0,
2. Mai 2021 04:15,1,0,1,
2. Mai 2021 04:30,4,3,1,
2. Mai 2021 04:45,0,0,0,
2. Mai 2021 05:00,2,2,0,
2. Mai 2021 05:15,9,8,1,
2. Mai 2021 05:30,4,2,2,
2. Mai 2021 05:45,6,3,3,
2. Mai 2021 06:00,5,3,2,
2. Mai 2021 06:15,1,1,0,
2. Mai 2021 06:30,6,4,2,
2. Mai 2021 06:45,10,6,4,
2. Mai 2021 07:00,7,4,3,
2. Mai 2021 07:15,3,1,2,
2. Mai 2021 07:30,9,2,7,
2. Mai 2021 07:45,3,2,1,
2. Mai 2021 08:00,4,1,3,
2. Mai 2021 08:15,12,8,4,
2. Mai 2021 08:30,4,3,1,
2. Mai 2021 08:45,15,2,13,
2. Mai 2021 09:00,14,11,3,
2. Mai 2021 09:15,15,13,2,
2. Mai 2021 09:30,16,9,7,
2. Mai 2021 09:45,25,16,9,
2. Mai 2021 10:00,23,12,11,
2. Mai 2021 10:15,21,18,3,
2. Mai 2021 10:30,19,11,8,
2. Mai 2021 10:45,39,21,18,
2. Mai 2021 11:00,36,21,15,
2. Mai 2021 11:15,38,28,10,
2. Mai 2021 11:30,46,19,27,
2. Mai 2021 11:45,53,24,29,
2. Mai 2021 12:00,68,25,43,
2. Mai 2021 12:15,55,28,27,
2. Mai 2021 12:30,52,22,30,
2. Mai 2021 12:45,68,27,41,
2. Mai 2021 13:00,61,25,36,
2. Mai 2021 13:15,104,54,50,
2. Mai 2021 13:30,66,35,31,
2. Mai 2021 13:45,83,35,48,
2. Mai 2021 14:00,84,48,36,
2. Mai 2021 14:15,106,65,41,
2. Mai 2021 14:30,106,47,59,
2. Mai 2021 14:45,68,30,38,
2. Mai 2021 15:00,99,49,50,
2. Mai 2021 15:15,99,55,44,
2. Mai 2021 15:30,110,77,33,
2. Mai 2021 15:45,133,65,68,
2. Mai 2021 16:00,96,43,53,
2. Mai 2021 16:15,71,38,33,
2. Mai 2021 16:30,70,28,42,
2. Mai 2021 16:45,61,28,33,
2. Mai 2021 17:00,43,20,23,
2. Mai 2021 17:15,74,41,33,
2. Mai 2021 17:30,70,33,37,
2. Mai 2021 17:45,71,35,36,
2. Mai 2021 18:00,70,33,37,
2. Mai 2021 18:15,50,29,21,
2. Mai 2021 18:30,45,23,22,
2. Mai 2021 18:45,44,19,25,
2. Mai 2021 19:00,54,26,28,
2. Mai 2021 19:15,42,22,20,
2. Mai 2021 19:30,47,27,20,
2. Mai 2021 19:45,45,30,15,
2. Mai 2021 20:00,49,28,21,
2. Mai 2021 20:15,33,21,12,
2. Mai 2021 20:30,33,12,21,
2. Mai 2021 20:45,22,14,8,
2. Mai 2021 21:00,21,11,10,
2. Mai 2021 21:15,22,15,7,
2. Mai 2021 21:30,27,12,15,
2. Mai 2021 21:45,28,17,11,
2. Mai 2021 22:00,14,7,7,
2. Mai 2021 22:15,11,6,5,
2. Mai 2021 22:30,5,1,4,
2. Mai 2021 22:45,3,3,0,
2. Mai 2021 23:00,7,3,4,
2. Mai 2021 23:15,3,3,0,
2. Mai 2021 23:30,5,2,3,
2. Mai 2021 23:45,5,3,2,
3. Mai 2021 00:00,4,2,2,
3. Mai 2021 00:15,0,0,0,
3. Mai 2021 00:30,0,0,0,
3. Mai 2021 00:45,1,1,0,
3. Mai 2021 01:00,0,0,0,
3. Mai 2021 01:15,0,0,0,
3. Mai 2021 01:30,1,1,0,
3. Mai 2021 01:45,0,0,0,
3. Mai 2021 02:00,0,0,0,
3. Mai 2021 02:15,0,0,0,
3. Mai 2021 02:30,0,0,0,
3. Mai 2021 02:45,1,0,1,
3. Mai 2021 03:00,0,0,0,
3. Mai 2021 03:15,0,0,0,
3. Mai 2021 03:30,0,0,0,
3. Mai 2021 03:45,0,0,0,
3. Mai 2021 04:00,1,0,1,
3. Mai 2021 04:15,2,2,0,
3. Mai 2021 04:30,0,0,0,
3. Mai 2021 04:45,4,3,1,
3. Mai 2021 05:00,1,1,0,
3. Mai 2021 05:15,3,1,2,
3. Mai 2021 05:30,10,4,6,
3. Mai 2021 05:45,27,17,10,
3. Mai 2021 06:00,35,20,15,
3. Mai 2021 06:15,42,27,15,
3. Mai 2021 06:30,57,30,27,
3. Mai 2021 06:45,56,35,21,
3. Mai 2021 07:00,80,35,45,
3. Mai 2021 07:15,128,74,54,
3. Mai 2021 07:30,181,122,59,
3. Mai 2021 07:45,194,115,79,
3. Mai 2021 08:00,175,104,71,
3. Mai 2021 08:15,194,110,84,
3. Mai 2021 08:30,183,106,77,
3. Mai 2021 08:45,193,105,88,
3. Mai 2021 09:00,163,94,69,
3. Mai 2021 09:15,136,80,56,
3. Mai 2021 09:30,163,85,78,
3. Mai 2021 09:45,126,70,56,
3. Mai 2021 10:00,105,59,46,
3. Mai 2021 10:15,110,51,59,
3. Mai 2021 10:30,112,67,45,
3. Mai 2021 10:45,124,77,47,
3. Mai 2021 11:00,139,77,62,
3. Mai 2021 11:15,125,70,55,
3. Mai 2021 11:30,136,64,72,
3. Mai 2021 11:45,151,83,68,
3. Mai 2021 12:00,167,76,91,
3. Mai 2021 12:15,199,92,107,
3. Mai 2021 12:30,184,85,99,
3. Mai 2021 12:45,183,87,96,
3. Mai 2021 13:00,195,83,112,
3. Mai 2021 13:15,182,92,90,
3. Mai 2021 13:30,189,92,97,
3. Mai 2021 13:45,193,106,87,
3. Mai 2021 14:00,188,92,96,
3. Mai 2021 14:15,189,94,95,
3. Mai 2021 14:30,197,108,89,
3. Mai 2021 14:45,214,126,88,
3. Mai 2021 15:00,174,77,97,
3. Mai 2021 15:15,233,128,105,
3. Mai 2021 15:30,241,106,135,
3. Mai 2021 15:45,224,113,111,
3. Mai 2021 16:00,249,131,118,
3. Mai 2021 16:15,221,124,97,
3. Mai 2021 16:30,236,135,101,
3. Mai 2021 16:45,295,140,155,
3. Mai 2021 17:00,275,104,171,
3. Mai 2021 17:15,246,114,132,
3. Mai 2021 17:30,254,108,146,
3. Mai 2021 17:45,264,125,139,
3. Mai 2021 18:00,245,115,130,
3. Mai 2021 18:15,207,92,115,
3. Mai 2021 18:30,198,88,110,
3. Mai 2021 18:45,249,136,113,
3. Mai 2021 19:00,161,80,81,
3. Mai 2021 19:15,128,61,67,
3. Mai 2021 19:30,142,55,87,
3. Mai 2021 19:45,130,61,69,
3. Mai 2021 20:00,105,52,53,
3. Mai 2021 20:15,111,52,59,
3. Mai 2021 20:30,97,38,59,
3. Mai 2021 20:45,89,36,53,
3. Mai 2021 21:00,50,22,28,
3. Mai 2021 21:15,48,23,25,
3. Mai 2021 21:30,41,25,16,
3. Mai 2021 21:45,50,24,26,
3. Mai 2021 22:00,38,23,15,
3. Mai 2021 22:15,18,5,13,
3. Mai 2021 22:30,8,2,6,
3. Mai 2021 22:45,13,9,4,
3. Mai 2021 23:00,9,6,3,
3. Mai 2021 23:15,7,5,2,
3. Mai 2021 23:30,12,6,6,
3. Mai 2021 23:45,7,1,6,
4. Mai 2021 00:00,5,3,2,
4. Mai 2021 00:15,3,1,2,
4. Mai 2021 00:30,4,2,2,
4. Mai 2021 00:45,4,3,1,
4. Mai 2021 01:00,2,1,1,
4. Mai 2021 01:15,2,1,1,
4. Mai 2021 01:30,1,1,0,
4. Mai 2021 01:45,0,0,0,
4. Mai 2021 02:00,2,2,0,
4. Mai 2021 02:15,0,0,0,
4. Mai 2021 02:30,0,0,0,
4. Mai 2021 02:45,0,0,0,
4. Mai 2021 03:00,3,2,1,
4. Mai 2021 03:15,0,0,0,
4. Mai 2021 03:30,3,0,3,
4. Mai 2021 03:45,0,0,0,
4. Mai 2021 04:00,0,0,0,
4. Mai 2021 04:15,0,0,0,
4. Mai 2021 04:30,3,2,1,
4. Mai 2021 04:45,3,2,1,
4. Mai 2021 05:00,3,3,0,
4. Mai 2021 05:15,10,5,5,
4. Mai 2021 05:30,21,11,10,
4. Mai 2021 05:45,21,14,7,
4. Mai 2021 06:00,33,20,13,
4. Mai 2021 06:15,36,27,9,
4. Mai 2021 06:30,56,31,25,
4. Mai 2021 06:45,94,56,38,
4. Mai 2021 07:00,83,44,39,
4. Mai 2021 07:15,107,61,46,
4. Mai 2021 07:30,205,134,71,
4. Mai 2021 07:45,218,120,98,
4. Mai 2021 08:00,206,118,88,
4. Mai 2021 08:15,184,110,74,
4. Mai 2021 08:30,213,137,76,
4. Mai 2021 08:45,176,113,63,
4. Mai 2021 09:00,146,85,61,
4. Mai 2021 09:15,183,120,63,
4. Mai 2021 09:30,173,102,71,
4. Mai 2021 09:45,129,83,46,
4. Mai 2021 10:00,127,61,66,
4. Mai 2021 10:15,125,71,54,
4. Mai 2021 10:30,120,62,58,
4. Mai 2021 10:45,140,66,74,
4. Mai 2021 11:00,130,70,60,
4. Mai 2021 11:15,155,80,75,
4. Mai 2021 11:30,124,61,63,
4. Mai 2021 11:45,151,83,68,
4. Mai 2021 12:00,175,64,111,
4. Mai 2021 12:15,183,89,94,
4. Mai 2021 12:30,177,73,104,
4. Mai 2021 12:45,147,63,84,
4. Mai 2021 13:00,177,76,101,
4. Mai 2021 13:15,175,74,101,
4. Mai 2021 13:30,145,69,76,
4. Mai 2021 13:45,203,113,90,
4. Mai 2021 14:00,161,80,81,
4. Mai 2021 14:15,178,89,89,
4. Mai 2021 14:30,165,95,70,
4. Mai 2021 14:45,160,71,89,
4. Mai 2021 15:00,135,60,75,
4. Mai 2021 15:15,175,99,76,
4. Mai 2021 15:30,194,101,93,
4. Mai 2021 15:45,168,76,92,
4. Mai 2021 16:00,167,79,88,
4. Mai 2021 16:15,198,103,95,
4. Mai 2021 16:30,208,109,99,
4. Mai 2021 16:45,220,104,116,
4. Mai 2021 17:00,226,86,140,
4. Mai 2021 17:15,216,104,112,
4. Mai 2021 17:30,237,113,124,
4. Mai 2021 17:45,192,76,116,
4. Mai 2021 18:00,194,83,111,
4. Mai 2021 18:15,215,81,134,
4. Mai 2021 18:30,151,61,90,
4. Mai 2021 18:45,156,65,91,
4. Mai 2021 19:00,129,47,82,
4. Mai 2021 19:15,141,69,72,
4. Mai 2021 19:30,102,43,59,
4. Mai 2021 19:45,82,45,37,
4. Mai 2021 20:00,55,24,31,
4. Mai 2021 20:15,73,28,45,
4. Mai 2021 20:30,59,31,28,
4. Mai 2021 20:45,48,26,22,
4. Mai 2021 21:00,41,17,24,
4. Mai 2021 21:15,36,20,16,
4. Mai 2021 21:30,52,25,27,
4. Mai 2021 21:45,56,23,33,
4. Mai 2021 22:00,25,14,11,
4. Mai 2021 22:15,19,14,5,
4. Mai 2021 22:30,13,10,3,
4. Mai 2021 22:45,14,9,5,
4. Mai 2021 23:00,13,4,9,
4. Mai 2021 23:15,5,1,4,
4. Mai 2021 23:30,17,13,4,
4. Mai 2021 23:45,15,5,10,
5. Mai 2021 00:00,7,4,3,
5. Mai 2021 00:15,1,0,1,
5. Mai 2021 00:30,1,1,0,
5. Mai 2021 00:45,5,2,3,
5. Mai 2021 01:00,3,2,1,
5. Mai 2021 01:15,2,2,0,
5. Mai 2021 01:30,1,1,0,
5. Mai 2021 01:45,2,2,0,
5. Mai 2021 02:00,0,0,0,
5. Mai 2021 02:15,0,0,0,
5. Mai 2021 02:30,0,0,0,
5. Mai 2021 02:45,0,0,0,
5. Mai 2021 03:00,0,0,0,
5. Mai 2021 03:15,2,2,0,
5. Mai 2021 03:30,1,1,0,
5. Mai 2021 03:45,0,0,0,
5. Mai 2021 04:00,1,0,1,
5. Mai 2021 04:15,0,0,0,
5. Mai 2021 04:30,1,1,0,
5. Mai 2021 04:45,2,2,0,
5. Mai 2021 05:00,1,1,0,
5. Mai 2021 05:15,4,2,2,
5. Mai 2021 05:30,10,6,4,
5. Mai 2021 05:45,20,12,8,
5. Mai 2021 06:00,17,7,10,
5. Mai 2021 06:15,31,20,11,
5. Mai 2021 06:30,39,23,16,
5. Mai 2021 06:45,38,24,14,
5. Mai 2021 07:00,53,31,22,
5. Mai 2021 07:15,71,48,23,
5. Mai 2021 07:30,152,101,51,
5. Mai 2021 07:45,144,83,61,
5. Mai 2021 08:00,118,64,54,
5. Mai 2021 08:15,142,73,69,
5. Mai 2021 08:30,141,82,59,
5. Mai 2021 08:45,151,94,57,
5. Mai 2021 09:00,129,85,44,
5. Mai 2021 09:15,129,74,55,
5. Mai 2021 09:30,111,72,39,
5. Mai 2021 09:45,136,84,52,
5. Mai 2021 10:00,100,39,61,
5. Mai 2021 10:15,92,58,34,
5. Mai 2021 10:30,99,56,43,
5. Mai 2021 10:45,107,50,57,
5. Mai 2021 11:00,106,46,60,
5. Mai 2021 11:15,108,63,45,
5. Mai 2021 11:30,93,52,41,
5. Mai 2021 11:45,101,61,40,
5. Mai 2021 12:00,102,45,57,
5. Mai 2021 12:15,126,60,66,
5. Mai 2021 12:30,118,50,68,
5. Mai 2021 12:45,140,60,80,
5. Mai 2021 13:00,158,90,68,
5. Mai 2021 13:15,145,71,74,
5. Mai 2021 13:30,114,60,54,
5. Mai 2021 13:45,145,81,64,
5. Mai 2021 14:00,124,43,81,
5. Mai 2021 14:15,149,91,58,
5. Mai 2021 14:30,134,63,71,
5. Mai 2021 14:45,149,87,62,
5. Mai 2021 15:00,143,74,69,
5. Mai 2021 15:15,156,82,74,
5. Mai 2021 15:30,149,69,80,
5. Mai 2021 15:45,167,82,85,
5. Mai 2021 16:00,170,75,95,
5. Mai 2021 16:15,207,107,100,
5. Mai 2021 16:30,180,79,101,
5. Mai 2021 16:45,202,95,107,
5. Mai 2021 17:00,189,89,100,
5. Mai 2021 17:15,178,66,112,
5. Mai 2021 17:30,171,77,94,
5. Mai 2021 17:45,186,87,99,
5. Mai 2021 18:00,191,90,101,
5. Mai 2021 18:15,144,89,55,
5. Mai 2021 18:30,179,84,95,
5. Mai 2021 18:45,144,47,97,
5. Mai 2021 19:00,130,60,70,
5. Mai 2021 19:15,116,54,62,
5. Mai 2021 19:30,82,38,44,
5. Mai 2021 19:45,104,53,51,
5. Mai 2021 20:00,84,37,47,
5. Mai 2021 20:15,72,38,34,
5. Mai 2021 20:30,49,26,23,
5. Mai 2021 20:45,61,36,25,
5. Mai 2021 21:00,56,21,35,
5. Mai 2021 21:15,35,18,17,
5. Mai 2021 21:30,38,19,19,
5. Mai 2021 21:45,45,19,26,
5. Mai 2021 22:00,29,18,11,
5. Mai 2021 22:15,14,8,6,
5. Mai 2021 22:30,8,5,3,
5. Mai 2021 22:45,12,9,3,
5. Mai 2021 23:00,19,12,7,
5. Mai 2021 23:15,12,4,8,
5. Mai 2021 23:30,13,6,7,
5. Mai 2021 23:45,13,6,7,
6. Mai 2021 00:00,3,1,2,
6. Mai 2021 00:15,2,2,0,
6. Mai 2021 00:30,3,3,0,
6. Mai 2021 00:45,3,1,2,
6. Mai 2021 01:00,2,1,1,
6. Mai 2021 01:15,1,1,0,
6. Mai 2021 01:30,5,4,1,
6. Mai 2021 01:45,1,1,0,
6. Mai 2021 02:00,2,1,1,
6. Mai 2021 02:15,0,0,0,
6. Mai 2021 02:30,0,0,0,
6. Mai 2021 02:45,1,0,1,
6. Mai 2021 03:00,0,0,0,
6. Mai 2021 03:15,0,0,0,
6. Mai 2021 03:30,1,1,0,
6. Mai 2021 03:45,0,0,0,
6. Mai 2021 04:00,1,1,0,
6. Mai 2021 04:15,0,0,0,
6. Mai 2021 04:30,1,0,1,
6. Mai 2021 04:45,2,2,0,
6. Mai 2021 05:00,3,3,0,
6. Mai 2021 05:15,6,3,3,
6. Mai 2021 05:30,13,5,8,
6. Mai 2021 05:45,16,5,11,
6. Mai 2021 06:00,31,18,13,
6. Mai 2021 06:15,37,27,10,
6. Mai 2021 06:30,42,24,18,
6. Mai 2021 06:45,51,31,20,
6. Mai 2021 07:00,58,29,29,
6. Mai 2021 07:15,119,67,52,
6. Mai 2021 07:30,169,117,52,
6. Mai 2021 07:45,173,101,72,
6. Mai 2021 08:00,175,105,70,
6. Mai 2021 08:15,142,83,59,
6. Mai 2021 08:30,191,108,83,
6. Mai 2021 08:45,171,99,72,
6. Mai 2021 09:00,131,78,53,
6. Mai 2021 09:15,164,92,72,
6. Mai 2021 09:30,118,67,51,
6. Mai 2021 09:45,137,78,59,
6. Mai 2021 10:00,118,67,51,
6. Mai 2021 10:15,109,64,45,
6. Mai 2021 10:30,115,63,52,
6. Mai 2021 10:45,150,83,67,
6. Mai 2021 11:00,152,70,82,
6. Mai 2021 11:15,124,62,62,
6. Mai 2021 11:30,114,54,60,
6. Mai 2021 11:45,119,63,56,
6. Mai 2021 12:00,118,46,72,
6. Mai 2021 12:15,124,55,69,
6. Mai 2021 12:30,109,60,49,
6. Mai 2021 12:45,116,46,70,
6. Mai 2021 13:00,145,70,75,
6. Mai 2021 13:15,107,51,56,
6. Mai 2021 13:30,92,41,51,
6. Mai 2021 13:45,121,53,68,
6. Mai 2021 14:00,101,43,58,
6. Mai 2021 14:15,97,51,46,
6. Mai 2021 14:30,72,43,29,
6. Mai 2021 14:45,79,30,49,
6. Mai 2021 15:00,76,43,33,
6. Mai 2021 15:15,70,38,32,
6. Mai 2021 15:30,112,54,58,
6. Mai 2021 15:45,101,59,42,
6. Mai 2021 16:00,85,36,49,
6. Mai 2021 16:15,109,59,50,
6. Mai 2021 16:30,109,58,51,
6. Mai 2021 16:45,135,75,60,
6. Mai 2021 17:00,102,40,62,
6. Mai 2021 17:15,119,63,56,
6. Mai 2021 17:30,93,44,49,
6. Mai 2021 17:45,98,43,55,
6. Mai 2021 18:00,88,41,47,
6. Mai 2021 18:15,88,45,43,
6. Mai 2021 18:30,85,30,55,
6. Mai 2021 18:45,71,31,40,
6. Mai 2021 19:00,72,30,42,
6. Mai 2021 19:15,60,25,35,
6. Mai 2021 19:30,44,24,20,
6. Mai 2021 19:45,56,26,30,
6. Mai 2021 20:00,43,25,18,
6. Mai 2021 20:15,48,25,23,
6. Mai 2021 20:30,35,14,21,
6. Mai 2021 20:45,38,16,22,
6. Mai 2021 21:00,24,8,16,
6. Mai 2021 21:15,20,7,13,
6. Mai 2021 21:30,23,12,11,
6. Mai 2021 21:45,28,14,14,
6. Mai 2021 22:00,18,9,9,
6. Mai 2021 22:15,13,7,6,
6. Mai 2021 22:30,15,10,5,
6. Mai 2021 22:45,5,3,2,
6. Mai 2021 23:00,11,6,5,
6. Mai 2021 23:15,4,1,3,
6. Mai 2021 23:30,10,9,1,
6. Mai 2021 23:45,19,13,6,
7. Mai 2021 00:00,12,5,7,
7. Mai 2021 00:15,1,1,0,
7. Mai 2021 00:30,4,4,0,
7. Mai 2021 00:45,3,1,2,
7. Mai 2021 01:00,1,0,1,
7. Mai 2021 01:15,4,1,3,
7. Mai 2021 01:30,3,2,1,
7. Mai 2021 01:45,0,0,0,
7. Mai 2021 02:00,1,1,0,
7. Mai 2021 02:15,2,1,1,
7. Mai 2021 02:30,0,0,0,
7. Mai 2021 02:45,1,0,1,
7. Mai 2021 03:00,1,0,1,
7. Mai 2021 03:15,1,1,0,
7. Mai 2021 03:30,1,1,0,
7. Mai 2021 03:45,0,0,0,
7. Mai 2021 04:00,0,0,0,
7. Mai 2021 04:15,2,2,0,
7. Mai 2021 04:30,2,1,1,
7. Mai 2021 04:45,0,0,0,
7. Mai 2021 05:00,1,1,0,
7. Mai 2021 05:15,7,4,3,
7. Mai 2021 05:30,9,6,3,
7. Mai 2021 05:45,13,5,8,
7. Mai 2021 06:00,21,16,5,
7. Mai 2021 06:15,22,16,6,
7. Mai 2021 06:30,27,15,12,
7. Mai 2021 06:45,70,40,30,
7. Mai 2021 07:00,59,32,27,
7. Mai 2021 07:15,109,65,44,
7. Mai 2021 07:30,162,108,54,
7. Mai 2021 07:45,147,92,55,
7. Mai 2021 08:00,131,87,44,
7. Mai 2021 08:15,170,110,60,
7. Mai 2021 08:30,174,119,55,
7. Mai 2021 08:45,172,103,69,
7. Mai 2021 09:00,129,59,70,
7. Mai 2021 09:15,60,29,31,
7. Mai 2021 09:30,71,33,38,
7. Mai 2021 09:45,70,39,31,
7. Mai 2021 10:00,54,26,28,
7. Mai 2021 10:15,68,31,37,
7. Mai 2021 10:30,70,41,29,
7. Mai 2021 10:45,107,69,38,
7. Mai 2021 11:00,83,53,30,
7. Mai 2021 11:15,141,83,58,
7. Mai 2021 11:30,107,53,54,
7. Mai 2021 11:45,136,75,61,
7. Mai 2021 12:00,105,50,55,
7. Mai 2021 12:15,135,61,74,
7. Mai 2021 12:30,136,62,74,
7. Mai 2021 12:45,158,74,84,
7. Mai 2021 13:00,169,76,93,
7. Mai 2021 13:15,148,65,83,
7. Mai 2021 13:30,128,62,66,
7. Mai 2021 13:45,126,59,67,
7. Mai 2021 14:00,167,67,100,
7. Mai 2021 14:15,173,81,92,
7. Mai 2021 14:30,161,69,92,
7. Mai 2021 14:45,163,90,73,
7. Mai 2021 15:00,182,99,83,
7. Mai 2021 15:15,166,87,79,
7. Mai 2021 15:30,177,85,92,
7. Mai 2021 15:45,149,81,68,
7. Mai 2021 16:00,166,83,83,
7. Mai 2021 16:15,166,80,86,
7. Mai 2021 16:30,171,84,87,
7. Mai 2021 16:45,166,84,82,
7. Mai 2021 17:00,176,85,91,
7. Mai 2021 17:15,171,81,90,
7. Mai 2021 17:30,151,78,73,
7. Mai 2021 17:45,152,77,75,
7. Mai 2021 18:00,176,79,97,
7. Mai 2021 18:15,145,74,71,
7. Mai 2021 18:30,154,64,90,
7. Mai 2021 18:45,178,83,95,
7. Mai 2021 19:00,130,69,61,
7. Mai 2021 19:15,115,62,53,
7. Mai 2021 19:30,95,53,42,
7. Mai 2021 19:45,90,46,44,
7. Mai 2021 20:00,94,38,56,
7. Mai 2021 20:15,65,29,36,
7. Mai 2021 20:30,64,31,33,
7. Mai 2021 20:45,57,24,33,
7. Mai 2021 21:00,59,29,30,
7. Mai 2021 21:15,53,24,29,
7. Mai 2021 21:30,47,26,21,
7. Mai 2021 21:45,56,24,32,
7. Mai 2021 22:00,52,21,31,
7. Mai 2021 22:15,18,9,9,
7. Mai 2021 22:30,18,9,9,
7. Mai 2021 22:45,12,8,4,
7. Mai 2021 23:00,17,6,11,
7. Mai 2021 23:15,20,10,10,
7. Mai 2021 23:30,29,17,12,
7. Mai 2021 23:45,20,12,8,
8. Mai 2021 00:00,12,7,5,
8. Mai 2021 00:15,14,4,10,
8. Mai 2021 00:30,12,3,9,
8. Mai 2021 00:45,6,3,3,
8. Mai 2021 01:00,1,1,0,
8. Mai 2021 01:15,9,6,3,
8. Mai 2021 01:30,2,1,1,
8. Mai 2021 01:45,1,1,0,
8. Mai 2021 02:00,0,0,0,
8. Mai 2021 02:15,3,2,1,
8. Mai 2021 02:30,2,2,0,
8. Mai 2021 02:45,2,1,1,
8. Mai 2021 03:00,0,0,0,
8. Mai 2021 03:15,2,1,1,
8. Mai 2021 03:30,0,0,0,
8. Mai 2021 03:45,3,2,1,
8. Mai 2021 04:00,4,4,0,
8. Mai 2021 04:15,3,1,2,
8. Mai 2021 04:30,1,0,1,
8. Mai 2021 04:45,5,4,1,
8. Mai 2021 05:00,3,2,1,
8. Mai 2021 05:15,10,5,5,
8. Mai 2021 05:30,11,6,5,
8. Mai 2021 05:45,10,4,6,
8. Mai 2021 06:00,12,5,7,
8. Mai 2021 06:15,7,5,2,
8. Mai 2021 06:30,11,6,5,
8. Mai 2021 06:45,24,11,13,
8. Mai 2021 07:00,26,14,12,
8. Mai 2021 07:15,20,15,5,
8. Mai 2021 07:30,30,18,12,
8. Mai 2021 07:45,32,15,17,
8. Mai 2021 08:00,40,21,19,
8. Mai 2021 08:15,52,28,24,
8. Mai 2021 08:30,67,38,29,
8. Mai 2021 08:45,98,55,43,
8. Mai 2021 09:00,90,57,33,
8. Mai 2021 09:15,113,55,58,
8. Mai 2021 09:30,122,72,50,
8. Mai 2021 09:45,137,65,72,
8. Mai 2021 10:00,157,91,66,
8. Mai 2021 10:15,175,109,66,
8. Mai 2021 10:30,201,106,95,
8. Mai 2021 10:45,186,113,73,
8. Mai 2021 11:00,159,83,76,
8. Mai 2021 11:15,173,113,60,
8. Mai 2021 11:30,231,122,109,
8. Mai 2021 11:45,237,130,107,
8. Mai 2021 12:00,177,91,86,
8. Mai 2021 12:15,233,135,98,
8. Mai 2021 12:30,191,121,70,
8. Mai 2021 12:45,209,111,98,
8. Mai 2021 13:00,238,145,93,
8. Mai 2021 13:15,242,140,102,
8. Mai 2021 13:30,231,131,100,
8. Mai 2021 13:45,231,131,100,
8. Mai 2021 14:00,220,111,109,
8. Mai 2021 14:15,240,120,120,
8. Mai 2021 14:30,246,127,119,
8. Mai 2021 14:45,253,122,131,
8. Mai 2021 15:00,273,123,150,
8. Mai 2021 15:15,227,127,100,
8. Mai 2021 15:30,227,125,102,
8. Mai 2021 15:45,199,116,83,
8. Mai 2021 16:00,258,118,140,
8. Mai 2021 16:15,250,118,132,
8. Mai 2021 16:30,173,90,83,
8. Mai 2021 16:45,232,113,119,
8. Mai 2021 17:00,243,108,135,
8. Mai 2021 17:15,231,102,129,
8. Mai 2021 17:30,202,109,93,
8. Mai 2021 17:45,190,100,90,
8. Mai 2021 18:00,233,117,116,
8. Mai 2021 18:15,217,94,123,
8. Mai 2021 18:30,192,100,92,
8. Mai 2021 18:45,207,96,111,
8. Mai 2021 19:00,148,79,69,
8. Mai 2021 19:15,139,62,77,
8. Mai 2021 19:30,105,49,56,
8. Mai 2021 19:45,108,58,50,
8. Mai 2021 20:00,105,47,58,
8. Mai 2021 20:15,112,55,57,
8. Mai 2021 20:30,108,50,58,
8. Mai 2021 20:45,94,52,42,
8. Mai 2021 21:00,103,48,55,
8. Mai 2021 21:15,87,37,50,
8. Mai 2021 21:30,67,33,34,
8. Mai 2021 21:45,97,40,57,
8. Mai 2021 22:00,72,29,43,
8. Mai 2021 22:15,43,17,26,
8. Mai 2021 22:30,27,12,15,
8. Mai 2021 22:45,38,20,18,
8. Mai 2021 23:00,20,11,9,
8. Mai 2021 23:15,27,9,18,
8. Mai 2021 23:30,22,6,16,
8. Mai 2021 23:45,42,20,22,
9. Mai 2021 00:00,14,10,4,
9. Mai 2021 00:15,7,3,4,
9. Mai 2021 00:30,6,2,4,
9. Mai 2021 00:45,6,2,4,
9. Mai 2021 01:00,2,1,1,
9. Mai 2021 01:15,8,4,4,
9. Mai 2021 01:30,8,2,6,
9. Mai 2021 01:45,3,2,1,
9. Mai 2021 02:00,8,0,8,
9. Mai 2021 02:15,4,2,2,
9. Mai 2021 02:30,0,0,0,
9. Mai 2021 02:45,1,1,0,
9. Mai 2021 03:00,5,5,0,
9. Mai 2021 03:15,6,0,6,
9. Mai 2021 03:30,0,0,0,
9. Mai 2021 03:45,5,3,2,
9. Mai 2021 04:00,2,0,2,
9. Mai 2021 04:15,1,1,0,
9. Mai 2021 04:30,0,0,0,
9. Mai 2021 04:45,4,0,4,
9. Mai 2021 05:00,2,1,1,
9. Mai 2021 05:15,2,0,2,
9. Mai 2021 05:30,6,3,3,
9. Mai 2021 05:45,12,6,6,
9. Mai 2021 06:00,6,5,1,
9. Mai 2021 06:15,13,11,2,
9. Mai 2021 06:30,10,4,6,
9. Mai 2021 06:45,8,4,4,
9. Mai 2021 07:00,16,9,7,
9. Mai 2021 07:15,18,15,3,
9. Mai 2021 07:30,13,3,10,
9. Mai 2021 07:45,29,15,14,
9. Mai 2021 08:00,26,10,16,
9. Mai 2021 08:15,28,18,10,
9. Mai 2021 08:30,36,21,15,
9. Mai 2021 08:45,49,22,27,
9. Mai 2021 09:00,58,26,32,
9. Mai 2021 09:15,82,50,32,
9. Mai 2021 09:30,87,51,36,
9. Mai 2021 09:45,131,70,61,
9. Mai 2021 10:00,105,59,46,
9. Mai 2021 10:15,118,57,61,
9. Mai 2021 10:30,142,79,63,
9. Mai 2021 10:45,166,82,84,
9. Mai 2021 11:00,148,78,70,
9. Mai 2021 11:15,163,99,64,
9. Mai 2021 11:30,176,83,93,
9. Mai 2021 11:45,207,97,110,
9. Mai 2021 12:00,227,100,127,
9. Mai 2021 12:15,178,96,82,
9. Mai 2021 12:30,199,90,109,
9. Mai 2021 12:45,227,112,115,
9. Mai 2021 13:00,206,80,126,
9. Mai 2021 13:15,211,112,99,
9. Mai 2021 13:30,202,114,88,
9. Mai 2021 13:45,224,101,123,
9. Mai 2021 14:00,207,96,111,
9. Mai 2021 14:15,270,156,114,
9. Mai 2021 14:30,202,102,100,
9. Mai 2021 14:45,230,120,110,
9. Mai 2021 15:00,255,135,120,
9. Mai 2021 15:15,232,127,105,
9. Mai 2021 15:30,259,126,133,
9. Mai 2021 15:45,232,126,106,
9. Mai 2021 16:00,233,134,99,
9. Mai 2021 16:15,225,127,98,
9. Mai 2021 16:30,158,82,76,
9. Mai 2021 16:45,243,128,115,
9. Mai 2021 17:00,269,168,101,
9. Mai 2021 17:15,231,121,110,
9. Mai 2021 17:30,226,109,117,
9. Mai 2021 17:45,241,128,113,
9. Mai 2021 18:00,221,142,79,
9. Mai 2021 18:15,200,112,88,
9. Mai 2021 18:30,190,112,78,
9. Mai 2021 18:45,170,100,70,
9. Mai 2021 19:00,144,84,60,
9. Mai 2021 19:15,170,109,61,
9. Mai 2021 19:30,144,76,68,
9. Mai 2021 19:45,129,74,55,
9. Mai 2021 20:00,126,70,56,
9. Mai 2021 20:15,140,82,58,
9. Mai 2021 20:30,103,54,49,
9. Mai 2021 20:45,97,48,49,
9. Mai 2021 21:00,79,33,46,
9. Mai 2021 21:15,78,45,33,
9. Mai 2021 21:30,70,29,41,
9. Mai 2021 21:45,59,28,31,
9. Mai 2021 22:00,56,23,33,
9. Mai 2021 22:15,15,5,10,
9. Mai 2021 22:30,21,9,12,
9. Mai 2021 22:45,13,4,9,
9. Mai 2021 23:00,18,12,6,
9. Mai 2021 23:15,11,5,6,
9. Mai 2021 23:30,9,4,5,
9. Mai 2021 23:45,15,4,11,
10. Mai 2021 00:00,8,1,7,
10. Mai 2021 00:15,3,2,1,
10. Mai 2021 00:30,3,0,3,
10. Mai 2021 00:45,2,1,1,
10. Mai 2021 01:00,4,4,0,
10. Mai 2021 01:15,4,2,2,
10. Mai 2021 01:30,2,2,0,
10. Mai 2021 01:45,0,0,0,
10. Mai 2021 02:00,2,1,1,
10. Mai 2021 02:15,1,0,1,
10. Mai 2021 02:30,0,0,0,
10. Mai 2021 02:45,0,0,0,
10. Mai 2021 03:00,0,0,0,
10. Mai 2021 03:15,1,1,0,
10. Mai 2021 03:30,2,1,1,
10. Mai 2021 03:45,1,1,0,
10. Mai 2021 04:00,1,0,1,
10. Mai 2021 04:15,0,0,0,
10. Mai 2021 04:30,0,0,0,
10. Mai 2021 04:45,2,1,1,
10. Mai 2021 05:00,6,6,0,
10. Mai 2021 05:15,9,3,6,
10. Mai 2021 05:30,20,8,12,
10. Mai 2021 05:45,30,15,15,
10. Mai 2021 06:00,34,22,12,
10. Mai 2021 06:15,48,33,15,
10. Mai 2021 06:30,55,33,22,
10. Mai 2021 06:45,66,36,30,
10. Mai 2021 07:00,99,52,47,
10. Mai 2021 07:15,245,175,70,
10. Mai 2021 07:30,362,251,111,
10. Mai 2021 07:45,215,126,89,
10. Mai 2021 08:00,202,112,90,
10. Mai 2021 08:15,268,151,117,
10. Mai 2021 08:30,231,140,91,
10. Mai 2021 08:45,197,113,84,
10. Mai 2021 09:00,170,98,72,
10. Mai 2021 09:15,187,115,72,
10. Mai 2021 09:30,170,86,84,
10. Mai 2021 09:45,142,96,46,
10. Mai 2021 10:00,125,71,54,
10. Mai 2021 10:15,136,76,60,
10. Mai 2021 10:30,143,75,68,
10. Mai 2021 10:45,145,87,58,
10. Mai 2021 11:00,167,91,76,
10. Mai 2021 11:15,186,96,90,
10. Mai 2021 11:30,169,77,92,
10. Mai 2021 11:45,182,101,81,
10. Mai 2021 12:00,176,69,107,
10. Mai 2021 12:15,232,120,112,
10. Mai 2021 12:30,222,101,121,
10. Mai 2021 12:45,231,107,124,
10. Mai 2021 13:00,369,128,241,
10. Mai 2021 13:15,208,96,112,
10. Mai 2021 13:30,198,104,94,
10. Mai 2021 13:45,222,120,102,
10. Mai 2021 14:00,244,121,123,
10. Mai 2021 14:15,188,106,82,
10. Mai 2021 14:30,194,104,90,
10. Mai 2021 14:45,215,118,97,
10. Mai 2021 15:00,226,134,92,
10. Mai 2021 15:15,207,89,118,
10. Mai 2021 15:30,246,98,148,
10. Mai 2021 15:45,257,148,109,
10. Mai 2021 16:00,223,120,103,
10. Mai 2021 16:15,263,145,118,
10. Mai 2021 16:30,256,124,132,
10. Mai 2021 16:45,242,115,127,
10. Mai 2021 17:00,229,97,132,
10. Mai 2021 17:15,270,127,143,
10. Mai 2021 17:30,204,98,106,
10. Mai 2021 17:45,228,113,115,
10. Mai 2021 18:00,224,90,134,
10. Mai 2021 18:15,217,96,121,
10. Mai 2021 18:30,221,113,108,
10. Mai 2021 18:45,184,79,105,
10. Mai 2021 19:00,140,58,82,
10. Mai 2021 19:15,120,55,65,
10. Mai 2021 19:30,138,68,70,
10. Mai 2021 19:45,96,45,51,
10. Mai 2021 20:00,81,34,47,
10. Mai 2021 20:15,110,43,67,
10. Mai 2021 20:30,94,41,53,
10. Mai 2021 20:45,70,38,32,
10. Mai 2021 21:00,48,15,33,
10. Mai 2021 21:15,47,24,23,
10. Mai 2021 21:30,71,35,36,
10. Mai 2021 21:45,53,19,34,
10. Mai 2021 22:00,31,16,15,
10. Mai 2021 22:15,19,8,11,
10. Mai 2021 22:30,14,3,11,
10. Mai 2021 22:45,14,5,9,
10. Mai 2021 23:00,14,8,6,
10. Mai 2021 23:15,14,8,6,
10. Mai 2021 23:30,13,7,6,
10. Mai 2021 23:45,13,10,3,
11. Mai 2021 00:00,7,4,3,
11. Mai 2021 00:15,3,0,3,
11. Mai 2021 00:30,2,1,1,
11. Mai 2021 00:45,4,2,2,
11. Mai 2021 01:00,0,0,0,
11. Mai 2021 01:15,3,1,2,
11. Mai 2021 01:30,1,1,0,
11. Mai 2021 01:45,1,1,0,
11. Mai 2021 02:00,0,0,0,
11. Mai 2021 02:15,0,0,0,
11. Mai 2021 02:30,0,0,0,
11. Mai 2021 02:45,1,0,1,
11. Mai 2021 03:00,0,0,0,
11. Mai 2021 03:15,0,0,0,
11. Mai 2021 03:30,1,1,0,
11. Mai 2021 03:45,1,0,1,
11. Mai 2021 04:00,1,1,0,
11. Mai 2021 04:15,1,1,0,
11. Mai 2021 04:30,1,1,0,
11. Mai 2021 04:45,1,0,1,
11. Mai 2021 05:00,2,2,0,
11. Mai 2021 05:15,9,4,5,
11. Mai 2021 05:30,13,6,7,
11. Mai 2021 05:45,25,14,11,
11. Mai 2021 06:00,25,15,10,
11. Mai 2021 06:15,33,23,10,
11. Mai 2021 06:30,52,34,18,
11. Mai 2021 06:45,86,48,38,
11. Mai 2021 07:00,88,45,43,
11. Mai 2021 07:15,196,136,60,
11. Mai 2021 07:30,354,227,127,
11. Mai 2021 07:45,207,108,99,
11. Mai 2021 08:00,196,128,68,
11. Mai 2021 08:15,215,145,70,
11. Mai 2021 08:30,210,111,99,
11. Mai 2021 08:45,196,103,93,
11. Mai 2021 09:00,151,88,63,
11. Mai 2021 09:15,211,125,86,
11. Mai 2021 09:30,160,97,63,
11. Mai 2021 09:45,170,119,51,
11. Mai 2021 10:00,153,92,61,
11. Mai 2021 10:15,137,74,63,
11. Mai 2021 10:30,157,100,57,
11. Mai 2021 10:45,151,80,71,
11. Mai 2021 11:00,162,83,79,
11. Mai 2021 11:15,186,93,93,
11. Mai 2021 11:30,140,74,66,
11. Mai 2021 11:45,194,92,102,
11. Mai 2021 12:00,178,73,105,
11. Mai 2021 12:15,202,82,120,
11. Mai 2021 12:30,211,93,118,
11. Mai 2021 12:45,228,100,128,
11. Mai 2021 13:00,287,100,187,
11. Mai 2021 13:15,191,94,97,
11. Mai 2021 13:30,194,106,88,
11. Mai 2021 13:45,191,87,104,
11. Mai 2021 14:00,181,79,102,
11. Mai 2021 14:15,206,113,93,
11. Mai 2021 14:30,154,77,77,
11. Mai 2021 14:45,179,85,94,
11. Mai 2021 15:00,166,71,95,
11. Mai 2021 15:15,125,62,63,
11. Mai 2021 15:30,158,69,89,
11. Mai 2021 15:45,135,64,71,
11. Mai 2021 16:00,142,59,83,
11. Mai 2021 16:15,162,77,85,
11. Mai 2021 16:30,164,63,101,
11. Mai 2021 16:45,156,79,77,
11. Mai 2021 17:00,151,66,85,
11. Mai 2021 17:15,129,69,60,
11. Mai 2021 17:30,126,58,68,
11. Mai 2021 17:45,123,63,60,
11. Mai 2021 18:00,144,54,90,
11. Mai 2021 18:15,134,62,72,
11. Mai 2021 18:30,112,44,68,
11. Mai 2021 18:45,104,45,59,
11. Mai 2021 19:00,80,36,44,
11. Mai 2021 19:15,84,50,34,
11. Mai 2021 19:30,75,44,31,
11. Mai 2021 19:45,51,26,25,
11. Mai 2021 20:00,53,28,25,
11. Mai 2021 20:15,41,19,22,
11. Mai 2021 20:30,36,21,15,
11. Mai 2021 20:45,24,12,12,
11. Mai 2021 21:00,21,8,13,
11. Mai 2021 21:15,21,12,9,
11. Mai 2021 21:30,26,12,14,
11. Mai 2021 21:45,26,11,15,
11. Mai 2021 22:00,21,6,15,
11. Mai 2021 22:15,16,10,6,
11. Mai 2021 22:30,13,7,6,
11. Mai 2021 22:45,8,3,5,
11. Mai 2021 23:00,6,2,4,
11. Mai 2021 23:15,6,2,4,
11. Mai 2021 23:30,10,1,9,
11. Mai 2021 23:45,19,9,10,
12. Mai 2021 00:00,8,1,7,
12. Mai 2021 00:15,4,2,2,
12. Mai 2021 00:30,5,2,3,
12. Mai 2021 00:45,0,0,0,
12. Mai 2021 01:00,2,1,1,
12. Mai 2021 01:15,3,0,3,
12. Mai 2021 01:30,1,1,0,
12. Mai 2021 01:45,1,0,1,
12. Mai 2021 02:00,1,0,1,
12. Mai 2021 02:15,1,1,0,
12. Mai 2021 02:30,0,0,0,
12. Mai 2021 02:45,2,0,2,
12. Mai 2021 03:00,3,2,1,
12. Mai 2021 03:15,0,0,0,
12. Mai 2021 03:30,1,0,1,
12. Mai 2021 03:45,0,0,0,
12. Mai 2021 04:00,1,1,0,
12. Mai 2021 04:15,1,1,0,
12. Mai 2021 04:30,0,0,0,
12. Mai 2021 04:45,0,0,0,
12. Mai 2021 05:00,5,2,3,
12. Mai 2021 05:15,6,3,3,
12. Mai 2021 05:30,8,5,3,
12. Mai 2021 05:45,27,19,8,
12. Mai 2021 06:00,14,9,5,
12. Mai 2021 06:15,31,22,9,
12. Mai 2021 06:30,30,16,14,
12. Mai 2021 06:45,65,40,25,
12. Mai 2021 07:00,64,32,32,
12. Mai 2021 07:15,123,82,41,
12. Mai 2021 07:30,252,165,87,
12. Mai 2021 07:45,177,108,69,
12. Mai 2021 08:00,115,65,50,
12. Mai 2021 08:15,161,89,72,
12. Mai 2021 08:30,133,77,56,
12. Mai 2021 08:45,180,100,80,
12. Mai 2021 09:00,126,68,58,
12. Mai 2021 09:15,131,74,57,
12. Mai 2021 09:30,106,52,54,
12. Mai 2021 09:45,98,61,37,
12. Mai 2021 10:00,74,42,32,
12. Mai 2021 10:15,63,33,30,
12. Mai 2021 10:30,68,27,41,
12. Mai 2021 10:45,79,42,37,
12. Mai 2021 11:00,71,35,36,
12. Mai 2021 11:15,97,50,47,
12. Mai 2021 11:30,89,48,41,
12. Mai 2021 11:45,99,57,42,
12. Mai 2021 12:00,104,52,52,
12. Mai 2021 12:15,118,65,53,
12. Mai 2021 12:30,133,68,65,
12. Mai 2021 12:45,129,60,69,
12. Mai 2021 13:00,248,97,151,
12. Mai 2021 13:15,162,82,80,
12. Mai 2021 13:30,130,72,58,
12. Mai 2021 13:45,141,70,71,
12. Mai 2021 14:00,116,58,58,
12. Mai 2021 14:15,137,84,53,
12. Mai 2021 14:30,145,81,64,
12. Mai 2021 14:45,140,81,59,
12. Mai 2021 15:00,128,63,65,
12. Mai 2021 15:15,126,57,69,
12. Mai 2021 15:30,155,76,79,
12. Mai 2021 15:45,176,92,84,
12. Mai 2021 16:00,174,93,81,
12. Mai 2021 16:15,182,93,89,
12. Mai 2021 16:30,205,103,102,
12. Mai 2021 16:45,196,98,98,
12. Mai 2021 17:00,206,110,96,
12. Mai 2021 17:15,181,78,103,
12. Mai 2021 17:30,199,98,101,
12. Mai 2021 17:45,188,80,108,
12. Mai 2021 18:00,183,85,98,
12. Mai 2021 18:15,168,83,85,
12. Mai 2021 18:30,151,72,79,
12. Mai 2021 18:45,114,39,75,
12. Mai 2021 19:00,122,56,66,
12. Mai 2021 19:15,139,72,67,
12. Mai 2021 19:30,107,61,46,
12. Mai 2021 19:45,70,30,40,
12. Mai 2021 20:00,95,36,59,
12. Mai 2021 20:15,84,39,45,
12. Mai 2021 20:30,49,18,31,
12. Mai 2021 20:45,55,29,26,
12. Mai 2021 21:00,55,22,33,
12. Mai 2021 21:15,34,21,13,
12. Mai 2021 21:30,38,22,16,
12. Mai 2021 21:45,50,28,22,
12. Mai 2021 22:00,38,18,20,
12. Mai 2021 22:15,27,16,11,
12. Mai 2021 22:30,10,3,7,
12. Mai 2021 22:45,13,6,7,
12. Mai 2021 23:00,12,8,4,
12. Mai 2021 23:15,21,8,13,
12. Mai 2021 23:30,17,6,11,
12. Mai 2021 23:45,25,10,15,
13. Mai 2021 00:00,13,9,4,
13. Mai 2021 00:15,16,9,7,
13. Mai 2021 00:30,9,6,3,
13. Mai 2021 00:45,13,9,4,
13. Mai 2021 01:00,14,5,9,
13. Mai 2021 01:15,14,5,9,
13. Mai 2021 01:30,13,4,9,
13. Mai 2021 01:45,15,5,10,
13. Mai 2021 02:00,9,4,5,
13. Mai 2021 02:15,12,5,7,
13. Mai 2021 02:30,11,5,6,
13. Mai 2021 02:45,2,2,0,
13. Mai 2021 03:00,4,0,4,
13. Mai 2021 03:15,2,1,1,
13. Mai 2021 03:30,5,4,1,
13. Mai 2021 03:45,8,4,4,
13. Mai 2021 04:00,4,1,3,
13. Mai 2021 04:15,1,1,0,
13. Mai 2021 04:30,2,2,0,
13. Mai 2021 04:45,0,0,0,
13. Mai 2021 05:00,2,2,0,
13. Mai 2021 05:15,1,0,1,
13. Mai 2021 05:30,11,4,7,
13. Mai 2021 05:45,12,6,6,
13. Mai 2021 06:00,11,10,1,
13. Mai 2021 06:15,7,6,1,
13. Mai 2021 06:30,8,3,5,
13. Mai 2021 06:45,9,7,2,
13. Mai 2021 07:00,2,1,1,
13. Mai 2021 07:15,8,5,3,
13. Mai 2021 07:30,6,4,2,
13. Mai 2021 07:45,15,7,8,
13. Mai 2021 08:00,23,8,15,
13. Mai 2021 08:15,14,10,4,
13. Mai 2021 08:30,41,24,17,
13. Mai 2021 08:45,38,18,20,
13. Mai 2021 09:00,51,33,18,
13. Mai 2021 09:15,47,26,21,
13. Mai 2021 09:30,61,31,30,
13. Mai 2021 09:45,77,39,38,
13. Mai 2021 10:00,93,45,48,
13. Mai 2021 10:15,87,47,40,
13. Mai 2021 10:30,74,47,27,
13. Mai 2021 10:45,108,65,43,
13. Mai 2021 11:00,108,45,63,
13. Mai 2021 11:15,123,63,60,
13. Mai 2021 11:30,117,43,74,
13. Mai 2021 11:45,143,82,61,
13. Mai 2021 12:00,131,58,73,
13. Mai 2021 12:15,123,65,58,
13. Mai 2021 12:30,132,53,79,
13. Mai 2021 12:45,133,86,47,
13. Mai 2021 13:00,160,78,82,
13. Mai 2021 13:15,140,75,65,
13. Mai 2021 13:30,105,57,48,
13. Mai 2021 13:45,135,68,67,
13. Mai 2021 14:00,116,59,57,
13. Mai 2021 14:15,148,71,77,
13. Mai 2021 14:30,114,63,51,
13. Mai 2021 14:45,136,70,66,
13. Mai 2021 15:00,145,86,59,
13. Mai 2021 15:15,122,70,52,
13. Mai 2021 15:30,143,72,71,
13. Mai 2021 15:45,121,57,64,
13. Mai 2021 16:00,143,62,81,
13. Mai 2021 16:15,166,95,71,
13. Mai 2021 16:30,136,75,61,
13. Mai 2021 16:45,138,72,66,
13. Mai 2021 17:00,151,74,77,
13. Mai 2021 17:15,145,82,63,
13. Mai 2021 17:30,114,52,62,
13. Mai 2021 17:45,140,70,70,
13. Mai 2021 18:00,126,69,57,
13. Mai 2021 18:15,158,100,58,
13. Mai 2021 18:30,100,44,56,
13. Mai 2021 18:45,106,59,47,
13. Mai 2021 19:00,88,37,51,
13. Mai 2021 19:15,103,62,41,
13. Mai 2021 19:30,86,43,43,
13. Mai 2021 19:45,84,42,42,
13. Mai 2021 20:00,69,37,32,
13. Mai 2021 20:15,77,39,38,
13. Mai 2021 20:30,66,35,31,
13. Mai 2021 20:45,54,19,35,
13. Mai 2021 21:00,53,25,28,
13. Mai 2021 21:15,31,20,11,
13. Mai 2021 21:30,38,13,25,
13. Mai 2021 21:45,54,25,29,
13. Mai 2021 22:00,36,16,20,
13. Mai 2021 22:15,35,21,14,
13. Mai 2021 22:30,23,12,11,
13. Mai 2021 22:45,39,20,19,
13. Mai 2021 23:00,47,26,21,
13. Mai 2021 23:15,28,11,17,
13. Mai 2021 23:30,25,12,13,
13. Mai 2021 23:45,39,15,24,
14. Mai 2021 00:00,29,8,21,
14. Mai 2021 00:15,13,10,3,
14. Mai 2021 00:30,13,9,4,
14. Mai 2021 00:45,9,1,8,
14. Mai 2021 01:00,11,8,3,
14. Mai 2021 01:15,10,4,6,
14. Mai 2021 01:30,8,2,6,
14. Mai 2021 01:45,6,4,2,
14. Mai 2021 02:00,1,0,1,
14. Mai 2021 02:15,4,2,2,
14. Mai 2021 02:30,7,2,5,
14. Mai 2021 02:45,6,3,3,
14. Mai 2021 03:00,5,1,4,
14. Mai 2021 03:15,8,5,3,
14. Mai 2021 03:30,1,0,1,
14. Mai 2021 03:45,1,1,0,
14. Mai 2021 04:00,0,0,0,
14. Mai 2021 04:15,1,0,1,
14. Mai 2021 04:30,6,5,1,
14. Mai 2021 04:45,2,2,0,
14. Mai 2021 05:00,1,0,1,
14. Mai 2021 05:15,8,5,3,
14. Mai 2021 05:30,12,5,7,
14. Mai 2021 05:45,19,12,7,
14. Mai 2021 06:00,13,11,2,
14. Mai 2021 06:15,27,19,8,
14. Mai 2021 06:30,34,19,15,
14. Mai 2021 06:45,41,27,14,
14. Mai 2021 07:00,46,26,20,
14. Mai 2021 07:15,62,41,21,
14. Mai 2021 07:30,96,62,34,
14. Mai 2021 07:45,124,74,50,
14. Mai 2021 08:00,113,80,33,
14. Mai 2021 08:15,148,94,54,
14. Mai 2021 08:30,156,101,55,
14. Mai 2021 08:45,170,106,64,
14. Mai 2021 09:00,163,99,64,
14. Mai 2021 09:15,161,100,61,
14. Mai 2021 09:30,190,122,68,
14. Mai 2021 09:45,243,148,95,
14. Mai 2021 10:00,176,103,73,
14. Mai 2021 10:15,199,108,91,
14. Mai 2021 10:30,202,103,99,
14. Mai 2021 10:45,189,109,80,
14. Mai 2021 11:00,193,107,86,
14. Mai 2021 11:15,199,90,109,
14. Mai 2021 11:30,198,88,110,
14. Mai 2021 11:45,236,120,116,
14. Mai 2021 12:00,194,92,102,
14. Mai 2021 12:15,244,96,148,
14. Mai 2021 12:30,201,103,98,
14. Mai 2021 12:45,235,88,147,
14. Mai 2021 13:00,221,97,124,
14. Mai 2021 13:15,197,84,113,
14. Mai 2021 13:30,207,115,92,
14. Mai 2021 13:45,196,94,102,
14. Mai 2021 14:00,201,114,87,
14. Mai 2021 14:15,232,122,110,
14. Mai 2021 14:30,236,117,119,
14. Mai 2021 14:45,247,133,114,
14. Mai 2021 15:00,216,114,102,
14. Mai 2021 15:15,219,103,116,
14. Mai 2021 15:30,221,114,107,
14. Mai 2021 15:45,196,103,93,
14. Mai 2021 16:00,241,144,97,
14. Mai 2021 16:15,201,112,89,
14. Mai 2021 16:30,189,99,90,
14. Mai 2021 16:45,225,107,118,
14. Mai 2021 17:00,212,87,125,
14. Mai 2021 17:15,233,115,118,
14. Mai 2021 17:30,203,106,97,
14. Mai 2021 17:45,220,103,117,
14. Mai 2021 18:00,222,97,125,
14. Mai 2021 18:15,268,108,160,
14. Mai 2021 18:30,241,114,127,
14. Mai 2021 18:45,146,72,74,
14. Mai 2021 19:00,155,69,86,
14. Mai 2021 19:15,140,73,67,
14. Mai 2021 19:30,120,44,76,
14. Mai 2021 19:45,120,62,58,
14. Mai 2021 20:00,86,41,45,
14. Mai 2021 20:15,98,47,51,
14. Mai 2021 20:30,83,32,51,
14. Mai 2021 20:45,46,21,25,
14. Mai 2021 21:00,53,22,31,
14. Mai 2021 21:15,47,25,22,
14. Mai 2021 21:30,47,26,21,
14. Mai 2021 21:45,34,10,24,
14. Mai 2021 22:00,51,31,20,
14. Mai 2021 22:15,37,19,18,
14. Mai 2021 22:30,37,13,24,
14. Mai 2021 22:45,27,15,12,
14. Mai 2021 23:00,24,9,15,
14. Mai 2021 23:15,13,4,9,
14. Mai 2021 23:30,36,11,25,
14. Mai 2021 23:45,21,7,14,
15. Mai 2021 00:00,22,2,20,
15. Mai 2021 00:15,22,9,13,
15. Mai 2021 00:30,29,19,10,
15. Mai 2021 00:45,21,9,12,
15. Mai 2021 01:00,15,10,5,
15. Mai 2021 01:15,11,3,8,
15. Mai 2021 01:30,16,7,9,
15. Mai 2021 01:45,15,5,10,
15. Mai 2021 02:00,10,3,7,
15. Mai 2021 02:15,1,0,1,
15. Mai 2021 02:30,6,2,4,
15. Mai 2021 02:45,5,3,2,
15. Mai 2021 03:00,11,5,6,
15. Mai 2021 03:15,3,2,1,
15. Mai 2021 03:30,2,1,1,
15. Mai 2021 03:45,5,2,3,
15. Mai 2021 04:00,4,4,0,
15. Mai 2021 04:15,10,10,0,
15. Mai 2021 04:30,0,0,0,
15. Mai 2021 04:45,9,7,2,
15. Mai 2021 05:00,5,4,1,
15. Mai 2021 05:15,3,3,0,
15. Mai 2021 05:30,5,1,4,
15. Mai 2021 05:45,20,11,9,
15. Mai 2021 06:00,12,9,3,
15. Mai 2021 06:15,11,8,3,
15. Mai 2021 06:30,15,6,9,
15. Mai 2021 06:45,12,6,6,
15. Mai 2021 07:00,15,6,9,
15. Mai 2021 07:15,12,5,7,
15. Mai 2021 07:30,23,15,8,
15. Mai 2021 07:45,28,16,12,
15. Mai 2021 08:00,33,14,19,
15. Mai 2021 08:15,46,30,16,
15. Mai 2021 08:30,50,34,16,
15. Mai 2021 08:45,80,40,40,
15. Mai 2021 09:00,61,32,29,
15. Mai 2021 09:15,104,79,25,
15. Mai 2021 09:30,110,77,33,
15. Mai 2021 09:45,129,78,51,
15. Mai 2021 10:00,135,66,69,
15. Mai 2021 10:15,167,84,83,
15. Mai 2021 10:30,145,75,70,
15. Mai 2021 10:45,141,76,65,
15. Mai 2021 11:00,147,79,68,
15. Mai 2021 11:15,156,74,82,
15. Mai 2021 11:30,176,85,91,
15. Mai 2021 11:45,160,87,73,
15. Mai 2021 12:00,147,80,67,
15. Mai 2021 12:15,179,105,74,
15. Mai 2021 12:30,152,97,55,
15. Mai 2021 12:45,179,79,100,
15. Mai 2021 13:00,181,64,117,
15. Mai 2021 13:15,166,84,82,
15. Mai 2021 13:30,147,73,74,
15. Mai 2021 13:45,161,80,81,
15. Mai 2021 14:00,176,72,104,
15. Mai 2021 14:15,162,65,97,
15. Mai 2021 14:30,176,87,89,
15. Mai 2021 14:45,228,102,126,
15. Mai 2021 15:00,163,88,75,
15. Mai 2021 15:15,150,74,76,
15. Mai 2021 15:30,148,79,69,
15. Mai 2021 15:45,146,69,77,
15. Mai 2021 16:00,122,54,68,
15. Mai 2021 16:15,125,65,60,
15. Mai 2021 16:30,142,63,79,
15. Mai 2021 16:45,139,62,77,
15. Mai 2021 17:00,105,47,58,
15. Mai 2021 17:15,92,38,54,
15. Mai 2021 17:30,94,51,43,
15. Mai 2021 17:45,80,38,42,
15. Mai 2021 18:00,85,31,54,
15. Mai 2021 18:15,87,48,39,
15. Mai 2021 18:30,82,27,55,
15. Mai 2021 18:45,71,31,40,
15. Mai 2021 19:00,61,24,37,
15. Mai 2021 19:15,62,33,29,
15. Mai 2021 19:30,41,17,24,
15. Mai 2021 19:45,40,25,15,
15. Mai 2021 20:00,28,12,16,
15. Mai 2021 20:15,35,16,19,
15. Mai 2021 20:30,37,17,20,
15. Mai 2021 20:45,25,8,17,
15. Mai 2021 21:00,37,19,18,
15. Mai 2021 21:15,51,14,37,
15. Mai 2021 21:30,31,14,17,
15. Mai 2021 21:45,32,14,18,
15. Mai 2021 22:00,31,11,20,
15. Mai 2021 22:15,18,12,6,
15. Mai 2021 22:30,18,4,14,
15. Mai 2021 22:45,7,2,5,
15. Mai 2021 23:00,17,7,10,
15. Mai 2021 23:15,17,11,6,
15. Mai 2021 23:30,21,9,12,
15. Mai 2021 23:45,25,8,17,
16. Mai 2021 00:00,23,9,14,
16. Mai 2021 00:15,11,4,7,
16. Mai 2021 00:30,16,9,7,
16. Mai 2021 00:45,24,10,14,
16. Mai 2021 01:00,9,4,5,
16. Mai 2021 01:15,11,4,7,
16. Mai 2021 01:30,7,4,3,
16. Mai 2021 01:45,5,4,1,
16. Mai 2021 02:00,6,3,3,
16. Mai 2021 02:15,5,4,1,
16. Mai 2021 02:30,7,1,6,
16. Mai 2021 02:45,7,5,2,
16. Mai 2021 03:00,4,1,3,
16. Mai 2021 03:15,2,1,1,
16. Mai 2021 03:30,8,7,1,
16. Mai 2021 03:45,6,3,3,
16. Mai 2021 04:00,5,3,2,
16. Mai 2021 04:15,0,0,0,
16. Mai 2021 04:30,1,0,1,
16. Mai 2021 04:45,3,2,1,
16. Mai 2021 05:00,3,1,2,
16. Mai 2021 05:15,1,1,0,
16. Mai 2021 05:30,4,1,3,
16. Mai 2021 05:45,9,3,6,
16. Mai 2021 06:00,15,3,12,
16. Mai 2021 06:15,9,7,2,
16. Mai 2021 06:30,9,5,4,
16. Mai 2021 06:45,8,2,6,
16. Mai 2021 07:00,5,5,0,
16. Mai 2021 07:15,13,5,8,
16. Mai 2021 07:30,5,2,3,
16. Mai 2021 07:45,7,5,2,
16. Mai 2021 08:00,9,4,5,
16. Mai 2021 08:15,14,8,6,
16. Mai 2021 08:30,17,10,7,
16. Mai 2021 08:45,31,16,15,
16. Mai 2021 09:00,30,14,16,
16. Mai 2021 09:15,49,18,31,
16. Mai 2021 09:30,60,36,24,
16. Mai 2021 09:45,59,36,23,
16. Mai 2021 10:00,57,26,31,
16. Mai 2021 10:15,51,30,21,
16. Mai 2021 10:30,75,40,35,
16. Mai 2021 10:45,90,49,41,
16. Mai 2021 11:00,86,50,36,
16. Mai 2021 11:15,83,46,37,
16. Mai 2021 11:30,74,36,38,
16. Mai 2021 11:45,94,47,47,
16. Mai 2021 12:00,71,28,43,
16. Mai 2021 12:15,85,41,44,
16. Mai 2021 12:30,96,36,60,
16. Mai 2021 12:45,108,49,59,
16. Mai 2021 13:00,83,29,54,
16. Mai 2021 13:15,112,57,55,
16. Mai 2021 13:30,95,43,52,
16. Mai 2021 13:45,119,55,64,
16. Mai 2021 14:00,70,32,38,
16. Mai 2021 14:15,57,25,32,
16. Mai 2021 14:30,48,26,22,
16. Mai 2021 14:45,52,21,31,
16. Mai 2021 15:00,48,25,23,
16. Mai 2021 15:15,52,23,29,
16. Mai 2021 15:30,63,25,38,
16. Mai 2021 15:45,54,29,25,
16. Mai 2021 16:00,36,15,21,
16. Mai 2021 16:15,38,19,19,
16. Mai 2021 16:30,34,21,13,
16. Mai 2021 16:45,36,19,17,
16. Mai 2021 17:00,26,11,15,
16. Mai 2021 17:15,41,24,17,
16. Mai 2021 17:30,34,16,18,
16. Mai 2021 17:45,40,20,20,
16. Mai 2021 18:00,21,6,15,
16. Mai 2021 18:15,24,11,13,
16. Mai 2021 18:30,33,19,14,
16. Mai 2021 18:45,43,25,18,
16. Mai 2021 19:00,42,22,20,
16. Mai 2021 19:15,49,15,34,
16. Mai 2021 19:30,47,26,21,
16. Mai 2021 19:45,34,13,21,
16. Mai 2021 20:00,31,19,12,
16. Mai 2021 20:15,32,18,14,
16. Mai 2021 20:30,32,16,16,
16. Mai 2021 20:45,18,5,13,
16. Mai 2021 21:00,15,9,6,
16. Mai 2021 21:15,24,8,16,
16. Mai 2021 21:30,20,10,10,
16. Mai 2021 21:45,8,0,8,
16. Mai 2021 22:00,8,4,4,
16. Mai 2021 22:15,17,11,6,
16. Mai 2021 22:30,4,3,1,
16. Mai 2021 22:45,5,1,4,
16. Mai 2021 23:00,10,6,4,
16. Mai 2021 23:15,9,6,3,
16. Mai 2021 23:30,10,5,5,
16. Mai 2021 23:45,7,5,2,
17. Mai 2021 00:00,7,4,3,
17. Mai 2021 00:15,3,2,1,
17. Mai 2021 00:30,7,2,5,
17. Mai 2021 00:45,2,2,0,
17. Mai 2021 01:00,3,2,1,
17. Mai 2021 01:15,8,7,1,
17. Mai 2021 01:30,4,3,1,
17. Mai 2021 01:45,3,3,0,
17. Mai 2021 02:00,4,0,4,
17. Mai 2021 02:15,1,0,1,
17. Mai 2021 02:30,0,0,0,
17. Mai 2021 02:45,2,1,1,
17. Mai 2021 03:00,1,1,0,
17. Mai 2021 03:15,0,0,0,
17. Mai 2021 03:30,2,0,2,
17. Mai 2021 03:45,0,0,0,
17. Mai 2021 04:00,3,3,0,
17. Mai 2021 04:15,3,3,0,
17. Mai 2021 04:30,1,1,0,
17. Mai 2021 04:45,3,3,0,
17. Mai 2021 05:00,1,1,0,
17. Mai 2021 05:15,3,1,2,
17. Mai 2021 05:30,11,6,5,
17. Mai 2021 05:45,28,20,8,
17. Mai 2021 06:00,22,14,8,
17. Mai 2021 06:15,30,24,6,
17. Mai 2021 06:30,40,24,16,
17. Mai 2021 06:45,64,37,27,
17. Mai 2021 07:00,83,43,40,
17. Mai 2021 07:15,165,108,57,
17. Mai 2021 07:30,246,159,87,
17. Mai 2021 07:45,153,85,68,
17. Mai 2021 08:00,118,69,49,
17. Mai 2021 08:15,198,114,84,
17. Mai 2021 08:30,174,107,67,
17. Mai 2021 08:45,159,91,68,
17. Mai 2021 09:00,122,85,37,
17. Mai 2021 09:15,147,94,53,
17. Mai 2021 09:30,90,44,46,
17. Mai 2021 09:45,97,63,34,
17. Mai 2021 10:00,74,40,34,
17. Mai 2021 10:15,72,44,28,
17. Mai 2021 10:30,72,40,32,
17. Mai 2021 10:45,94,48,46,
17. Mai 2021 11:00,96,40,56,
17. Mai 2021 11:15,143,78,65,
17. Mai 2021 11:30,75,39,36,
17. Mai 2021 11:45,109,61,48,
17. Mai 2021 12:00,128,61,67,
17. Mai 2021 12:15,129,56,73,
17. Mai 2021 12:30,154,57,97,
17. Mai 2021 12:45,122,55,67,
17. Mai 2021 13:00,241,95,146,
17. Mai 2021 13:15,128,73,55,
17. Mai 2021 13:30,107,57,50,
17. Mai 2021 13:45,127,66,61,
17. Mai 2021 14:00,147,62,85,
17. Mai 2021 14:15,118,66,52,
17. Mai 2021 14:30,103,57,46,
17. Mai 2021 14:45,134,63,71,
17. Mai 2021 15:00,119,53,66,
17. Mai 2021 15:15,103,48,55,
17. Mai 2021 15:30,183,81,102,
17. Mai 2021 15:45,136,60,76,
17. Mai 2021 16:00,140,63,77,
17. Mai 2021 16:15,125,61,64,
17. Mai 2021 16:30,186,85,101,
17. Mai 2021 16:45,156,76,80,
17. Mai 2021 17:00,163,79,84,
17. Mai 2021 17:15,189,88,101,
17. Mai 2021 17:30,187,86,101,
17. Mai 2021 17:45,169,78,91,
17. Mai 2021 18:00,133,57,76,
17. Mai 2021 18:15,144,59,85,
17. Mai 2021 18:30,159,64,95,
17. Mai 2021 18:45,104,44,60,
17. Mai 2021 19:00,129,60,69,
17. Mai 2021 19:15,86,41,45,
17. Mai 2021 19:30,100,42,58,
17. Mai 2021 19:45,72,36,36,
17. Mai 2021 20:00,63,28,35,
17. Mai 2021 20:15,70,33,37,
17. Mai 2021 20:30,57,21,36,
17. Mai 2021 20:45,52,24,28,
17. Mai 2021 21:00,47,25,22,
17. Mai 2021 21:15,40,16,24,
17. Mai 2021 21:30,40,13,27,
17. Mai 2021 21:45,28,13,15,
17. Mai 2021 22:00,20,14,6,
17. Mai 2021 22:15,29,9,20,
17. Mai 2021 22:30,25,14,11,
17. Mai 2021 22:45,17,6,11,
17. Mai 2021 23:00,14,7,7,
17. Mai 2021 23:15,7,3,4,
17. Mai 2021 23:30,12,5,7,
17. Mai 2021 23:45,8,6,2,
18. Mai 2021 00:00,13,7,6,
18. Mai 2021 00:15,6,0,6,
18. Mai 2021 00:30,8,5,3,
18. Mai 2021 00:45,4,2,2,
18. Mai 2021 01:00,3,1,2,
18. Mai 2021 01:15,8,2,6,
18. Mai 2021 01:30,3,2,1,
18. Mai 2021 01:45,5,4,1,
18. Mai 2021 02:00,3,1,2,
18. Mai 2021 02:15,0,0,0,
18. Mai 2021 02:30,6,4,2,
18. Mai 2021 02:45,0,0,0,
18. Mai 2021 03:00,0,0,0,
18. Mai 2021 03:15,0,0,0,
18. Mai 2021 03:30,0,0,0,
18. Mai 2021 03:45,1,1,0,
18. Mai 2021 04:00,0,0,0,
18. Mai 2021 04:15,0,0,0,
18. Mai 2021 04:30,0,0,0,
18. Mai 2021 04:45,3,3,0,
18. Mai 2021 05:00,1,0,1,
18. Mai 2021 05:15,5,3,2,
18. Mai 2021 05:30,9,5,4,
18. Mai 2021 05:45,22,14,8,
18. Mai 2021 06:00,20,11,9,
18. Mai 2021 06:15,26,21,5,
18. Mai 2021 06:30,39,17,22,
18. Mai 2021 06:45,72,45,27,
18. Mai 2021 07:00,54,30,24,
18. Mai 2021 07:15,152,103,49,
18. Mai 2021 07:30,271,185,86,
18. Mai 2021 07:45,172,83,89,
18. Mai 2021 08:00,158,94,64,
18. Mai 2021 08:15,163,91,72,
18. Mai 2021 08:30,174,103,71,
18. Mai 2021 08:45,136,84,52,
18. Mai 2021 09:00,138,75,63,
18. Mai 2021 09:15,167,112,55,
18. Mai 2021 09:30,126,62,64,
18. Mai 2021 09:45,113,62,51,
18. Mai 2021 10:00,90,49,41,
18. Mai 2021 10:15,93,50,43,
18. Mai 2021 10:30,79,39,40,
18. Mai 2021 10:45,108,63,45,
18. Mai 2021 11:00,103,46,57,
18. Mai 2021 11:15,124,62,62,
18. Mai 2021 11:30,96,50,46,
18. Mai 2021 11:45,120,63,57,
18. Mai 2021 12:00,110,49,61,
18. Mai 2021 12:15,106,56,50,
18. Mai 2021 12:30,127,55,72,
18. Mai 2021 12:45,123,53,70,
18. Mai 2021 13:00,290,116,174,
18. Mai 2021 13:15,155,74,81,
18. Mai 2021 13:30,126,52,74,
18. Mai 2021 13:45,142,63,79,
18. Mai 2021 14:00,181,83,98,
18. Mai 2021 14:15,138,77,61,
18. Mai 2021 14:30,156,86,70,
18. Mai 2021 14:45,144,67,77,
18. Mai 2021 15:00,162,76,86,
18. Mai 2021 15:15,142,80,62,
18. Mai 2021 15:30,162,81,81,
18. Mai 2021 15:45,171,83,88,
18. Mai 2021 16:00,202,99,103,
18. Mai 2021 16:15,171,84,87,
18. Mai 2021 16:30,209,109,100,
18. Mai 2021 16:45,203,105,98,
18. Mai 2021 17:00,190,89,101,
18. Mai 2021 17:15,211,105,106,
18. Mai 2021 17:30,203,81,122,
18. Mai 2021 17:45,170,67,103,
18. Mai 2021 18:00,219,87,132,
18. Mai 2021 18:15,208,87,121,
18. Mai 2021 18:30,161,64,97,
18. Mai 2021 18:45,159,70,89,
18. Mai 2021 19:00,174,79,95,
18. Mai 2021 19:15,112,47,65,
18. Mai 2021 19:30,103,45,58,
18. Mai 2021 19:45,88,36,52,
18. Mai 2021 20:00,91,38,53,
18. Mai 2021 20:15,85,47,38,
18. Mai 2021 20:30,83,32,51,
18. Mai 2021 20:45,58,35,23,
18. Mai 2021 21:00,69,29,40,
18. Mai 2021 21:15,51,22,29,
18. Mai 2021 21:30,41,13,28,
18. Mai 2021 21:45,31,15,16,
18. Mai 2021 22:00,25,11,14,
18. Mai 2021 22:15,45,16,29,
18. Mai 2021 22:30,18,10,8,
18. Mai 2021 22:45,18,6,12,
18. Mai 2021 23:00,22,12,10,
18. Mai 2021 23:15,25,6,19,
18. Mai 2021 23:30,15,9,6,
18. Mai 2021 23:45,12,7,5,
19. Mai 2021 00:00,13,5,8,
19. Mai 2021 00:15,15,6,9,
19. Mai 2021 00:30,3,1,2,
19. Mai 2021 00:45,3,1,2,
19. Mai 2021 01:00,5,3,2,
19. Mai 2021 01:15,2,2,0,
19. Mai 2021 01:30,3,3,0,
19. Mai 2021 01:45,3,2,1,
19. Mai 2021 02:00,1,1,0,
19. Mai 2021 02:15,0,0,0,
19. Mai 2021 02:30,2,0,2,
19. Mai 2021 02:45,0,0,0,
19. Mai 2021 03:00,0,0,0,
19. Mai 2021 03:15,2,2,0,
19. Mai 2021 03:30,0,0,0,
19. Mai 2021 03:45,1,0,1,
19. Mai 2021 04:00,1,1,0,
19. Mai 2021 04:15,1,1,0,
19. Mai 2021 04:30,1,1,0,
19. Mai 2021 04:45,3,2,1,
19. Mai 2021 05:00,2,2,0,
19. Mai 2021 05:15,4,1,3,
19. Mai 2021 05:30,16,9,7,
19. Mai 2021 05:45,20,13,7,
19. Mai 2021 06:00,21,13,8,
19. Mai 2021 06:15,33,23,10,
19. Mai 2021 06:30,50,26,24,
19. Mai 2021 06:45,47,29,18,
19. Mai 2021 07:00,76,39,37,
19. Mai 2021 07:15,148,93,55,
19. Mai 2021 07:30,297,198,99,
19. Mai 2021 07:45,174,97,77,
19. Mai 2021 08:00,161,92,69,
19. Mai 2021 08:15,163,98,65,
19. Mai 2021 08:30,180,114,66,
19. Mai 2021 08:45,163,90,73,
19. Mai 2021 09:00,119,69,50,
19. Mai 2021 09:15,157,79,78,
19. Mai 2021 09:30,143,74,69,
19. Mai 2021 09:45,146,82,64,
19. Mai 2021 10:00,97,51,46,
19. Mai 2021 10:15,99,58,41,
19. Mai 2021 10:30,106,49,57,
19. Mai 2021 10:45,106,56,50,
19. Mai 2021 11:00,132,61,71,
19. Mai 2021 11:15,99,50,49,
19. Mai 2021 11:30,103,53,50,
19. Mai 2021 11:45,83,39,44,
19. Mai 2021 12:00,93,46,47,
19. Mai 2021 12:15,123,54,69,
19. Mai 2021 12:30,137,59,78,
19. Mai 2021 12:45,153,70,83,
19. Mai 2021 13:00,281,114,167,
19. Mai 2021 13:15,162,75,87,
19. Mai 2021 13:30,133,66,67,
19. Mai 2021 13:45,156,85,71,
19. Mai 2021 14:00,154,80,74,
19. Mai 2021 14:15,145,78,67,
19. Mai 2021 14:30,152,70,82,
19. Mai 2021 14:45,179,100,79,
19. Mai 2021 15:00,162,74,88,
19. Mai 2021 15:15,175,79,96,
19. Mai 2021 15:30,176,84,92,
19. Mai 2021 15:45,184,82,102,
19. Mai 2021 16:00,162,79,83,
19. Mai 2021 16:15,114,54,60,
19. Mai 2021 16:30,141,67,74,
19. Mai 2021 16:45,164,88,76,
19. Mai 2021 17:00,148,56,92,
19. Mai 2021 17:15,166,75,91,
19. Mai 2021 17:30,157,67,90,
19. Mai 2021 17:45,161,75,86,
19. Mai 2021 18:00,165,76,89,
19. Mai 2021 18:15,155,75,80,
19. Mai 2021 18:30,156,70,86,
19. Mai 2021 18:45,124,63,61,
19. Mai 2021 19:00,109,43,66,
19. Mai 2021 19:15,104,52,52,
19. Mai 2021 19:30,81,43,38,
19. Mai 2021 19:45,84,42,42,
19. Mai 2021 20:00,77,30,47,
19. Mai 2021 20:15,57,19,38,
19. Mai 2021 20:30,64,32,32,
19. Mai 2021 20:45,51,22,29,
19. Mai 2021 21:00,55,29,26,
19. Mai 2021 21:15,53,22,31,
19. Mai 2021 21:30,32,18,14,
19. Mai 2021 21:45,31,14,17,
19. Mai 2021 22:00,26,10,16,
19. Mai 2021 22:15,31,11,20,
19. Mai 2021 22:30,19,7,12,
19. Mai 2021 22:45,24,3,21,
19. Mai 2021 23:00,19,10,9,
19. Mai 2021 23:15,15,4,11,
19. Mai 2021 23:30,26,11,15,
19. Mai 2021 23:45,22,8,14,
20. Mai 2021 00:00,20,6,14,
20. Mai 2021 00:15,9,6,3,
20. Mai 2021 00:30,18,6,12,
20. Mai 2021 00:45,10,1,9,
20. Mai 2021 01:00,9,5,4,
20. Mai 2021 01:15,6,1,5,
20. Mai 2021 01:30,3,2,1,
20. Mai 2021 01:45,7,4,3,
20. Mai 2021 02:00,4,1,3,
20. Mai 2021 02:15,2,0,2,
20. Mai 2021 02:30,2,2,0,
20. Mai 2021 02:45,4,1,3,
20. Mai 2021 03:00,0,0,0,
20. Mai 2021 03:15,0,0,0,
20. Mai 2021 03:30,0,0,0,
20. Mai 2021 03:45,1,0,1,
20. Mai 2021 04:00,0,0,0,
20. Mai 2021 04:15,6,1,5,
20. Mai 2021 04:30,3,3,0,
20. Mai 2021 04:45,3,3,0,
20. Mai 2021 05:00,1,1,0,
20. Mai 2021 05:15,6,3,3,
20. Mai 2021 05:30,19,12,7,
20. Mai 2021 05:45,24,17,7,
20. Mai 2021 06:00,18,11,7,
20. Mai 2021 06:15,34,25,9,
20. Mai 2021 06:30,33,17,16,
20. Mai 2021 06:45,49,25,24,
20. Mai 2021 07:00,60,26,34,
20. Mai 2021 07:15,139,84,55,
20. Mai 2021 07:30,285,201,84,
20. Mai 2021 07:45,143,73,70,
20. Mai 2021 08:00,120,61,59,
20. Mai 2021 08:15,132,81,51,
20. Mai 2021 08:30,177,103,74,
20. Mai 2021 08:45,153,71,82,
20. Mai 2021 09:00,118,62,56,
20. Mai 2021 09:15,139,79,60,
20. Mai 2021 09:30,96,51,45,
20. Mai 2021 09:45,111,62,49,
20. Mai 2021 10:00,78,40,38,
20. Mai 2021 10:15,101,53,48,
20. Mai 2021 10:30,81,48,33,
20. Mai 2021 10:45,100,58,42,
20. Mai 2021 11:00,112,65,47,
20. Mai 2021 11:15,120,56,64,
20. Mai 2021 11:30,97,52,45,
20. Mai 2021 11:45,124,57,67,
20. Mai 2021 12:00,107,45,62,
20. Mai 2021 12:15,114,55,59,
20. Mai 2021 12:30,139,50,89,
20. Mai 2021 12:45,132,59,73,
20. Mai 2021 13:00,247,99,148,
20. Mai 2021 13:15,131,60,71,
20. Mai 2021 13:30,143,71,72,
20. Mai 2021 13:45,149,90,59,
20. Mai 2021 14:00,154,76,78,
20. Mai 2021 14:15,139,78,61,
20. Mai 2021 14:30,160,87,73,
20. Mai 2021 14:45,161,89,72,
20. Mai 2021 15:00,177,93,84,
20. Mai 2021 15:15,144,67,77,
20. Mai 2021 15:30,195,114,81,
20. Mai 2021 15:45,175,84,91,
20. Mai 2021 16:00,180,82,98,
20. Mai 2021 16:15,180,90,90,
20. Mai 2021 16:30,170,86,84,
20. Mai 2021 16:45,197,92,105,
20. Mai 2021 17:00,204,96,108,
20. Mai 2021 17:15,186,93,93,
20. Mai 2021 17:30,216,111,105,
20. Mai 2021 17:45,184,89,95,
20. Mai 2021 18:00,209,95,114,
20. Mai 2021 18:15,209,90,119,
20. Mai 2021 18:30,172,75,97,
20. Mai 2021 18:45,169,72,97,
20. Mai 2021 19:00,135,59,76,
20. Mai 2021 19:15,155,76,79,
20. Mai 2021 19:30,120,63,57,
20. Mai 2021 19:45,105,59,46,
20. Mai 2021 20:00,94,31,63,
20. Mai 2021 20:15,102,39,63,
20. Mai 2021 20:30,87,40,47,
20. Mai 2021 20:45,66,19,47,
20. Mai 2021 21:00,87,34,53,
20. Mai 2021 21:15,62,24,38,
20. Mai 2021 21:30,41,18,23,
20. Mai 2021 21:45,43,13,30,
20. Mai 2021 22:00,40,13,27,
20. Mai 2021 22:15,26,6,20,
20. Mai 2021 22:30,39,13,26,
20. Mai 2021 22:45,39,26,13,
20. Mai 2021 23:00,20,11,9,
20. Mai 2021 23:15,28,22,6,
20. Mai 2021 23:30,10,6,4,
20. Mai 2021 23:45,9,2,7,
21. Mai 2021 00:00,8,3,5,
21. Mai 2021 00:15,9,3,6,
21. Mai 2021 00:30,4,1,3,
21. Mai 2021 00:45,9,5,4,
21. Mai 2021 01:00,11,6,5,
21. Mai 2021 01:15,13,8,5,
21. Mai 2021 01:30,5,2,3,
21. Mai 2021 01:45,8,3,5,
21. Mai 2021 02:00,9,7,2,
21. Mai 2021 02:15,3,3,0,
21. Mai 2021 02:30,2,1,1,
21. Mai 2021 02:45,4,0,4,
21. Mai 2021 03:00,5,3,2,
21. Mai 2021 03:15,1,0,1,
21. Mai 2021 03:30,1,0,1,
21. Mai 2021 03:45,2,1,1,
21. Mai 2021 04:00,0,0,0,
21. Mai 2021 04:15,0,0,0,
21. Mai 2021 04:30,7,2,5,
21. Mai 2021 04:45,2,2,0,
21. Mai 2021 05:00,2,1,1,
21. Mai 2021 05:15,7,7,0,
21. Mai 2021 05:30,13,8,5,
21. Mai 2021 05:45,20,12,8,
21. Mai 2021 06:00,19,19,0,
21. Mai 2021 06:15,35,28,7,
21. Mai 2021 06:30,30,14,16,
21. Mai 2021 06:45,59,37,22,
21. Mai 2021 07:00,62,34,28,
21. Mai 2021 07:15,136,97,39,
21. Mai 2021 07:30,266,186,80,
21. Mai 2021 07:45,160,80,80,
21. Mai 2021 08:00,128,83,45,
21. Mai 2021 08:15,144,80,64,
21. Mai 2021 08:30,155,86,69,
21. Mai 2021 08:45,152,90,62,
21. Mai 2021 09:00,140,89,51,
21. Mai 2021 09:15,150,101,49,
21. Mai 2021 09:30,156,77,79,
21. Mai 2021 09:45,118,77,41,
21. Mai 2021 10:00,103,52,51,
21. Mai 2021 10:15,105,47,58,
21. Mai 2021 10:30,104,44,60,
21. Mai 2021 10:45,88,37,51,
21. Mai 2021 11:00,96,44,52,
21. Mai 2021 11:15,106,46,60,
21. Mai 2021 11:30,65,23,42,
21. Mai 2021 11:45,72,37,35,
21. Mai 2021 12:00,75,31,44,
21. Mai 2021 12:15,136,65,71,
21. Mai 2021 12:30,126,64,62,
21. Mai 2021 12:45,112,49,63,
21. Mai 2021 13:00,241,65,176,
21. Mai 2021 13:15,127,53,74,
21. Mai 2021 13:30,112,51,61,
21. Mai 2021 13:45,121,66,55,
21. Mai 2021 14:00,129,51,78,
21. Mai 2021 14:15,126,71,55,
21. Mai 2021 14:30,106,46,60,
21. Mai 2021 14:45,99,56,43,
21. Mai 2021 15:00,85,35,50,
21. Mai 2021 15:15,113,53,60,
21. Mai 2021 15:30,96,43,53,
21. Mai 2021 15:45,105,50,55,
21. Mai 2021 16:00,81,39,42,
21. Mai 2021 16:15,101,48,53,
21. Mai 2021 16:30,94,50,44,
21. Mai 2021 16:45,115,61,54,
21. Mai 2021 17:00,84,46,38,
21. Mai 2021 17:15,89,50,39,
21. Mai 2021 17:30,91,57,34,
21. Mai 2021 17:45,93,41,52,
21. Mai 2021 18:00,88,38,50,
21. Mai 2021 18:15,91,46,45,
21. Mai 2021 18:30,68,26,42,
21. Mai 2021 18:45,64,33,31,
21. Mai 2021 19:00,56,29,27,
21. Mai 2021 19:15,44,19,25,
21. Mai 2021 19:30,52,25,27,
21. Mai 2021 19:45,44,25,19,
21. Mai 2021 20:00,53,18,35,
21. Mai 2021 20:15,44,18,26,
21. Mai 2021 20:30,37,14,23,
21. Mai 2021 20:45,39,26,13,
21. Mai 2021 21:00,27,7,20,
21. Mai 2021 21:15,35,6,29,
21. Mai 2021 21:30,17,6,11,
21. Mai 2021 21:45,15,4,11,
21. Mai 2021 22:00,29,14,15,
21. Mai 2021 22:15,16,5,11,
21. Mai 2021 22:30,6,5,1,
21. Mai 2021 22:45,22,10,12,
21. Mai 2021 23:00,14,5,9,
21. Mai 2021 23:15,8,6,2,
21. Mai 2021 23:30,10,6,4,
21. Mai 2021 23:45,14,6,8,
22. Mai 2021 00:00,19,8,11,
22. Mai 2021 00:15,6,6,0,
22. Mai 2021 00:30,12,3,9,
22. Mai 2021 00:45,9,5,4,
22. Mai 2021 01:00,4,3,1,
22. Mai 2021 01:15,11,4,7,
22. Mai 2021 01:30,7,2,5,
22. Mai 2021 01:45,4,3,1,
22. Mai 2021 02:00,8,2,6,
22. Mai 2021 02:15,2,2,0,
22. Mai 2021 02:30,5,2,3,
22. Mai 2021 02:45,7,2,5,
22. Mai 2021 03:00,0,0,0,
22. Mai 2021 03:15,4,0,4,
22. Mai 2021 03:30,1,0,1,
22. Mai 2021 03:45,3,3,0,
22. Mai 2021 04:00,2,2,0,
22. Mai 2021 04:15,3,3,0,
22. Mai 2021 04:30,5,5,0,
22. Mai 2021 04:45,8,4,4,
22. Mai 2021 05:00,1,1,0,
22. Mai 2021 05:15,5,3,2,
22. Mai 2021 05:30,2,1,1,
22. Mai 2021 05:45,14,9,5,
22. Mai 2021 06:00,11,8,3,
22. Mai 2021 06:15,9,9,0,
22. Mai 2021 06:30,11,7,4,
22. Mai 2021 06:45,10,4,6,
22. Mai 2021 07:00,6,2,4,
22. Mai 2021 07:15,21,10,11,
22. Mai 2021 07:30,23,11,12,
22. Mai 2021 07:45,23,8,15,
22. Mai 2021 08:00,36,18,18,
22. Mai 2021 08:15,40,24,16,
22. Mai 2021 08:30,60,36,24,
22. Mai 2021 08:45,72,43,29,
22. Mai 2021 09:00,74,38,36,
22. Mai 2021 09:15,99,54,45,
22. Mai 2021 09:30,94,62,32,
22. Mai 2021 09:45,96,62,34,
22. Mai 2021 10:00,97,51,46,
22. Mai 2021 10:15,114,58,56,
22. Mai 2021 10:30,119,75,44,
22. Mai 2021 10:45,136,73,63,
22. Mai 2021 11:00,133,73,60,
22. Mai 2021 11:15,153,84,69,
22. Mai 2021 11:30,147,77,70,
22. Mai 2021 11:45,138,83,55,
22. Mai 2021 12:00,146,74,72,
22. Mai 2021 12:15,128,67,61,
22. Mai 2021 12:30,169,95,74,
22. Mai 2021 12:45,165,84,81,
22. Mai 2021 13:00,177,79,98,
22. Mai 2021 13:15,153,66,87,
22. Mai 2021 13:30,153,66,87,
22. Mai 2021 13:45,181,101,80,
22. Mai 2021 14:00,155,77,78,
22. Mai 2021 14:15,160,89,71,
22. Mai 2021 14:30,184,97,87,
22. Mai 2021 14:45,194,103,91,
22. Mai 2021 15:00,180,88,92,
22. Mai 2021 15:15,181,108,73,
22. Mai 2021 15:30,131,61,70,
22. Mai 2021 15:45,143,65,78,
22. Mai 2021 16:00,183,82,101,
22. Mai 2021 16:15,125,58,67,
22. Mai 2021 16:30,149,85,64,
22. Mai 2021 16:45,160,77,83,
22. Mai 2021 17:00,155,80,75,
22. Mai 2021 17:15,139,71,68,
22. Mai 2021 17:30,148,58,90,
22. Mai 2021 17:45,190,94,96,
22. Mai 2021 18:00,175,63,112,
22. Mai 2021 18:15,177,98,79,
22. Mai 2021 18:30,166,73,93,
22. Mai 2021 18:45,143,81,62,
22. Mai 2021 19:00,129,87,42,
22. Mai 2021 19:15,90,35,55,
22. Mai 2021 19:30,105,55,50,
22. Mai 2021 19:45,115,60,55,
22. Mai 2021 20:00,99,57,42,
22. Mai 2021 20:15,96,49,47,
22. Mai 2021 20:30,84,30,54,
22. Mai 2021 20:45,120,46,74,
22. Mai 2021 21:00,85,37,48,
22. Mai 2021 21:15,67,22,45,
22. Mai 2021 21:30,57,18,39,
22. Mai 2021 21:45,63,36,27,
22. Mai 2021 22:00,41,17,24,
22. Mai 2021 22:15,81,32,49,
22. Mai 2021 22:30,51,17,34,
22. Mai 2021 22:45,28,10,18,
22. Mai 2021 23:00,46,19,27,
22. Mai 2021 23:15,26,9,17,
22. Mai 2021 23:30,38,13,25,
22. Mai 2021 23:45,26,7,19,
23. Mai 2021 00:00,18,8,10,
23. Mai 2021 00:15,17,7,10,
23. Mai 2021 00:30,28,8,20,
23. Mai 2021 00:45,23,4,19,
23. Mai 2021 01:00,16,7,9,
23. Mai 2021 01:15,25,16,9,
23. Mai 2021 01:30,26,7,19,
23. Mai 2021 01:45,10,3,7,
23. Mai 2021 02:00,13,6,7,
23. Mai 2021 02:15,8,4,4,
23. Mai 2021 02:30,11,4,7,
23. Mai 2021 02:45,9,5,4,
23. Mai 2021 03:00,5,2,3,
23. Mai 2021 03:15,5,4,1,
23. Mai 2021 03:30,6,6,0,
23. Mai 2021 03:45,2,0,2,
23. Mai 2021 04:00,5,2,3,
23. Mai 2021 04:15,1,0,1,
23. Mai 2021 04:30,5,2,3,
23. Mai 2021 04:45,4,0,4,
23. Mai 2021 05:00,3,2,1,
23. Mai 2021 05:15,0,0,0,
23. Mai 2021 05:30,6,3,3,
23. Mai 2021 05:45,7,3,4,
23. Mai 2021 06:00,9,4,5,
23. Mai 2021 06:15,10,7,3,
23. Mai 2021 06:30,7,4,3,
23. Mai 2021 06:45,5,3,2,
23. Mai 2021 07:00,6,2,4,
23. Mai 2021 07:15,9,4,5,
23. Mai 2021 07:30,3,2,1,
23. Mai 2021 07:45,7,4,3,
23. Mai 2021 08:00,12,7,5,
23. Mai 2021 08:15,14,9,5,
23. Mai 2021 08:30,5,1,4,
23. Mai 2021 08:45,23,12,11,
23. Mai 2021 09:00,23,15,8,
23. Mai 2021 09:15,27,21,6,
23. Mai 2021 09:30,45,21,24,
23. Mai 2021 09:45,59,33,26,
23. Mai 2021 10:00,40,23,17,
23. Mai 2021 10:15,61,30,31,
23. Mai 2021 10:30,74,34,40,
23. Mai 2021 10:45,79,49,30,
23. Mai 2021 11:00,68,31,37,
23. Mai 2021 11:15,94,48,46,
23. Mai 2021 11:30,111,72,39,
23. Mai 2021 11:45,86,41,45,
23. Mai 2021 12:00,90,51,39,
23. Mai 2021 12:15,122,65,57,
23. Mai 2021 12:30,113,56,57,
23. Mai 2021 12:45,120,57,63,
23. Mai 2021 13:00,100,45,55,
23. Mai 2021 13:15,127,59,68,
23. Mai 2021 13:30,93,50,43,
23. Mai 2021 13:45,137,50,87,
23. Mai 2021 14:00,112,54,58,
23. Mai 2021 14:15,118,57,61,
23. Mai 2021 14:30,135,78,57,
23. Mai 2021 14:45,149,75,74,
23. Mai 2021 15:00,147,80,67,
23. Mai 2021 15:15,154,89,65,
23. Mai 2021 15:30,118,69,49,
23. Mai 2021 15:45,109,68,41,
23. Mai 2021 16:00,168,94,74,
23. Mai 2021 16:15,155,79,76,
23. Mai 2021 16:30,105,50,55,
23. Mai 2021 16:45,153,69,84,
23. Mai 2021 17:00,139,75,64,
23. Mai 2021 17:15,126,68,58,
23. Mai 2021 17:30,130,71,59,
23. Mai 2021 17:45,167,71,96,
23. Mai 2021 18:00,119,48,71,
23. Mai 2021 18:15,138,91,47,
23. Mai 2021 18:30,135,69,66,
23. Mai 2021 18:45,112,68,44,
23. Mai 2021 19:00,139,65,74,
23. Mai 2021 19:15,109,48,61,
23. Mai 2021 19:30,108,47,61,
23. Mai 2021 19:45,97,54,43,
23. Mai 2021 20:00,87,36,51,
23. Mai 2021 20:15,91,43,48,
23. Mai 2021 20:30,91,43,48,
23. Mai 2021 20:45,72,34,38,
23. Mai 2021 21:00,64,26,38,
23. Mai 2021 21:15,96,42,54,
23. Mai 2021 21:30,59,22,37,
23. Mai 2021 21:45,51,15,36,
23. Mai 2021 22:00,32,10,22,
23. Mai 2021 22:15,53,17,36,
23. Mai 2021 22:30,15,5,10,
23. Mai 2021 22:45,30,11,19,
23. Mai 2021 23:00,41,12,29,
23. Mai 2021 23:15,21,6,15,
23. Mai 2021 23:30,14,8,6,
23. Mai 2021 23:45,23,8,15,
24. Mai 2021 00:00,15,4,11,
24. Mai 2021 00:15,14,8,6,
24. Mai 2021 00:30,11,3,8,
24. Mai 2021 00:45,11,5,6,
24. Mai 2021 01:00,19,7,12,
24. Mai 2021 01:15,11,6,5,
24. Mai 2021 01:30,8,4,4,
24. Mai 2021 01:45,3,0,3,
24. Mai 2021 02:00,7,3,4,
24. Mai 2021 02:15,9,4,5,
24. Mai 2021 02:30,2,0,2,
24. Mai 2021 02:45,2,0,2,
24. Mai 2021 03:00,5,5,0,
24. Mai 2021 03:15,2,1,1,
24. Mai 2021 03:30,0,0,0,
24. Mai 2021 03:45,7,2,5,
24. Mai 2021 04:00,3,1,2,
24. Mai 2021 04:15,9,5,4,
24. Mai 2021 04:30,2,1,1,
24. Mai 2021 04:45,1,1,0,
24. Mai 2021 05:00,2,2,0,
24. Mai 2021 05:15,2,2,0,
24. Mai 2021 05:30,2,1,1,
24. Mai 2021 05:45,7,4,3,
24. Mai 2021 06:00,6,6,0,
24. Mai 2021 06:15,4,3,1,
24. Mai 2021 06:30,10,9,1,
24. Mai 2021 06:45,9,5,4,
24. Mai 2021 07:00,3,3,0,
24. Mai 2021 07:15,9,6,3,
24. Mai 2021 07:30,11,3,8,
24. Mai 2021 07:45,13,10,3,
24. Mai 2021 08:00,9,3,6,
24. Mai 2021 08:15,19,11,8,
24. Mai 2021 08:30,20,8,12,
24. Mai 2021 08:45,43,29,14,
24. Mai 2021 09:00,33,18,15,
24. Mai 2021 09:15,35,17,18,
24. Mai 2021 09:30,42,15,27,
24. Mai 2021 09:45,63,37,26,
24. Mai 2021 10:00,62,34,28,
24. Mai 2021 10:15,63,38,25,
24. Mai 2021 10:30,62,36,26,
24. Mai 2021 10:45,93,49,44,
24. Mai 2021 11:00,71,38,33,
24. Mai 2021 11:15,64,31,33,
24. Mai 2021 11:30,92,46,46,
24. Mai 2021 11:45,98,55,43,
24. Mai 2021 12:00,49,33,16,
24. Mai 2021 12:15,94,46,48,
24. Mai 2021 12:30,76,39,37,
24. Mai 2021 12:45,97,46,51,
24. Mai 2021 13:00,91,50,41,
24. Mai 2021 13:15,102,62,40,
24. Mai 2021 13:30,82,55,27,
24. Mai 2021 13:45,107,49,58,
24. Mai 2021 14:00,99,37,62,
24. Mai 2021 14:15,86,41,45,
24. Mai 2021 14:30,104,62,42,
24. Mai 2021 14:45,122,62,60,
24. Mai 2021 15:00,128,72,56,
24. Mai 2021 15:15,114,47,67,
24. Mai 2021 15:30,111,42,69,
24. Mai 2021 15:45,94,49,45,
24. Mai 2021 16:00,68,35,33,
24. Mai 2021 16:15,83,34,49,
24. Mai 2021 16:30,61,28,33,
24. Mai 2021 16:45,74,34,40,
24. Mai 2021 17:00,66,20,46,
24. Mai 2021 17:15,61,29,32,
24. Mai 2021 17:30,91,42,49,
24. Mai 2021 17:45,58,28,30,
24. Mai 2021 18:00,61,24,37,
24. Mai 2021 18:15,42,24,18,
24. Mai 2021 18:30,66,35,31,
24. Mai 2021 18:45,77,40,37,
24. Mai 2021 19:00,55,22,33,
24. Mai 2021 19:15,55,21,34,
24. Mai 2021 19:30,58,27,31,
24. Mai 2021 19:45,65,29,36,
24. Mai 2021 20:00,55,27,28,
24. Mai 2021 20:15,59,31,28,
24. Mai 2021 20:30,33,15,18,
24. Mai 2021 20:45,42,10,32,
24. Mai 2021 21:00,33,13,20,
24. Mai 2021 21:15,35,18,17,
24. Mai 2021 21:30,24,9,15,
24. Mai 2021 21:45,23,14,9,
24. Mai 2021 22:00,19,12,7,
24. Mai 2021 22:15,16,11,5,
24. Mai 2021 22:30,17,7,10,
24. Mai 2021 22:45,14,7,7,
24. Mai 2021 23:00,15,8,7,
24. Mai 2021 23:15,6,5,1,
24. Mai 2021 23:30,15,4,11,
24. Mai 2021 23:45,10,4,6,
25. Mai 2021 00:00,8,2,6,
25. Mai 2021 00:15,4,2,2,
25. Mai 2021 00:30,8,3,5,
25. Mai 2021 00:45,7,6,1,
25. Mai 2021 01:00,3,0,3,
25. Mai 2021 01:15,4,1,3,
25. Mai 2021 01:30,1,0,1,
25. Mai 2021 01:45,3,3,0,
25. Mai 2021 02:00,2,2,0,
25. Mai 2021 02:15,2,0,2,
25. Mai 2021 02:30,6,5,1,
25. Mai 2021 02:45,6,5,1,
25. Mai 2021 03:00,1,1,0,
25. Mai 2021 03:15,1,0,1,
25. Mai 2021 03:30,0,0,0,
25. Mai 2021 03:45,2,1,1,
25. Mai 2021 04:00,1,0,1,
25. Mai 2021 04:15,1,1,0,
25. Mai 2021 04:30,2,1,1,
25. Mai 2021 04:45,3,3,0,
25. Mai 2021 05:00,4,3,1,
25. Mai 2021 05:15,6,5,1,
25. Mai 2021 05:30,11,7,4,
25. Mai 2021 05:45,21,14,7,
25. Mai 2021 06:00,30,20,10,
25. Mai 2021 06:15,31,24,7,
25. Mai 2021 06:30,55,29,26,
25. Mai 2021 06:45,53,36,17,
25. Mai 2021 07:00,46,26,20,
25. Mai 2021 07:15,71,45,26,
25. Mai 2021 07:30,75,53,22,
25. Mai 2021 07:45,115,66,49,
25. Mai 2021 08:00,92,45,47,
25. Mai 2021 08:15,126,72,54,
25. Mai 2021 08:30,129,81,48,
25. Mai 2021 08:45,114,63,51,
25. Mai 2021 09:00,67,33,34,
25. Mai 2021 09:15,102,64,38,
25. Mai 2021 09:30,143,76,67,
25. Mai 2021 09:45,119,72,47,
25. Mai 2021 10:00,90,50,40,
25. Mai 2021 10:15,105,60,45,
25. Mai 2021 10:30,105,58,47,
25. Mai 2021 10:45,110,56,54,
25. Mai 2021 11:00,106,66,40,
25. Mai 2021 11:15,122,61,61,
25. Mai 2021 11:30,119,50,69,
25. Mai 2021 11:45,127,68,59,
25. Mai 2021 12:00,97,46,51,
25. Mai 2021 12:15,134,76,58,
25. Mai 2021 12:30,125,57,68,
25. Mai 2021 12:45,127,62,65,
25. Mai 2021 13:00,143,60,83,
25. Mai 2021 13:15,117,50,67,
25. Mai 2021 13:30,119,75,44,
25. Mai 2021 13:45,131,71,60,
25. Mai 2021 14:00,120,66,54,
25. Mai 2021 14:15,148,88,60,
25. Mai 2021 14:30,156,78,78,
25. Mai 2021 14:45,176,99,77,
25. Mai 2021 15:00,118,65,53,
25. Mai 2021 15:15,185,93,92,
25. Mai 2021 15:30,179,93,86,
25. Mai 2021 15:45,159,58,101,
25. Mai 2021 16:00,168,71,97,
25. Mai 2021 16:15,178,109,69,
25. Mai 2021 16:30,179,84,95,
25. Mai 2021 16:45,184,95,89,
25. Mai 2021 17:00,212,97,115,
25. Mai 2021 17:15,203,90,113,
25. Mai 2021 17:30,216,120,96,
25. Mai 2021 17:45,201,112,89,
25. Mai 2021 18:00,188,86,102,
25. Mai 2021 18:15,179,85,94,
25. Mai 2021 18:30,184,80,104,
25. Mai 2021 18:45,182,67,115,
25. Mai 2021 19:00,147,47,100,
25. Mai 2021 19:15,134,69,65,
25. Mai 2021 19:30,102,46,56,
25. Mai 2021 19:45,108,40,68,
25. Mai 2021 20:00,93,42,51,
25. Mai 2021 20:15,115,40,75,
25. Mai 2021 20:30,83,30,53,
25. Mai 2021 20:45,74,35,39,
25. Mai 2021 21:00,61,26,35,
25. Mai 2021 21:15,74,42,32,
25. Mai 2021 21:30,63,28,35,
25. Mai 2021 21:45,55,22,33,
25. Mai 2021 22:00,44,15,29,
25. Mai 2021 22:15,30,13,17,
25. Mai 2021 22:30,28,13,15,
25. Mai 2021 22:45,16,3,13,
25. Mai 2021 23:00,24,12,12,
25. Mai 2021 23:15,15,5,10,
25. Mai 2021 23:30,17,7,10,
25. Mai 2021 23:45,19,9,10,
26. Mai 2021 00:00,21,10,11,
26. Mai 2021 00:15,11,4,7,
26. Mai 2021 00:30,6,4,2,
26. Mai 2021 00:45,9,5,4,
26. Mai 2021 01:00,7,3,4,
26. Mai 2021 01:15,1,1,0,
26. Mai 2021 01:30,7,1,6,
26. Mai 2021 01:45,2,2,0,
26. Mai 2021 02:00,0,0,0,
26. Mai 2021 02:15,6,4,2,
26. Mai 2021 02:30,1,1,0,
26. Mai 2021 02:45,2,0,2,
26. Mai 2021 03:00,1,1,0,
26. Mai 2021 03:15,3,1,2,
26. Mai 2021 03:30,2,2,0,
26. Mai 2021 03:45,0,0,0,
26. Mai 2021 04:00,2,2,0,
26. Mai 2021 04:15,3,1,2,
26. Mai 2021 04:30,1,1,0,
26. Mai 2021 04:45,4,2,2,
26. Mai 2021 05:00,3,2,1,
26. Mai 2021 05:15,8,5,3,
26. Mai 2021 05:30,16,8,8,
26. Mai 2021 05:45,20,12,8,
26. Mai 2021 06:00,26,17,9,
26. Mai 2021 06:15,28,19,9,
26. Mai 2021 06:30,50,29,21,
26. Mai 2021 06:45,43,23,20,
26. Mai 2021 07:00,46,24,22,
26. Mai 2021 07:15,66,33,33,
26. Mai 2021 07:30,67,36,31,
26. Mai 2021 07:45,121,63,58,
26. Mai 2021 08:00,98,52,46,
26. Mai 2021 08:15,111,60,51,
26. Mai 2021 08:30,126,66,60,
26. Mai 2021 08:45,143,87,56,
26. Mai 2021 09:00,112,66,46,
26. Mai 2021 09:15,118,68,50,
26. Mai 2021 09:30,119,59,60,
26. Mai 2021 09:45,108,64,44,
26. Mai 2021 10:00,115,54,61,
26. Mai 2021 10:15,126,75,51,
26. Mai 2021 10:30,106,69,37,
26. Mai 2021 10:45,102,55,47,
26. Mai 2021 11:00,126,62,64,
26. Mai 2021 11:15,102,45,57,
26. Mai 2021 11:30,139,70,69,
26. Mai 2021 11:45,124,53,71,
26. Mai 2021 12:00,145,66,79,
26. Mai 2021 12:15,131,60,71,
26. Mai 2021 12:30,127,49,78,
26. Mai 2021 12:45,150,88,62,
26. Mai 2021 13:00,140,72,68,
26. Mai 2021 13:15,154,71,83,
26. Mai 2021 13:30,114,68,46,
26. Mai 2021 13:45,128,66,62,
26. Mai 2021 14:00,124,57,67,
26. Mai 2021 14:15,133,74,59,
26. Mai 2021 14:30,126,48,78,
26. Mai 2021 14:45,139,69,70,
26. Mai 2021 15:00,135,64,71,
26. Mai 2021 15:15,160,86,74,
26. Mai 2021 15:30,146,72,74,
26. Mai 2021 15:45,148,65,83,
26. Mai 2021 16:00,126,59,67,
26. Mai 2021 16:15,138,61,77,
26. Mai 2021 16:30,121,62,59,
26. Mai 2021 16:45,150,78,72,
26. Mai 2021 17:00,148,69,79,
26. Mai 2021 17:15,167,73,94,
26. Mai 2021 17:30,163,63,100,
26. Mai 2021 17:45,167,89,78,
26. Mai 2021 18:00,142,60,82,
26. Mai 2021 18:15,156,69,87,
26. Mai 2021 18:30,115,51,64,
26. Mai 2021 18:45,133,67,66,
26. Mai 2021 19:00,117,57,60,
26. Mai 2021 19:15,84,40,44,
26. Mai 2021 19:30,83,34,49,
26. Mai 2021 19:45,67,21,46,
26. Mai 2021 20:00,67,26,41,
26. Mai 2021 20:15,63,27,36,
26. Mai 2021 20:30,54,20,34,
26. Mai 2021 20:45,75,29,46,
26. Mai 2021 21:00,44,21,23,
26. Mai 2021 21:15,39,14,25,
26. Mai 2021 21:30,33,12,21,
26. Mai 2021 21:45,31,11,20,
26. Mai 2021 22:00,20,12,8,
26. Mai 2021 22:15,22,13,9,
26. Mai 2021 22:30,26,18,8,
26. Mai 2021 22:45,18,10,8,
26. Mai 2021 23:00,11,4,7,
26. Mai 2021 23:15,13,3,10,
26. Mai 2021 23:30,12,6,6,
26. Mai 2021 23:45,18,9,9,
27. Mai 2021 00:00,14,7,7,
27. Mai 2021 00:15,10,4,6,
27. Mai 2021 00:30,6,4,2,
27. Mai 2021 00:45,1,1,0,
27. Mai 2021 01:00,1,0,1,
27. Mai 2021 01:15,5,3,2,
27. Mai 2021 01:30,4,2,2,
27. Mai 2021 01:45,0,0,0,
27. Mai 2021 02:00,4,2,2,
27. Mai 2021 02:15,4,4,0,
27. Mai 2021 02:30,2,1,1,
27. Mai 2021 02:45,3,2,1,
27. Mai 2021 03:00,0,0,0,
27. Mai 2021 03:15,1,1,0,
27. Mai 2021 03:30,3,3,0,
27. Mai 2021 03:45,3,0,3,
27. Mai 2021 04:00,2,1,1,
27. Mai 2021 04:15,2,1,1,
27. Mai 2021 04:30,1,0,1,
27. Mai 2021 04:45,4,3,1,
27. Mai 2021 05:00,4,3,1,
27. Mai 2021 05:15,1,0,1,
27. Mai 2021 05:30,8,4,4,
27. Mai 2021 05:45,12,8,4,
27. Mai 2021 06:00,13,10,3,
27. Mai 2021 06:15,25,18,7,
27. Mai 2021 06:30,30,18,12,
27. Mai 2021 06:45,36,17,19,
27. Mai 2021 07:00,33,17,16,
27. Mai 2021 07:15,51,32,19,
27. Mai 2021 07:30,57,38,19,
27. Mai 2021 07:45,107,57,50,
27. Mai 2021 08:00,71,35,36,
27. Mai 2021 08:15,64,29,35,
27. Mai 2021 08:30,92,55,37,
27. Mai 2021 08:45,110,67,43,
27. Mai 2021 09:00,82,51,31,
27. Mai 2021 09:15,69,40,29,
27. Mai 2021 09:30,67,28,39,
27. Mai 2021 09:45,73,40,33,
27. Mai 2021 10:00,55,31,24,
27. Mai 2021 10:15,55,37,18,
27. Mai 2021 10:30,72,45,27,
27. Mai 2021 10:45,79,50,29,
27. Mai 2021 11:00,53,30,23,
27. Mai 2021 11:15,49,31,18,
27. Mai 2021 11:30,53,24,29,
27. Mai 2021 11:45,62,34,28,
27. Mai 2021 12:00,63,22,41,
27. Mai 2021 12:15,59,29,30,
27. Mai 2021 12:30,65,31,34,
27. Mai 2021 12:45,79,33,46,
27. Mai 2021 13:00,68,25,43,
27. Mai 2021 13:15,64,33,31,
27. Mai 2021 13:30,55,25,30,
27. Mai 2021 13:45,96,59,37,
27. Mai 2021 14:00,108,58,50,
27. Mai 2021 14:15,105,69,36,
27. Mai 2021 14:30,165,97,68,
27. Mai 2021 14:45,132,72,60,
27. Mai 2021 15:00,122,65,57,
27. Mai 2021 15:15,108,61,47,
27. Mai 2021 15:30,114,57,57,
27. Mai 2021 15:45,156,85,71,
27. Mai 2021 16:00,138,77,61,
27. Mai 2021 16:15,127,71,56,
27. Mai 2021 16:30,194,92,102,
27. Mai 2021 16:45,176,96,80,
27. Mai 2021 17:00,163,74,89,
27. Mai 2021 17:15,172,79,93,
27. Mai 2021 17:30,201,107,94,
27. Mai 2021 17:45,192,71,121,
27. Mai 2021 18:00,165,79,86,
27. Mai 2021 18:15,201,93,108,
27. Mai 2021 18:30,167,77,90,
27. Mai 2021 18:45,132,54,78,
27. Mai 2021 19:00,129,52,77,
27. Mai 2021 19:15,113,53,60,
27. Mai 2021 19:30,131,85,46,
27. Mai 2021 19:45,113,64,49,
27. Mai 2021 20:00,104,51,53,
27. Mai 2021 20:15,78,34,44,
27. Mai 2021 20:30,80,39,41,
27. Mai 2021 20:45,72,35,37,
27. Mai 2021 21:00,73,31,42,
27. Mai 2021 21:15,68,25,43,
27. Mai 2021 21:30,55,22,33,
27. Mai 2021 21:45,54,22,32,
27. Mai 2021 22:00,47,17,30,
27. Mai 2021 22:15,33,14,19,
27. Mai 2021 22:30,37,14,23,
27. Mai 2021 22:45,35,15,20,
27. Mai 2021 23:00,17,5,12,
27. Mai 2021 23:15,21,7,14,
27. Mai 2021 23:30,25,15,10,
27. Mai 2021 23:45,18,9,9,
28. Mai 2021 00:00,16,8,8,
28. Mai 2021 00:15,12,4,8,
28. Mai 2021 00:30,9,5,4,
28. Mai 2021 00:45,15,3,12,
28. Mai 2021 01:00,8,1,7,
28. Mai 2021 01:15,9,7,2,
28. Mai 2021 01:30,7,2,5,
28. Mai 2021 01:45,4,3,1,
28. Mai 2021 02:00,2,0,2,
28. Mai 2021 02:15,7,5,2,
28. Mai 2021 02:30,5,2,3,
28. Mai 2021 02:45,2,1,1,
28. Mai 2021 03:00,0,0,0,
28. Mai 2021 03:15,2,1,1,
28. Mai 2021 03:30,1,0,1,
28. Mai 2021 03:45,1,1,0,
28. Mai 2021 04:00,3,0,3,
28. Mai 2021 04:15,2,2,0,
28. Mai 2021 04:30,3,3,0,
28. Mai 2021 04:45,1,1,0,
28. Mai 2021 05:00,7,5,2,
28. Mai 2021 05:15,7,3,4,
28. Mai 2021 05:30,10,6,4,
28. Mai 2021 05:45,17,11,6,
28. Mai 2021 06:00,22,13,9,
28. Mai 2021 06:15,33,24,9,
28. Mai 2021 06:30,41,27,14,
28. Mai 2021 06:45,46,22,24,
28. Mai 2021 07:00,53,29,24,
28. Mai 2021 07:15,70,40,30,
28. Mai 2021 07:30,88,45,43,
28. Mai 2021 07:45,139,80,59,
28. Mai 2021 08:00,85,46,39,
28. Mai 2021 08:15,124,71,53,
28. Mai 2021 08:30,126,81,45,
28. Mai 2021 08:45,135,77,58,
28. Mai 2021 09:00,107,67,40,
28. Mai 2021 09:15,113,65,48,
28. Mai 2021 09:30,121,77,44,
28. Mai 2021 09:45,175,102,73,
28. Mai 2021 10:00,136,73,63,
28. Mai 2021 10:15,152,81,71,
28. Mai 2021 10:30,144,89,55,
28. Mai 2021 10:45,157,81,76,
28. Mai 2021 11:00,162,93,69,
28. Mai 2021 11:15,155,81,74,
28. Mai 2021 11:30,132,66,66,
28. Mai 2021 11:45,154,75,79,
28. Mai 2021 12:00,181,103,78,
28. Mai 2021 12:15,175,93,82,
28. Mai 2021 12:30,0,0,0,
28. Mai 2021 12:45,0,0,0,
28. Mai 2021 13:00,0,0,0,
28. Mai 2021 13:15,0,0,0,
28. Mai 2021 13:30,0,0,0,
28. Mai 2021 13:45,0,0,0,
28. Mai 2021 14:00,0,0,0,
28. Mai 2021 14:15,0,0,0,
28. Mai 2021 14:30,0,0,0,
28. Mai 2021 14:45,0,0,0,
28. Mai 2021 15:00,0,0,0,
28. Mai 2021 15:15,0,0,0,
28. Mai 2021 15:30,0,0,0,
28. Mai 2021 15:45,0,0,0,
28. Mai 2021 16:00,0,0,0,
28. Mai 2021 16:15,0,0,0,
28. Mai 2021 16:30,0,0,0,
28. Mai 2021 16:45,0,0,0,
28. Mai 2021 17:00,0,0,0,
28. Mai 2021 17:15,0,0,0,
28. Mai 2021 17:30,0,0,0,
28. Mai 2021 17:45,0,0,0,
28. Mai 2021 18:00,0,0,0,
28. Mai 2021 18:15,0,0,0,
28. Mai 2021 18:30,0,0,0,
28. Mai 2021 18:45,0,0,0,
28. Mai 2021 19:00,0,0,0,
28. Mai 2021 19:15,0,0,0,
28. Mai 2021 19:30,0,0,0,
28. Mai 2021 19:45,0,0,0,
28. Mai 2021 20:00,0,0,0,
28. Mai 2021 20:15,0,0,0,
28. Mai 2021 20:30,0,0,0,
28. Mai 2021 20:45,0,0,0,
28. Mai 2021 21:00,0,0,0,
28. Mai 2021 21:15,0,0,0,
28. Mai 2021 21:30,0,0,0,
28. Mai 2021 21:45,0,0,0,
28. Mai 2021 22:00,0,0,0,
28. Mai 2021 22:15,0,0,0,
28. Mai 2021 22:30,0,0,0,
28. Mai 2021 22:45,0,0,0,
28. Mai 2021 23:00,0,0,0,
28. Mai 2021 23:15,0,0,0,
28. Mai 2021 23:30,0,0,0,
28. Mai 2021 23:45,0,0,0,
29. Mai 2021 00:00,0,0,0,
29. Mai 2021 00:15,0,0,0,
29. Mai 2021 00:30,0,0,0,
29. Mai 2021 00:45,0,0,0,
29. Mai 2021 01:00,0,0,0,
29. Mai 2021 01:15,0,0,0,
29. Mai 2021 01:30,0,0,0,
29. Mai 2021 01:45,0,0,0,
29. Mai 2021 02:00,0,0,0,
29. Mai 2021 02:15,0,0,0,
29. Mai 2021 02:30,0,0,0,
29. Mai 2021 02:45,0,0,0,
29. Mai 2021 03:00,0,0,0,
29. Mai 2021 03:15,0,0,0,
29. Mai 2021 03:30,0,0,0,
29. Mai 2021 03:45,0,0,0,
29. Mai 2021 04:00,0,0,0,
29. Mai 2021 04:15,0,0,0,
29. Mai 2021 04:30,0,0,0,
29. Mai 2021 04:45,0,0,0,
29. Mai 2021 05:00,0,0,0,
29. Mai 2021 05:15,0,0,0,
29. Mai 2021 05:30,0,0,0,
29. Mai 2021 05:45,0,0,0,
29. Mai 2021 06:00,0,0,0,
29. Mai 2021 06:15,0,0,0,
29. Mai 2021 06:30,0,0,0,
29. Mai 2021 06:45,0,0,0,
29. Mai 2021 07:00,0,0,0,
29. Mai 2021 07:15,0,0,0,
29. Mai 2021 07:30,0,0,0,
29. Mai 2021 07:45,0,0,0,
29. Mai 2021 08:00,0,0,0,
29. Mai 2021 08:15,0,0,0,
29. Mai 2021 08:30,0,0,0,
29. Mai 2021 08:45,0,0,0,
29. Mai 2021 09:00,0,0,0,
29. Mai 2021 09:15,0,0,0,
29. Mai 2021 09:30,0,0,0,
29. Mai 2021 09:45,0,0,0,
29. Mai 2021 10:00,0,0,0,
29. Mai 2021 10:15,0,0,0,
29. Mai 2021 10:30,0,0,0,
29. Mai 2021 10:45,0,0,0,
29. Mai 2021 11:00,0,0,0,
29. Mai 2021 11:15,0,0,0,
29. Mai 2021 11:30,0,0,0,
29. Mai 2021 11:45,0,0,0,
29. Mai 2021 12:00,0,0,0,
29. Mai 2021 12:15,0,0,0,
29. Mai 2021 12:30,0,0,0,
29. Mai 2021 12:45,0,0,0,
29. Mai 2021 13:00,0,0,0,
29. Mai 2021 13:15,0,0,0,
29. Mai 2021 13:30,0,0,0,
29. Mai 2021 13:45,0,0,0,
29. Mai 2021 14:00,0,0,0,
29. Mai 2021 14:15,0,0,0,
29. Mai 2021 14:30,0,0,0,
29. Mai 2021 14:45,0,0,0,
29. Mai 2021 15:00,0,0,0,
29. Mai 2021 15:15,0,0,0,
29. Mai 2021 15:30,0,0,0,
29. Mai 2021 15:45,0,0,0,
29. Mai 2021 16:00,0,0,0,
29. Mai 2021 16:15,0,0,0,
29. Mai 2021 16:30,0,0,0,
29. Mai 2021 16:45,0,0,0,
29. Mai 2021 17:00,0,0,0,
29. Mai 2021 17:15,0,0,0,
29. Mai 2021 17:30,0,0,0,
29. Mai 2021 17:45,0,0,0,
29. Mai 2021 18:00,0,0,0,
29. Mai 2021 18:15,0,0,0,
29. Mai 2021 18:30,0,0,0,
29. Mai 2021 18:45,0,0,0,
29. Mai 2021 19:00,0,0,0,
29. Mai 2021 19:15,0,0,0,
29. Mai 2021 19:30,0,0,0,
29. Mai 2021 19:45,0,0,0,
29. Mai 2021 20:00,0,0,0,
29. Mai 2021 20:15,0,0,0,
29. Mai 2021 20:30,0,0,0,
29. Mai 2021 20:45,0,0,0,
29. Mai 2021 21:00,0,0,0,
29. Mai 2021 21:15,0,0,0,
29. Mai 2021 21:30,0,0,0,
29. Mai 2021 21:45,0,0,0,
29. Mai 2021 22:00,0,0,0,
29. Mai 2021 22:15,0,0,0,
29. Mai 2021 22:30,0,0,0,
29. Mai 2021 22:45,0,0,0,
29. Mai 2021 23:00,0,0,0,
29. Mai 2021 23:15,0,0,0,
29. Mai 2021 23:30,0,0,0,
29. Mai 2021 23:45,0,0,0,
30. Mai 2021 00:00,0,0,0,
30. Mai 2021 00:15,0,0,0,
30. Mai 2021 00:30,0,0,0,
30. Mai 2021 00:45,0,0,0,
30. Mai 2021 01:00,0,0,0,
30. Mai 2021 01:15,0,0,0,
30. Mai 2021 01:30,0,0,0,
30. Mai 2021 01:45,0,0,0,
30. Mai 2021 02:00,0,0,0,
30. Mai 2021 02:15,0,0,0,
30. Mai 2021 02:30,0,0,0,
30. Mai 2021 02:45,0,0,0,
30. Mai 2021 03:00,0,0,0,
30. Mai 2021 03:15,0,0,0,
30. Mai 2021 03:30,0,0,0,
30. Mai 2021 03:45,0,0,0,
30. Mai 2021 04:00,0,0,0,
30. Mai 2021 04:15,0,0,0,
30. Mai 2021 04:30,0,0,0,
30. Mai 2021 04:45,0,0,0,
30. Mai 2021 05:00,0,0,0,
30. Mai 2021 05:15,0,0,0,
30. Mai 2021 05:30,0,0,0,
30. Mai 2021 05:45,0,0,0,
30. Mai 2021 06:00,0,0,0,
30. Mai 2021 06:15,0,0,0,
30. Mai 2021 06:30,0,0,0,
30. Mai 2021 06:45,0,0,0,
30. Mai 2021 07:00,0,0,0,
30. Mai 2021 07:15,0,0,0,
30. Mai 2021 07:30,0,0,0,
30. Mai 2021 07:45,0,0,0,
30. Mai 2021 08:00,0,0,0,
30. Mai 2021 08:15,0,0,0,
30. Mai 2021 08:30,0,0,0,
30. Mai 2021 08:45,0,0,0,
30. Mai 2021 09:00,0,0,0,
30. Mai 2021 09:15,0,0,0,
30. Mai 2021 09:30,0,0,0,
30. Mai 2021 09:45,0,0,0,
30. Mai 2021 10:00,0,0,0,
30. Mai 2021 10:15,0,0,0,
30. Mai 2021 10:30,0,0,0,
30. Mai 2021 10:45,0,0,0,
30. Mai 2021 11:00,0,0,0,
30. Mai 2021 11:15,0,0,0,
30. Mai 2021 11:30,0,0,0,
30. Mai 2021 11:45,0,0,0,
30. Mai 2021 12:00,0,0,0,
30. Mai 2021 12:15,0,0,0,
30. Mai 2021 12:30,0,0,0,
30. Mai 2021 12:45,0,0,0,
30. Mai 2021 13:00,0,0,0,
30. Mai 2021 13:15,0,0,0,
30. Mai 2021 13:30,0,0,0,
30. Mai 2021 13:45,0,0,0,
30. Mai 2021 14:00,0,0,0,
30. Mai 2021 14:15,0,0,0,
30. Mai 2021 14:30,0,0,0,
30. Mai 2021 14:45,0,0,0,
30. Mai 2021 15:00,0,0,0,
30. Mai 2021 15:15,0,0,0,
30. Mai 2021 15:30,0,0,0,
30. Mai 2021 15:45,0,0,0,
30. Mai 2021 16:00,0,0,0,
30. Mai 2021 16:15,0,0,0,
30. Mai 2021 16:30,0,0,0,
30. Mai 2021 16:45,0,0,0,
30. Mai 2021 17:00,0,0,0,
30. Mai 2021 17:15,0,0,0,
30. Mai 2021 17:30,0,0,0,
30. Mai 2021 17:45,0,0,0,
30. Mai 2021 18:00,0,0,0,
30. Mai 2021 18:15,0,0,0,
30. Mai 2021 18:30,0,0,0,
30. Mai 2021 18:45,0,0,0,
30. Mai 2021 19:00,0,0,0,
30. Mai 2021 19:15,0,0,0,
30. Mai 2021 19:30,0,0,0,
30. Mai 2021 19:45,0,0,0,
30. Mai 2021 20:00,0,0,0,
30. Mai 2021 20:15,0,0,0,
30. Mai 2021 20:30,0,0,0,
30. Mai 2021 20:45,0,0,0,
30. Mai 2021 21:00,0,0,0,
30. Mai 2021 21:15,0,0,0,
30. Mai 2021 21:30,0,0,0,
30. Mai 2021 21:45,0,0,0,
30. Mai 2021 22:00,0,0,0,
30. Mai 2021 22:15,0,0,0,
30. Mai 2021 22:30,0,0,0,
30. Mai 2021 22:45,0,0,0,
30. Mai 2021 23:00,0,0,0,
30. Mai 2021 23:15,0,0,0,
30. Mai 2021 23:30,0,0,0,
30. Mai 2021 23:45,0,0,0,
31. Mai 2021 00:00,0,0,0,
31. Mai 2021 00:15,0,0,0,
31. Mai 2021 00:30,0,0,0,
31. Mai 2021 00:45,0,0,0,
31. Mai 2021 01:00,0,0,0,
31. Mai 2021 01:15,0,0,0,
31. Mai 2021 01:30,0,0,0,
31. Mai 2021 01:45,0,0,0,
31. Mai 2021 02:00,0,0,0,
31. Mai 2021 02:15,0,0,0,
31. Mai 2021 02:30,0,0,0,
31. Mai 2021 02:45,0,0,0,
31. Mai 2021 03:00,0,0,0,
31. Mai 2021 03:15,0,0,0,
31. Mai 2021 03:30,0,0,0,
31. Mai 2021 03:45,0,0,0,
31. Mai 2021 04:00,0,0,0,
31. Mai 2021 04:15,0,0,0,
31. Mai 2021 04:30,0,0,0,
31. Mai 2021 04:45,0,0,0,
31. Mai 2021 05:00,0,0,0,
31. Mai 2021 05:15,0,0,0,
31. Mai 2021 05:30,0,0,0,
31. Mai 2021 05:45,0,0,0,
31. Mai 2021 06:00,0,0,0,
31. Mai 2021 06:15,0,0,0,
31. Mai 2021 06:30,0,0,0,
31. Mai 2021 06:45,0,0,0,
31. Mai 2021 07:00,0,0,0,
31. Mai 2021 07:15,0,0,0,
31. Mai 2021 07:30,0,0,0,
31. Mai 2021 07:45,0,0,0,
31. Mai 2021 08:00,0,0,0,
31. Mai 2021 08:15,0,0,0,
31. Mai 2021 08:30,0,0,0,
31. Mai 2021 08:45,0,0,0,
31. Mai 2021 09:00,0,0,0,
31. Mai 2021 09:15,0,0,0,
31. Mai 2021 09:30,0,0,0,
31. Mai 2021 09:45,0,0,0,
31. Mai 2021 10:00,0,0,0,
31. Mai 2021 10:15,0,0,0,
31. Mai 2021 10:30,0,0,0,
31. Mai 2021 10:45,0,0,0,
31. Mai 2021 11:00,0,0,0,
31. Mai 2021 11:15,0,0,0,
31. Mai 2021 11:30,0,0,0,
31. Mai 2021 11:45,0,0,0,
31. Mai 2021 12:00,0,0,0,
31. Mai 2021 12:15,0,0,0,
31. Mai 2021 12:30,0,0,0,
31. Mai 2021 12:45,0,0,0,
31. Mai 2021 13:00,0,0,0,
31. Mai 2021 13:15,0,0,0,
31. Mai 2021 13:30,0,0,0,
31. Mai 2021 13:45,0,0,0,
31. Mai 2021 14:00,0,0,0,
31. Mai 2021 14:15,0,0,0,
31. Mai 2021 14:30,0,0,0,
31. Mai 2021 14:45,0,0,0,
31. Mai 2021 15:00,0,0,0,
31. Mai 2021 15:15,0,0,0,
31. Mai 2021 15:30,0,0,0,
31. Mai 2021 15:45,0,0,0,
31. Mai 2021 16:00,0,0,0,
31. Mai 2021 16:15,0,0,0,
31. Mai 2021 16:30,0,0,0,
31. Mai 2021 16:45,0,0,0,
31. Mai 2021 17:00,0,0,0,
31. Mai 2021 17:15,0,0,0,
31. Mai 2021 17:30,0,0,0,
31. Mai 2021 17:45,0,0,0,
31. Mai 2021 18:00,0,0,0,
31. Mai 2021 18:15,0,0,0,
31. Mai 2021 18:30,0,0,0,
31. Mai 2021 18:45,0,0,0,
31. Mai 2021 19:00,0,0,0,
31. Mai 2021 19:15,0,0,0,
31. Mai 2021 19:30,0,0,0,
31. Mai 2021 19:45,0,0,0,
31. Mai 2021 20:00,0,0,0,
31. Mai 2021 20:15,0,0,0,
31. Mai 2021 20:30,0,0,0,
31. Mai 2021 20:45,0,0,0,
31. Mai 2021 21:00,0,0,0,
31. Mai 2021 21:15,0,0,0,
31. Mai 2021 21:30,0,0,0,
31. Mai 2021 21:45,0,0,0,
31. Mai 2021 22:00,0,0,0,
31. Mai 2021 22:15,0,0,0,
31. Mai 2021 22:30,0,0,0,
31. Mai 2021 22:45,0,0,0,
31. Mai 2021 23:00,0,0,0,
31. Mai 2021 23:15,0,0,0,
31. Mai 2021 23:30,0,0,0,
31. Mai 2021 23:45,0,0,0,
1. Jun. 2021 00:00,0,0,0,
1. Jun. 2021 00:15,0,0,0,
1. Jun. 2021 00:30,0,0,0,
1. Jun. 2021 00:45,0,0,0,
1. Jun. 2021 01:00,0,0,0,
1. Jun. 2021 01:15,0,0,0,
1. Jun. 2021 01:30,0,0,0,
1. Jun. 2021 01:45,0,0,0,
1. Jun. 2021 02:00,0,0,0,
1. Jun. 2021 02:15,0,0,0,
1. Jun. 2021 02:30,0,0,0,
1. Jun. 2021 02:45,0,0,0,
1. Jun. 2021 03:00,0,0,0,
1. Jun. 2021 03:15,0,0,0,
1. Jun. 2021 03:30,0,0,0,
1. Jun. 2021 03:45,0,0,0,
1. Jun. 2021 04:00,0,0,0,
1. Jun. 2021 04:15,0,0,0,
1. Jun. 2021 04:30,0,0,0,
1. Jun. 2021 04:45,0,0,0,
1. Jun. 2021 05:00,0,0,0,
1. Jun. 2021 05:15,0,0,0,
1. Jun. 2021 05:30,0,0,0,
1. Jun. 2021 05:45,0,0,0,
1. Jun. 2021 06:00,0,0,0,
1. Jun. 2021 06:15,0,0,0,
1. Jun. 2021 06:30,0,0,0,
1. Jun. 2021 06:45,0,0,0,
1. Jun. 2021 07:00,0,0,0,
1. Jun. 2021 07:15,0,0,0,
1. Jun. 2021 07:30,0,0,0,
1. Jun. 2021 07:45,0,0,0,
1. Jun. 2021 08:00,0,0,0,
1. Jun. 2021 08:15,0,0,0,
1. Jun. 2021 08:30,0,0,0,
1. Jun. 2021 08:45,0,0,0,
1. Jun. 2021 09:00,0,0,0,
1. Jun. 2021 09:15,0,0,0,
1. Jun. 2021 09:30,0,0,0,
1. Jun. 2021 09:45,0,0,0,
1. Jun. 2021 10:00,0,0,0,
1. Jun. 2021 10:15,0,0,0,
1. Jun. 2021 10:30,0,0,0,
1. Jun. 2021 10:45,0,0,0,
1. Jun. 2021 11:00,0,0,0,
1. Jun. 2021 11:15,0,0,0,
1. Jun. 2021 11:30,0,0,0,
1. Jun. 2021 11:45,0,0,0,
1. Jun. 2021 12:00,0,0,0,
1. Jun. 2021 12:15,0,0,0,
1. Jun. 2021 12:30,0,0,0,
1. Jun. 2021 12:45,0,0,0,
1. Jun. 2021 13:00,0,0,0,
1. Jun. 2021 13:15,0,0,0,
1. Jun. 2021 13:30,0,0,0,
1. Jun. 2021 13:45,0,0,0,
1. Jun. 2021 14:00,0,0,0,
1. Jun. 2021 14:15,0,0,0,
1. Jun. 2021 14:30,0,0,0,
1. Jun. 2021 14:45,0,0,0,
1. Jun. 2021 15:00,0,0,0,
1. Jun. 2021 15:15,0,0,0,
1. Jun. 2021 15:30,0,0,0,
1. Jun. 2021 15:45,0,0,0,
1. Jun. 2021 16:00,0,0,0,
1. Jun. 2021 16:15,0,0,0,
1. Jun. 2021 16:30,0,0,0,
1. Jun. 2021 16:45,0,0,0,
1. Jun. 2021 17:00,0,0,0,
1. Jun. 2021 17:15,0,0,0,
1. Jun. 2021 17:30,0,0,0,
1. Jun. 2021 17:45,0,0,0,
1. Jun. 2021 18:00,0,0,0,
1. Jun. 2021 18:15,0,0,0,
1. Jun. 2021 18:30,0,0,0,
1. Jun. 2021 18:45,0,0,0,
1. Jun. 2021 19:00,0,0,0,
1. Jun. 2021 19:15,0,0,0,
1. Jun. 2021 19:30,0,0,0,
1. Jun. 2021 19:45,0,0,0,
1. Jun. 2021 20:00,0,0,0,
1. Jun. 2021 20:15,0,0,0,
1. Jun. 2021 20:30,0,0,0,
1. Jun. 2021 20:45,0,0,0,
1. Jun. 2021 21:00,0,0,0,
1. Jun. 2021 21:15,0,0,0,
1. Jun. 2021 21:30,0,0,0,
1. Jun. 2021 21:45,0,0,0,
1. Jun. 2021 22:00,0,0,0,
1. Jun. 2021 22:15,0,0,0,
1. Jun. 2021 22:30,0,0,0,
1. Jun. 2021 22:45,0,0,0,
1. Jun. 2021 23:00,0,0,0,
1. Jun. 2021 23:15,0,0,0,
1. Jun. 2021 23:30,0,0,0,
1. Jun. 2021 23:45,0,0,0,
2. Jun. 2021 00:00,0,0,0,
2. Jun. 2021 00:15,0,0,0,
2. Jun. 2021 00:30,0,0,0,
2. Jun. 2021 00:45,0,0,0,
2. Jun. 2021 01:00,0,0,0,
2. Jun. 2021 01:15,0,0,0,
2. Jun. 2021 01:30,0,0,0,
2. Jun. 2021 01:45,0,0,0,
2. Jun. 2021 02:00,0,0,0,
2. Jun. 2021 02:15,0,0,0,
2. Jun. 2021 02:30,0,0,0,
2. Jun. 2021 02:45,0,0,0,
2. Jun. 2021 03:00,0,0,0,
2. Jun. 2021 03:15,0,0,0,
2. Jun. 2021 03:30,0,0,0,
2. Jun. 2021 03:45,0,0,0,
2. Jun. 2021 04:00,0,0,0,
2. Jun. 2021 04:15,0,0,0,
2. Jun. 2021 04:30,0,0,0,
2. Jun. 2021 04:45,0,0,0,
2. Jun. 2021 05:00,0,0,0,
2. Jun. 2021 05:15,0,0,0,
2. Jun. 2021 05:30,0,0,0,
2. Jun. 2021 05:45,0,0,0,
2. Jun. 2021 06:00,0,0,0,
2. Jun. 2021 06:15,0,0,0,
2. Jun. 2021 06:30,0,0,0,
2. Jun. 2021 06:45,0,0,0,
2. Jun. 2021 07:00,0,0,0,
2. Jun. 2021 07:15,0,0,0,
2. Jun. 2021 07:30,0,0,0,
2. Jun. 2021 07:45,0,0,0,
2. Jun. 2021 08:00,0,0,0,
2. Jun. 2021 08:15,0,0,0,
2. Jun. 2021 08:30,0,0,0,
2. Jun. 2021 08:45,0,0,0,
2. Jun. 2021 09:00,0,0,0,
2. Jun. 2021 09:15,0,0,0,
2. Jun. 2021 09:30,0,0,0,
2. Jun. 2021 09:45,0,0,0,
2. Jun. 2021 10:00,0,0,0,
2. Jun. 2021 10:15,0,0,0,
2. Jun. 2021 10:30,0,0,0,
2. Jun. 2021 10:45,0,0,0,
2. Jun. 2021 11:00,0,0,0,
2. Jun. 2021 11:15,0,0,0,
2. Jun. 2021 11:30,0,0,0,
2. Jun. 2021 11:45,0,0,0,
2. Jun. 2021 12:00,0,0,0,
2. Jun. 2021 12:15,0,0,0,
2. Jun. 2021 12:30,0,0,0,
2. Jun. 2021 12:45,0,0,0,
2. Jun. 2021 13:00,0,0,0,
2. Jun. 2021 13:15,0,0,0,
2. Jun. 2021 13:30,0,0,0,
2. Jun. 2021 13:45,0,0,0,
2. Jun. 2021 14:00,0,0,0,
2. Jun. 2021 14:15,0,0,0,
2. Jun. 2021 14:30,0,0,0,
2. Jun. 2021 14:45,0,0,0,
2. Jun. 2021 15:00,0,0,0,
2. Jun. 2021 15:15,182,104,78,
2. Jun. 2021 15:30,220,113,107,
2. Jun. 2021 15:45,204,103,101,
2. Jun. 2021 16:00,266,134,132,
2. Jun. 2021 16:15,215,99,116,
2. Jun. 2021 16:30,235,116,119,
2. Jun. 2021 16:45,247,116,131,
2. Jun. 2021 17:00,219,102,117,
2. Jun. 2021 17:15,266,134,132,
2. Jun. 2021 17:30,258,142,116,
2. Jun. 2021 17:45,275,124,151,
2. Jun. 2021 18:00,255,120,135,
2. Jun. 2021 18:15,256,117,139,
2. Jun. 2021 18:30,218,97,121,
2. Jun. 2021 18:45,194,88,106,
2. Jun. 2021 19:00,172,73,99,
2. Jun. 2021 19:15,205,95,110,
2. Jun. 2021 19:30,159,80,79,
2. Jun. 2021 19:45,151,66,85,
2. Jun. 2021 20:00,133,67,66,
2. Jun. 2021 20:15,178,93,85,
2. Jun. 2021 20:30,148,75,73,
2. Jun. 2021 20:45,116,57,59,
2. Jun. 2021 21:00,84,37,47,
2. Jun. 2021 21:15,99,42,57,
2. Jun. 2021 21:30,101,48,53,
2. Jun. 2021 21:45,97,33,64,
2. Jun. 2021 22:00,84,30,54,
2. Jun. 2021 22:15,66,26,40,
2. Jun. 2021 22:30,62,19,43,
2. Jun. 2021 22:45,59,30,29,
2. Jun. 2021 23:00,47,16,31,
2. Jun. 2021 23:15,48,20,28,
2. Jun. 2021 23:30,48,14,34,
2. Jun. 2021 23:45,38,21,17,
3. Jun. 2021 00:00,20,5,15,
3. Jun. 2021 00:15,32,9,23,
3. Jun. 2021 00:30,31,13,18,
3. Jun. 2021 00:45,15,6,9,
3. Jun. 2021 01:00,11,8,3,
3. Jun. 2021 01:15,31,11,20,
3. Jun. 2021 01:30,15,7,8,
3. Jun. 2021 01:45,16,7,9,
3. Jun. 2021 02:00,21,3,18,
3. Jun. 2021 02:15,12,4,8,
3. Jun. 2021 02:30,14,8,6,
3. Jun. 2021 02:45,5,1,4,
3. Jun. 2021 03:00,9,3,6,
3. Jun. 2021 03:15,8,1,7,
3. Jun. 2021 03:30,5,4,1,
3. Jun. 2021 03:45,6,2,4,
3. Jun. 2021 04:00,4,2,2,
3. Jun. 2021 04:15,4,1,3,
3. Jun. 2021 04:30,3,2,1,
3. Jun. 2021 04:45,4,4,0,
3. Jun. 2021 05:00,1,1,0,
3. Jun. 2021 05:15,2,1,1,
3. Jun. 2021 05:30,5,2,3,
3. Jun. 2021 05:45,17,10,7,
3. Jun. 2021 06:00,13,8,5,
3. Jun. 2021 06:15,20,17,3,
3. Jun. 2021 06:30,18,12,6,
3. Jun. 2021 06:45,20,16,4,
3. Jun. 2021 07:00,28,24,4,
3. Jun. 2021 07:15,17,11,6,
3. Jun. 2021 07:30,19,16,3,
3. Jun. 2021 07:45,36,25,11,
3. Jun. 2021 08:00,37,21,16,
3. Jun. 2021 08:15,30,18,12,
3. Jun. 2021 08:30,49,28,21,
3. Jun. 2021 08:45,70,44,26,
3. Jun. 2021 09:00,45,19,26,
3. Jun. 2021 09:15,57,32,25,
3. Jun. 2021 09:30,71,34,37,
3. Jun. 2021 09:45,84,61,23,
3. Jun. 2021 10:00,74,36,38,
3. Jun. 2021 10:15,82,45,37,
3. Jun. 2021 10:30,92,41,51,
3. Jun. 2021 10:45,92,47,45,
3. Jun. 2021 11:00,126,72,54,
3. Jun. 2021 11:15,133,70,63,
3. Jun. 2021 11:30,143,67,76,
3. Jun. 2021 11:45,113,57,56,
3. Jun. 2021 12:00,129,54,75,
3. Jun. 2021 12:15,135,79,56,
3. Jun. 2021 12:30,146,83,63,
3. Jun. 2021 12:45,135,70,65,
3. Jun. 2021 13:00,120,67,53,
3. Jun. 2021 13:15,144,70,74,
3. Jun. 2021 13:30,165,92,73,
3. Jun. 2021 13:45,153,70,83,
3. Jun. 2021 14:00,174,90,84,
3. Jun. 2021 14:15,140,72,68,
3. Jun. 2021 14:30,169,81,88,
3. Jun. 2021 14:45,161,76,85,
3. Jun. 2021 15:00,181,97,84,
3. Jun. 2021 15:15,148,76,72,
3. Jun. 2021 15:30,196,110,86,
3. Jun. 2021 15:45,185,85,100,
3. Jun. 2021 16:00,181,67,114,
3. Jun. 2021 16:15,191,67,124,
3. Jun. 2021 16:30,162,60,102,
3. Jun. 2021 16:45,199,109,90,
3. Jun. 2021 17:00,186,73,113,
3. Jun. 2021 17:15,187,89,98,
3. Jun. 2021 17:30,165,86,79,
3. Jun. 2021 17:45,199,106,93,
3. Jun. 2021 18:00,154,72,82,
3. Jun. 2021 18:15,183,101,82,
3. Jun. 2021 18:30,160,82,78,
3. Jun. 2021 18:45,209,111,98,
3. Jun. 2021 19:00,151,80,71,
3. Jun. 2021 19:15,185,105,80,
3. Jun. 2021 19:30,153,72,81,
3. Jun. 2021 19:45,141,73,68,
3. Jun. 2021 20:00,101,47,54,
3. Jun. 2021 20:15,130,62,68,
3. Jun. 2021 20:30,111,49,62,
3. Jun. 2021 20:45,89,32,57,
3. Jun. 2021 21:00,97,41,56,
3. Jun. 2021 21:15,114,49,65,
3. Jun. 2021 21:30,78,34,44,
3. Jun. 2021 21:45,66,22,44,
3. Jun. 2021 22:00,87,28,59,
3. Jun. 2021 22:15,81,31,50,
3. Jun. 2021 22:30,50,14,36,
3. Jun. 2021 22:45,65,17,48,
3. Jun. 2021 23:00,40,9,31,
3. Jun. 2021 23:15,43,7,36,
3. Jun. 2021 23:30,39,11,28,
3. Jun. 2021 23:45,26,10,16,
4. Jun. 2021 00:00,23,15,8,
4. Jun. 2021 00:15,29,9,20,
4. Jun. 2021 00:30,16,5,11,
4. Jun. 2021 00:45,20,5,15,
4. Jun. 2021 01:00,29,10,19,
4. Jun. 2021 01:15,20,8,12,
4. Jun. 2021 01:30,11,4,7,
4. Jun. 2021 01:45,8,6,2,
4. Jun. 2021 02:00,9,2,7,
4. Jun. 2021 02:15,7,3,4,
4. Jun. 2021 02:30,6,4,2,
4. Jun. 2021 02:45,5,0,5,
4. Jun. 2021 03:00,5,0,5,
4. Jun. 2021 03:15,5,0,5,
4. Jun. 2021 03:30,3,0,3,
4. Jun. 2021 03:45,4,4,0,
4. Jun. 2021 04:00,2,1,1,
4. Jun. 2021 04:15,0,0,0,
4. Jun. 2021 04:30,5,4,1,
4. Jun. 2021 04:45,3,3,0,
4. Jun. 2021 05:00,8,6,2,
4. Jun. 2021 05:15,7,6,1,
4. Jun. 2021 05:30,12,8,4,
4. Jun. 2021 05:45,18,12,6,
4. Jun. 2021 06:00,22,14,8,
4. Jun. 2021 06:15,24,19,5,
4. Jun. 2021 06:30,41,27,14,
4. Jun. 2021 06:45,63,44,19,
4. Jun. 2021 07:00,55,27,28,
4. Jun. 2021 07:15,52,31,21,
4. Jun. 2021 07:30,81,49,32,
4. Jun. 2021 07:45,126,81,45,
4. Jun. 2021 08:00,84,57,27,
4. Jun. 2021 08:15,117,62,55,
4. Jun. 2021 08:30,117,68,49,
4. Jun. 2021 08:45,153,90,63,
4. Jun. 2021 09:00,144,79,65,
4. Jun. 2021 09:15,157,109,48,
4. Jun. 2021 09:30,157,98,59,
4. Jun. 2021 09:45,193,117,76,
4. Jun. 2021 10:00,158,101,57,
4. Jun. 2021 10:15,173,100,73,
4. Jun. 2021 10:30,209,135,74,
4. Jun. 2021 10:45,178,84,94,
4. Jun. 2021 11:00,196,88,108,
4. Jun. 2021 11:15,184,88,96,
4. Jun. 2021 11:30,145,81,64,
4. Jun. 2021 11:45,155,67,88,
4. Jun. 2021 12:00,164,82,82,
4. Jun. 2021 12:15,153,59,94,
4. Jun. 2021 12:30,161,64,97,
4. Jun. 2021 12:45,175,55,120,
4. Jun. 2021 13:00,162,74,88,
4. Jun. 2021 13:15,152,72,80,
4. Jun. 2021 13:30,183,85,98,
4. Jun. 2021 13:45,169,90,79,
4. Jun. 2021 14:00,189,82,107,
4. Jun. 2021 14:15,162,83,79,
4. Jun. 2021 14:30,169,96,73,
4. Jun. 2021 14:45,187,100,87,
4. Jun. 2021 15:00,170,85,85,
4. Jun. 2021 15:15,168,87,81,
4. Jun. 2021 15:30,155,83,72,
4. Jun. 2021 15:45,223,118,105,
4. Jun. 2021 16:00,227,108,119,
4. Jun. 2021 16:15,224,98,126,
4. Jun. 2021 16:30,191,76,115,
4. Jun. 2021 16:45,156,71,85,
4. Jun. 2021 17:00,231,107,124,
4. Jun. 2021 17:15,217,107,110,
4. Jun. 2021 17:30,202,101,101,
4. Jun. 2021 17:45,209,86,123,
4. Jun. 2021 18:00,212,88,124,
4. Jun. 2021 18:15,191,89,102,
4. Jun. 2021 18:30,180,79,101,
4. Jun. 2021 18:45,203,91,112,
4. Jun. 2021 19:00,201,96,105,
4. Jun. 2021 19:15,175,71,104,
4. Jun. 2021 19:30,133,68,65,
4. Jun. 2021 19:45,109,55,54,
4. Jun. 2021 20:00,101,44,57,
4. Jun. 2021 20:15,109,44,65,
4. Jun. 2021 20:30,81,40,41,
4. Jun. 2021 20:45,96,45,51,
4. Jun. 2021 21:00,80,42,38,
4. Jun. 2021 21:15,83,43,40,
4. Jun. 2021 21:30,73,39,34,
4. Jun. 2021 21:45,83,29,54,
4. Jun. 2021 22:00,63,35,28,
4. Jun. 2021 22:15,74,24,50,
4. Jun. 2021 22:30,66,26,40,
4. Jun. 2021 22:45,56,13,43,
4. Jun. 2021 23:00,34,8,26,
4. Jun. 2021 23:15,35,10,25,
4. Jun. 2021 23:30,40,18,22,
4. Jun. 2021 23:45,29,7,22,
5. Jun. 2021 00:00,32,11,21,
5. Jun. 2021 00:15,30,12,18,
5. Jun. 2021 00:30,34,15,19,
5. Jun. 2021 00:45,39,13,26,
5. Jun. 2021 01:00,31,8,23,
5. Jun. 2021 01:15,24,7,17,
5. Jun. 2021 01:30,14,0,14,
5. Jun. 2021 01:45,3,2,1,
5. Jun. 2021 02:00,13,4,9,
5. Jun. 2021 02:15,6,1,5,
5. Jun. 2021 02:30,12,7,5,
5. Jun. 2021 02:45,6,2,4,
5. Jun. 2021 03:00,6,4,2,
5. Jun. 2021 03:15,5,1,4,
5. Jun. 2021 03:30,5,2,3,
5. Jun. 2021 03:45,2,2,0,
5. Jun. 2021 04:00,6,3,3,
5. Jun. 2021 04:15,8,3,5,
5. Jun. 2021 04:30,10,3,7,
5. Jun. 2021 04:45,7,4,3,
5. Jun. 2021 05:00,0,0,0,
5. Jun. 2021 05:15,3,2,1,
5. Jun. 2021 05:30,9,3,6,
5. Jun. 2021 05:45,13,8,5,
5. Jun. 2021 06:00,8,7,1,
5. Jun. 2021 06:15,12,11,1,
5. Jun. 2021 06:30,18,10,8,
5. Jun. 2021 06:45,19,12,7,
5. Jun. 2021 07:00,9,5,4,
5. Jun. 2021 07:15,17,7,10,
5. Jun. 2021 07:30,20,12,8,
5. Jun. 2021 07:45,27,15,12,
5. Jun. 2021 08:00,29,16,13,
5. Jun. 2021 08:15,38,16,22,
5. Jun. 2021 08:30,43,23,20,
5. Jun. 2021 08:45,81,64,17,
5. Jun. 2021 09:00,58,31,27,
5. Jun. 2021 09:15,80,51,29,
5. Jun. 2021 09:30,88,49,39,
5. Jun. 2021 09:45,115,64,51,
5. Jun. 2021 10:00,112,69,43,
5. Jun. 2021 10:15,107,56,51,
5. Jun. 2021 10:30,129,73,56,
5. Jun. 2021 10:45,114,58,56,
5. Jun. 2021 11:00,135,66,69,
5. Jun. 2021 11:15,135,84,51,
5. Jun. 2021 11:30,146,87,59,
5. Jun. 2021 11:45,130,64,66,
5. Jun. 2021 12:00,143,78,65,
5. Jun. 2021 12:15,116,52,64,
5. Jun. 2021 12:30,126,72,54,
5. Jun. 2021 12:45,145,80,65,
5. Jun. 2021 13:00,137,65,72,
5. Jun. 2021 13:15,122,60,62,
5. Jun. 2021 13:30,121,62,59,
5. Jun. 2021 13:45,97,48,49,
5. Jun. 2021 14:00,114,61,53,
5. Jun. 2021 14:15,117,48,69,
5. Jun. 2021 14:30,123,69,54,
5. Jun. 2021 14:45,119,47,72,
5. Jun. 2021 15:00,97,41,56,
5. Jun. 2021 15:15,75,30,45,
5. Jun. 2021 15:30,101,54,47,
5. Jun. 2021 15:45,99,37,62,
5. Jun. 2021 16:00,92,43,49,
5. Jun. 2021 16:15,83,26,57,
5. Jun. 2021 16:30,58,19,39,
5. Jun. 2021 16:45,102,56,46,
5. Jun. 2021 17:00,95,47,48,
5. Jun. 2021 17:15,84,43,41,
5. Jun. 2021 17:30,97,37,60,
5. Jun. 2021 17:45,87,36,51,
5. Jun. 2021 18:00,71,28,43,
5. Jun. 2021 18:15,91,50,41,
5. Jun. 2021 18:30,93,34,59,
5. Jun. 2021 18:45,99,57,42,
5. Jun. 2021 19:00,82,36,46,
5. Jun. 2021 19:15,71,29,42,
5. Jun. 2021 19:30,93,42,51,
5. Jun. 2021 19:45,79,26,53,
5. Jun. 2021 20:00,63,36,27,
5. Jun. 2021 20:15,91,48,43,
5. Jun. 2021 20:30,67,32,35,
5. Jun. 2021 20:45,43,20,23,
5. Jun. 2021 21:00,59,23,36,
5. Jun. 2021 21:15,64,28,36,
5. Jun. 2021 21:30,28,21,7,
5. Jun. 2021 21:45,48,17,31,
5. Jun. 2021 22:00,51,31,20,
5. Jun. 2021 22:15,59,26,33,
5. Jun. 2021 22:30,33,6,27,
5. Jun. 2021 22:45,27,10,17,
5. Jun. 2021 23:00,32,13,19,
5. Jun. 2021 23:15,22,5,17,
5. Jun. 2021 23:30,26,5,21,
5. Jun. 2021 23:45,29,12,17,
6. Jun. 2021 00:00,11,5,6,
6. Jun. 2021 00:15,29,6,23,
6. Jun. 2021 00:30,19,8,11,
6. Jun. 2021 00:45,29,15,14,
6. Jun. 2021 01:00,8,2,6,
6. Jun. 2021 01:15,12,7,5,
6. Jun. 2021 01:30,15,10,5,
6. Jun. 2021 01:45,11,3,8,
6. Jun. 2021 02:00,9,4,5,
6. Jun. 2021 02:15,21,2,19,
6. Jun. 2021 02:30,15,10,5,
6. Jun. 2021 02:45,5,2,3,
6. Jun. 2021 03:00,4,2,2,
6. Jun. 2021 03:15,5,2,3,
6. Jun. 2021 03:30,11,3,8,
6. Jun. 2021 03:45,3,0,3,
6. Jun. 2021 04:00,10,4,6,
6. Jun. 2021 04:15,4,2,2,
6. Jun. 2021 04:30,5,2,3,
6. Jun. 2021 04:45,2,1,1,
6. Jun. 2021 05:00,3,1,2,
6. Jun. 2021 05:15,1,1,0,
6. Jun. 2021 05:30,0,0,0,
6. Jun. 2021 05:45,2,1,1,
6. Jun. 2021 06:00,6,4,2,
6. Jun. 2021 06:15,8,6,2,
6. Jun. 2021 06:30,12,6,6,
6. Jun. 2021 06:45,13,6,7,
6. Jun. 2021 07:00,6,4,2,
6. Jun. 2021 07:15,7,5,2,
6. Jun. 2021 07:30,9,3,6,
6. Jun. 2021 07:45,5,3,2,
6. Jun. 2021 08:00,5,2,3,
6. Jun. 2021 08:15,20,9,11,
6. Jun. 2021 08:30,15,7,8,
6. Jun. 2021 08:45,24,8,16,
6. Jun. 2021 09:00,22,9,13,
6. Jun. 2021 09:15,24,14,10,
6. Jun. 2021 09:30,49,22,27,
6. Jun. 2021 09:45,52,37,15,
6. Jun. 2021 10:00,39,16,23,
6. Jun. 2021 10:15,46,20,26,
6. Jun. 2021 10:30,52,16,36,
6. Jun. 2021 10:45,61,32,29,
6. Jun. 2021 11:00,63,37,26,
6. Jun. 2021 11:15,53,26,27,
6. Jun. 2021 11:30,48,31,17,
6. Jun. 2021 11:45,62,39,23,
6. Jun. 2021 12:00,44,18,26,
6. Jun. 2021 12:15,48,20,28,
6. Jun. 2021 12:30,41,19,22,
6. Jun. 2021 12:45,49,23,26,
6. Jun. 2021 13:00,36,19,17,
6. Jun. 2021 13:15,45,26,19,
6. Jun. 2021 13:30,43,18,25,
6. Jun. 2021 13:45,31,17,14,
6. Jun. 2021 14:00,57,28,29,
6. Jun. 2021 14:15,52,24,28,
6. Jun. 2021 14:30,39,21,18,
6. Jun. 2021 14:45,30,17,13,
6. Jun. 2021 15:00,55,21,34,
6. Jun. 2021 15:15,48,23,25,
6. Jun. 2021 15:30,45,16,29,
6. Jun. 2021 15:45,70,37,33,
6. Jun. 2021 16:00,54,27,27,
6. Jun. 2021 16:15,57,28,29,
6. Jun. 2021 16:30,43,21,22,
6. Jun. 2021 16:45,53,27,26,
6. Jun. 2021 17:00,39,15,24,
6. Jun. 2021 17:15,56,30,26,
6. Jun. 2021 17:30,43,18,25,
6. Jun. 2021 17:45,40,16,24,
6. Jun. 2021 18:00,40,24,16,
6. Jun. 2021 18:15,33,13,20,
6. Jun. 2021 18:30,35,20,15,
6. Jun. 2021 18:45,31,14,17,
6. Jun. 2021 19:00,34,16,18,
6. Jun. 2021 19:15,32,13,19,
6. Jun. 2021 19:30,31,13,18,
6. Jun. 2021 19:45,34,12,22,
6. Jun. 2021 20:00,30,14,16,
6. Jun. 2021 20:15,34,16,18,
6. Jun. 2021 20:30,23,11,12,
6. Jun. 2021 20:45,14,4,10,
6. Jun. 2021 21:00,15,6,9,
6. Jun. 2021 21:15,23,13,10,
6. Jun. 2021 21:30,26,14,12,
6. Jun. 2021 21:45,12,4,8,
6. Jun. 2021 22:00,13,4,9,
6. Jun. 2021 22:15,13,7,6,
6. Jun. 2021 22:30,13,10,3,
6. Jun. 2021 22:45,5,3,2,
6. Jun. 2021 23:00,15,4,11,
6. Jun. 2021 23:15,6,3,3,
6. Jun. 2021 23:30,6,2,4,
6. Jun. 2021 23:45,10,5,5,
7. Jun. 2021 00:00,12,6,6,
7. Jun. 2021 00:15,7,2,5,
7. Jun. 2021 00:30,7,2,5,
7. Jun. 2021 00:45,4,3,1,
7. Jun. 2021 01:00,5,4,1,
7. Jun. 2021 01:15,2,1,1,
7. Jun. 2021 01:30,2,0,2,
7. Jun. 2021 01:45,2,1,1,
7. Jun. 2021 02:00,1,1,0,
7. Jun. 2021 02:15,1,1,0,
7. Jun. 2021 02:30,2,0,2,
7. Jun. 2021 02:45,2,1,1,
7. Jun. 2021 03:00,2,2,0,
7. Jun. 2021 03:15,1,1,0,
7. Jun. 2021 03:30,0,0,0,
7. Jun. 2021 03:45,1,0,1,
7. Jun. 2021 04:00,0,0,0,
7. Jun. 2021 04:15,2,1,1,
7. Jun. 2021 04:30,0,0,0,
7. Jun. 2021 04:45,4,4,0,
7. Jun. 2021 05:00,1,1,0,
7. Jun. 2021 05:15,4,2,2,
7. Jun. 2021 05:30,12,5,7,
7. Jun. 2021 05:45,18,9,9,
7. Jun. 2021 06:00,17,10,7,
7. Jun. 2021 06:15,31,23,8,
7. Jun. 2021 06:30,32,16,16,
7. Jun. 2021 06:45,57,32,25,
7. Jun. 2021 07:00,96,42,54,
7. Jun. 2021 07:15,196,130,66,
7. Jun. 2021 07:30,344,264,80,
7. Jun. 2021 07:45,172,93,79,
7. Jun. 2021 08:00,135,75,60,
7. Jun. 2021 08:15,173,84,89,
7. Jun. 2021 08:30,156,83,73,
7. Jun. 2021 08:45,159,86,73,
7. Jun. 2021 09:00,129,73,56,
7. Jun. 2021 09:15,150,90,60,
7. Jun. 2021 09:30,112,66,46,
7. Jun. 2021 09:45,94,53,41,
7. Jun. 2021 10:00,77,36,41,
7. Jun. 2021 10:15,71,44,27,
7. Jun. 2021 10:30,93,55,38,
7. Jun. 2021 10:45,76,39,37,
7. Jun. 2021 11:00,91,44,47,
7. Jun. 2021 11:15,122,67,55,
7. Jun. 2021 11:30,108,59,49,
7. Jun. 2021 11:45,124,62,62,
7. Jun. 2021 12:00,115,50,65,
7. Jun. 2021 12:15,173,84,89,
7. Jun. 2021 12:30,163,74,89,
7. Jun. 2021 12:45,139,77,62,
7. Jun. 2021 13:00,321,113,208,
7. Jun. 2021 13:15,174,72,102,
7. Jun. 2021 13:30,141,65,76,
7. Jun. 2021 13:45,179,90,89,
7. Jun. 2021 14:00,178,69,109,
7. Jun. 2021 14:15,141,70,71,
7. Jun. 2021 14:30,149,71,78,
7. Jun. 2021 14:45,175,82,93,
7. Jun. 2021 15:00,158,75,83,
7. Jun. 2021 15:15,169,91,78,
7. Jun. 2021 15:30,258,116,142,
7. Jun. 2021 15:45,189,94,95,
7. Jun. 2021 16:00,205,91,114,
7. Jun. 2021 16:15,239,105,134,
7. Jun. 2021 16:30,142,51,91,
7. Jun. 2021 16:45,127,58,69,
7. Jun. 2021 17:00,165,67,98,
7. Jun. 2021 17:15,160,74,86,
7. Jun. 2021 17:30,175,70,105,
7. Jun. 2021 17:45,133,64,69,
7. Jun. 2021 18:00,155,58,97,
7. Jun. 2021 18:15,141,63,78,
7. Jun. 2021 18:30,138,58,80,
7. Jun. 2021 18:45,134,61,73,
7. Jun. 2021 19:00,102,43,59,
7. Jun. 2021 19:15,87,43,44,
7. Jun. 2021 19:30,72,29,43,
7. Jun. 2021 19:45,66,24,42,
7. Jun. 2021 20:00,75,39,36,
7. Jun. 2021 20:15,66,20,46,
7. Jun. 2021 20:30,47,17,30,
7. Jun. 2021 20:45,46,26,20,
7. Jun. 2021 21:00,40,21,19,
7. Jun. 2021 21:15,46,16,30,
7. Jun. 2021 21:30,40,21,19,
7. Jun. 2021 21:45,36,16,20,
7. Jun. 2021 22:00,29,16,13,
7. Jun. 2021 22:15,33,11,22,
7. Jun. 2021 22:30,21,11,10,
7. Jun. 2021 22:45,13,5,8,
7. Jun. 2021 23:00,12,5,7,
7. Jun. 2021 23:15,14,9,5,
7. Jun. 2021 23:30,19,10,9,
7. Jun. 2021 23:45,10,1,9,
8. Jun. 2021 00:00,6,3,3,
8. Jun. 2021 00:15,4,2,2,
8. Jun. 2021 00:30,14,5,9,
8. Jun. 2021 00:45,6,4,2,
8. Jun. 2021 01:00,6,3,3,
8. Jun. 2021 01:15,0,0,0,
8. Jun. 2021 01:30,3,3,0,
8. Jun. 2021 01:45,4,3,1,
8. Jun. 2021 02:00,0,0,0,
8. Jun. 2021 02:15,4,3,1,
8. Jun. 2021 02:30,2,1,1,
8. Jun. 2021 02:45,0,0,0,
8. Jun. 2021 03:00,1,1,0,
8. Jun. 2021 03:15,0,0,0,
8. Jun. 2021 03:30,0,0,0,
8. Jun. 2021 03:45,1,0,1,
8. Jun. 2021 04:00,1,0,1,
8. Jun. 2021 04:15,3,2,1,
8. Jun. 2021 04:30,0,0,0,
8. Jun. 2021 04:45,2,1,1,
8. Jun. 2021 05:00,3,3,0,
8. Jun. 2021 05:15,10,9,1,
8. Jun. 2021 05:30,15,6,9,
8. Jun. 2021 05:45,24,15,9,
8. Jun. 2021 06:00,26,11,15,
8. Jun. 2021 06:15,30,21,9,
8. Jun. 2021 06:30,53,30,23,
8. Jun. 2021 06:45,74,42,32,
8. Jun. 2021 07:00,99,49,50,
8. Jun. 2021 07:15,212,146,66,
8. Jun. 2021 07:30,439,302,137,
8. Jun. 2021 07:45,198,108,90,
8. Jun. 2021 08:00,149,78,71,
8. Jun. 2021 08:15,196,106,90,
8. Jun. 2021 08:30,161,86,75,
8. Jun. 2021 08:45,175,106,69,
8. Jun. 2021 09:00,123,71,52,
8. Jun. 2021 09:15,174,103,71,
8. Jun. 2021 09:30,148,66,82,
8. Jun. 2021 09:45,150,90,60,
8. Jun. 2021 10:00,103,45,58,
8. Jun. 2021 10:15,111,65,46,
8. Jun. 2021 10:30,109,66,43,
8. Jun. 2021 10:45,134,72,62,
8. Jun. 2021 11:00,145,74,71,
8. Jun. 2021 11:15,153,73,80,
8. Jun. 2021 11:30,153,88,65,
8. Jun. 2021 11:45,147,79,68,
8. Jun. 2021 12:00,159,76,83,
8. Jun. 2021 12:15,177,76,101,
8. Jun. 2021 12:30,173,89,84,
8. Jun. 2021 12:45,156,68,88,
8. Jun. 2021 13:00,346,132,214,
8. Jun. 2021 13:15,202,114,88,
8. Jun. 2021 13:30,158,74,84,
8. Jun. 2021 13:45,217,119,98,
8. Jun. 2021 14:00,225,78,147,
8. Jun. 2021 14:15,168,92,76,
8. Jun. 2021 14:30,150,63,87,
8. Jun. 2021 14:45,221,113,108,
8. Jun. 2021 15:00,177,87,90,
8. Jun. 2021 15:15,196,100,96,
8. Jun. 2021 15:30,282,145,137,
8. Jun. 2021 15:45,207,81,126,
8. Jun. 2021 16:00,213,107,106,
8. Jun. 2021 16:15,209,102,107,
8. Jun. 2021 16:30,195,109,86,
8. Jun. 2021 16:45,252,130,122,
8. Jun. 2021 17:00,242,97,145,
8. Jun. 2021 17:15,272,105,167,
8. Jun. 2021 17:30,233,107,126,
8. Jun. 2021 17:45,224,109,115,
8. Jun. 2021 18:00,217,94,123,
8. Jun. 2021 18:15,222,103,119,
8. Jun. 2021 18:30,190,81,109,
8. Jun. 2021 18:45,176,83,93,
8. Jun. 2021 19:00,159,67,92,
8. Jun. 2021 19:15,183,105,78,
8. Jun. 2021 19:30,174,69,105,
8. Jun. 2021 19:45,46,12,34,
8. Jun. 2021 20:00,51,16,35,
8. Jun. 2021 20:15,69,21,48,
8. Jun. 2021 20:30,90,28,62,
8. Jun. 2021 20:45,57,30,27,
8. Jun. 2021 21:00,59,30,29,
8. Jun. 2021 21:15,58,19,39,
8. Jun. 2021 21:30,45,23,22,
8. Jun. 2021 21:45,35,18,17,
8. Jun. 2021 22:00,32,9,23,
8. Jun. 2021 22:15,28,15,13,
8. Jun. 2021 22:30,26,9,17,
8. Jun. 2021 22:45,16,5,11,
8. Jun. 2021 23:00,18,5,13,
8. Jun. 2021 23:15,27,7,20,
8. Jun. 2021 23:30,15,9,6,
8. Jun. 2021 23:45,11,4,7,
9. Jun. 2021 00:00,11,3,8,
9. Jun. 2021 00:15,6,3,3,
9. Jun. 2021 00:30,20,7,13,
9. Jun. 2021 00:45,3,2,1,
9. Jun. 2021 01:00,4,4,0,
9. Jun. 2021 01:15,3,3,0,
9. Jun. 2021 01:30,3,3,0,
9. Jun. 2021 01:45,5,1,4,
9. Jun. 2021 02:00,3,3,0,
9. Jun. 2021 02:15,2,1,1,
9. Jun. 2021 02:30,0,0,0,
9. Jun. 2021 02:45,4,1,3,
9. Jun. 2021 03:00,0,0,0,
9. Jun. 2021 03:15,4,4,0,
9. Jun. 2021 03:30,4,4,0,
9. Jun. 2021 03:45,0,0,0,
9. Jun. 2021 04:00,2,1,1,
9. Jun. 2021 04:15,0,0,0,
9. Jun. 2021 04:30,1,0,1,
9. Jun. 2021 04:45,4,3,1,
9. Jun. 2021 05:00,2,2,0,
9. Jun. 2021 05:15,10,7,3,
9. Jun. 2021 05:30,13,8,5,
9. Jun. 2021 05:45,23,16,7,
9. Jun. 2021 06:00,26,14,12,
9. Jun. 2021 06:15,36,27,9,
9. Jun. 2021 06:30,54,26,28,
9. Jun. 2021 06:45,63,41,22,
9. Jun. 2021 07:00,103,48,55,
9. Jun. 2021 07:15,211,143,68,
9. Jun. 2021 07:30,419,286,133,
9. Jun. 2021 07:45,218,120,98,
9. Jun. 2021 08:00,129,66,63,
9. Jun. 2021 08:15,194,100,94,
9. Jun. 2021 08:30,197,106,91,
9. Jun. 2021 08:45,184,108,76,
9. Jun. 2021 09:00,160,98,62,
9. Jun. 2021 09:15,196,130,66,
9. Jun. 2021 09:30,167,91,76,
9. Jun. 2021 09:45,122,67,55,
9. Jun. 2021 10:00,105,58,47,
9. Jun. 2021 10:15,111,51,60,
9. Jun. 2021 10:30,134,70,64,
9. Jun. 2021 10:45,131,66,65,
9. Jun. 2021 11:00,146,71,75,
9. Jun. 2021 11:15,168,86,82,
9. Jun. 2021 11:30,137,63,74,
9. Jun. 2021 11:45,129,62,67,
9. Jun. 2021 12:00,169,85,84,
9. Jun. 2021 12:15,199,75,124,
9. Jun. 2021 12:30,184,95,89,
9. Jun. 2021 12:45,193,78,115,
9. Jun. 2021 13:00,374,159,215,
9. Jun. 2021 13:15,200,105,95,
9. Jun. 2021 13:30,195,104,91,
9. Jun. 2021 13:45,237,139,98,
9. Jun. 2021 14:00,221,95,126,
9. Jun. 2021 14:15,210,117,93,
9. Jun. 2021 14:30,184,102,82,
9. Jun. 2021 14:45,182,78,104,
9. Jun. 2021 15:00,192,90,102,
9. Jun. 2021 15:15,202,92,110,
9. Jun. 2021 15:30,239,74,165,
9. Jun. 2021 15:45,188,98,90,
9. Jun. 2021 16:00,186,88,98,
9. Jun. 2021 16:15,147,79,68,
9. Jun. 2021 16:30,200,94,106,
9. Jun. 2021 16:45,206,113,93,
9. Jun. 2021 17:00,184,91,93,
9. Jun. 2021 17:15,191,100,91,
9. Jun. 2021 17:30,184,94,90,
9. Jun. 2021 17:45,207,91,116,
9. Jun. 2021 18:00,171,72,99,
9. Jun. 2021 18:15,195,103,92,
9. Jun. 2021 18:30,194,77,117,
9. Jun. 2021 18:45,184,78,106,
9. Jun. 2021 19:00,145,65,80,
9. Jun. 2021 19:15,152,70,82,
9. Jun. 2021 19:30,122,55,67,
9. Jun. 2021 19:45,129,58,71,
9. Jun. 2021 20:00,104,45,59,
9. Jun. 2021 20:15,97,44,53,
9. Jun. 2021 20:30,83,37,46,
9. Jun. 2021 20:45,98,33,65,
9. Jun. 2021 21:00,65,24,41,
9. Jun. 2021 21:15,78,33,45,
9. Jun. 2021 21:30,74,29,45,
9. Jun. 2021 21:45,57,28,29,
9. Jun. 2021 22:00,62,18,44,
9. Jun. 2021 22:15,65,36,29,
9. Jun. 2021 22:30,40,24,16,
9. Jun. 2021 22:45,35,14,21,
9. Jun. 2021 23:00,36,10,26,
9. Jun. 2021 23:15,35,15,20,
9. Jun. 2021 23:30,21,8,13,
9. Jun. 2021 23:45,25,11,14,
10. Jun. 2021 00:00,32,6,26,
10. Jun. 2021 00:15,21,11,10,
10. Jun. 2021 00:30,12,2,10,
10. Jun. 2021 00:45,9,2,7,
10. Jun. 2021 01:00,9,4,5,
10. Jun. 2021 01:15,4,4,0,
10. Jun. 2021 01:30,2,0,2,
10. Jun. 2021 01:45,4,1,3,
10. Jun. 2021 02:00,3,0,3,
10. Jun. 2021 02:15,2,2,0,
10. Jun. 2021 02:30,6,4,2,
10. Jun. 2021 02:45,9,9,0,
10. Jun. 2021 03:00,4,4,0,
10. Jun. 2021 03:15,2,0,2,
10. Jun. 2021 03:30,5,1,4,
10. Jun. 2021 03:45,5,2,3,
10. Jun. 2021 04:00,1,1,0,
10. Jun. 2021 04:15,1,0,1,
10. Jun. 2021 04:30,3,3,0,
10. Jun. 2021 04:45,3,2,1,
10. Jun. 2021 05:00,4,2,2,
10. Jun. 2021 05:15,14,6,8,
10. Jun. 2021 05:30,14,9,5,
10. Jun. 2021 05:45,23,14,9,
10. Jun. 2021 06:00,25,12,13,
10. Jun. 2021 06:15,39,27,12,
10. Jun. 2021 06:30,50,30,20,
10. Jun. 2021 06:45,74,39,35,
10. Jun. 2021 07:00,99,55,44,
10. Jun. 2021 07:15,254,162,92,
10. Jun. 2021 07:30,407,266,141,
10. Jun. 2021 07:45,226,125,101,
10. Jun. 2021 08:00,173,98,75,
10. Jun. 2021 08:15,212,118,94,
10. Jun. 2021 08:30,182,101,81,
10. Jun. 2021 08:45,191,100,91,
10. Jun. 2021 09:00,169,101,68,
10. Jun. 2021 09:15,182,122,60,
10. Jun. 2021 09:30,158,93,65,
10. Jun. 2021 09:45,157,87,70,
10. Jun. 2021 10:00,117,73,44,
10. Jun. 2021 10:15,112,70,42,
10. Jun. 2021 10:30,123,74,49,
10. Jun. 2021 10:45,126,63,63,
10. Jun. 2021 11:00,170,71,99,
10. Jun. 2021 11:15,193,94,99,
10. Jun. 2021 11:30,155,86,69,
10. Jun. 2021 11:45,183,99,84,
10. Jun. 2021 12:00,158,81,77,
10. Jun. 2021 12:15,215,94,121,
10. Jun. 2021 12:30,187,86,101,
10. Jun. 2021 12:45,219,103,116,
10. Jun. 2021 13:00,418,168,250,
10. Jun. 2021 13:15,230,112,118,
10. Jun. 2021 13:30,232,122,110,
10. Jun. 2021 13:45,236,117,119,
10. Jun. 2021 14:00,268,147,121,
10. Jun. 2021 14:15,219,112,107,
10. Jun. 2021 14:30,230,120,110,
10. Jun. 2021 14:45,207,103,104,
10. Jun. 2021 15:00,195,106,89,
10. Jun. 2021 15:15,226,120,106,
10. Jun. 2021 15:30,273,134,139,
10. Jun. 2021 15:45,215,88,127,
10. Jun. 2021 16:00,274,151,123,
10. Jun. 2021 16:15,256,122,134,
10. Jun. 2021 16:30,293,140,153,
10. Jun. 2021 16:45,261,127,134,
10. Jun. 2021 17:00,258,119,139,
10. Jun. 2021 17:15,271,132,139,
10. Jun. 2021 17:30,230,118,112,
10. Jun. 2021 17:45,273,108,165,
10. Jun. 2021 18:00,257,123,134,
10. Jun. 2021 18:15,258,110,148,
10. Jun. 2021 18:30,226,98,128,
10. Jun. 2021 18:45,199,92,107,
10. Jun. 2021 19:00,180,76,104,
10. Jun. 2021 19:15,199,91,108,
10. Jun. 2021 19:30,183,79,104,
10. Jun. 2021 19:45,144,66,78,
10. Jun. 2021 20:00,148,61,87,
10. Jun. 2021 20:15,126,75,51,
10. Jun. 2021 20:30,118,57,61,
10. Jun. 2021 20:45,90,36,54,
10. Jun. 2021 21:00,97,45,52,
10. Jun. 2021 21:15,105,37,68,
10. Jun. 2021 21:30,87,42,45,
10. Jun. 2021 21:45,75,24,51,
10. Jun. 2021 22:00,66,22,44,
10. Jun. 2021 22:15,66,22,44,
10. Jun. 2021 22:30,56,16,40,
10. Jun. 2021 22:45,47,15,32,
10. Jun. 2021 23:00,50,21,29,
10. Jun. 2021 23:15,50,15,35,
10. Jun. 2021 23:30,43,19,24,
10. Jun. 2021 23:45,28,9,19,
11. Jun. 2021 00:00,21,10,11,
11. Jun. 2021 00:15,19,10,9,
11. Jun. 2021 00:30,20,4,16,
11. Jun. 2021 00:45,14,3,11,
11. Jun. 2021 01:00,14,10,4,
11. Jun. 2021 01:15,12,7,5,
11. Jun. 2021 01:30,36,21,15,
11. Jun. 2021 01:45,15,4,11,
11. Jun. 2021 02:00,8,3,5,
11. Jun. 2021 02:15,2,0,2,
11. Jun. 2021 02:30,7,3,4,
11. Jun. 2021 02:45,8,4,4,
11. Jun. 2021 03:00,1,0,1,
11. Jun. 2021 03:15,4,1,3,
11. Jun. 2021 03:30,9,2,7,
11. Jun. 2021 03:45,0,0,0,
11. Jun. 2021 04:00,4,4,0,
11. Jun. 2021 04:15,3,3,0,
11. Jun. 2021 04:30,3,2,1,
11. Jun. 2021 04:45,7,4,3,
11. Jun. 2021 05:00,4,3,1,
11. Jun. 2021 05:15,10,6,4,
11. Jun. 2021 05:30,12,6,6,
11. Jun. 2021 05:45,27,17,10,
11. Jun. 2021 06:00,39,24,15,
11. Jun. 2021 06:15,34,30,4,
11. Jun. 2021 06:30,42,23,19,
11. Jun. 2021 06:45,74,42,32,
11. Jun. 2021 07:00,83,47,36,
11. Jun. 2021 07:15,237,155,82,
11. Jun. 2021 07:30,450,310,140,
11. Jun. 2021 07:45,219,128,91,
11. Jun. 2021 08:00,175,106,69,
11. Jun. 2021 08:15,205,105,100,
11. Jun. 2021 08:30,212,130,82,
11. Jun. 2021 08:45,208,119,89,
11. Jun. 2021 09:00,184,107,77,
11. Jun. 2021 09:15,244,155,89,
11. Jun. 2021 09:30,197,104,93,
11. Jun. 2021 09:45,164,92,72,
11. Jun. 2021 10:00,138,80,58,
11. Jun. 2021 10:15,176,96,80,
11. Jun. 2021 10:30,168,101,67,
11. Jun. 2021 10:45,179,95,84,
11. Jun. 2021 11:00,176,95,81,
11. Jun. 2021 11:15,213,113,100,
11. Jun. 2021 11:30,186,85,101,
11. Jun. 2021 11:45,197,99,98,
11. Jun. 2021 12:00,192,92,100,
11. Jun. 2021 12:15,274,128,146,
11. Jun. 2021 12:30,240,125,115,
11. Jun. 2021 12:45,245,118,127,
11. Jun. 2021 13:00,420,129,291,
11. Jun. 2021 13:15,263,137,126,
11. Jun. 2021 13:30,262,144,118,
11. Jun. 2021 13:45,260,109,151,
11. Jun. 2021 14:00,248,101,147,
11. Jun. 2021 14:15,234,130,104,
11. Jun. 2021 14:30,199,95,104,
11. Jun. 2021 14:45,228,106,122,
11. Jun. 2021 15:00,249,126,123,
11. Jun. 2021 15:15,263,139,124,
11. Jun. 2021 15:30,224,111,113,
11. Jun. 2021 15:45,238,131,107,
11. Jun. 2021 16:00,264,113,151,
11. Jun. 2021 16:15,220,119,101,
11. Jun. 2021 16:30,207,106,101,
11. Jun. 2021 16:45,277,150,127,
11. Jun. 2021 17:00,226,115,111,
11. Jun. 2021 17:15,218,106,112,
11. Jun. 2021 17:30,226,118,108,
11. Jun. 2021 17:45,254,105,149,
11. Jun. 2021 18:00,220,96,124,
11. Jun. 2021 18:15,210,114,96,
11. Jun. 2021 18:30,212,109,103,
11. Jun. 2021 18:45,224,114,110,
11. Jun. 2021 19:00,247,137,110,
11. Jun. 2021 19:15,218,121,97,
11. Jun. 2021 19:30,189,93,96,
11. Jun. 2021 19:45,175,104,71,
11. Jun. 2021 20:00,166,89,77,
11. Jun. 2021 20:15,201,110,91,
11. Jun. 2021 20:30,159,80,79,
11. Jun. 2021 20:45,115,44,71,
11. Jun. 2021 21:00,126,57,69,
11. Jun. 2021 21:15,100,47,53,
11. Jun. 2021 21:30,118,40,78,
11. Jun. 2021 21:45,93,23,70,
11. Jun. 2021 22:00,72,32,40,
11. Jun. 2021 22:15,68,13,55,
11. Jun. 2021 22:30,73,25,48,
11. Jun. 2021 22:45,77,29,48,
11. Jun. 2021 23:00,114,47,67,
11. Jun. 2021 23:15,64,23,41,
11. Jun. 2021 23:30,71,24,47,
11. Jun. 2021 23:45,72,15,57,
12. Jun. 2021 00:00,52,21,31,
12. Jun. 2021 00:15,71,36,35,
12. Jun. 2021 00:30,44,15,29,
12. Jun. 2021 00:45,58,13,45,
12. Jun. 2021 01:00,38,15,23,
12. Jun. 2021 01:15,41,14,27,
12. Jun. 2021 01:30,41,18,23,
12. Jun. 2021 01:45,23,12,11,
12. Jun. 2021 02:00,25,6,19,
12. Jun. 2021 02:15,22,9,13,
12. Jun. 2021 02:30,20,14,6,
12. Jun. 2021 02:45,26,13,13,
12. Jun. 2021 03:00,26,7,19,
12. Jun. 2021 03:15,21,9,12,
12. Jun. 2021 03:30,13,2,11,
12. Jun. 2021 03:45,4,3,1,
12. Jun. 2021 04:00,13,6,7,
12. Jun. 2021 04:15,12,4,8,
12. Jun. 2021 04:30,8,3,5,
12. Jun. 2021 04:45,7,4,3,
12. Jun. 2021 05:00,3,1,2,
12. Jun. 2021 05:15,4,3,1,
12. Jun. 2021 05:30,7,4,3,
12. Jun. 2021 05:45,22,13,9,
12. Jun. 2021 06:00,14,11,3,
12. Jun. 2021 06:15,22,17,5,
12. Jun. 2021 06:30,17,7,10,
12. Jun. 2021 06:45,13,9,4,
12. Jun. 2021 07:00,18,11,7,
12. Jun. 2021 07:15,23,13,10,
12. Jun. 2021 07:30,46,22,24,
12. Jun. 2021 07:45,39,24,15,
12. Jun. 2021 08:00,46,17,29,
12. Jun. 2021 08:15,61,38,23,
12. Jun. 2021 08:30,93,57,36,
12. Jun. 2021 08:45,104,60,44,
12. Jun. 2021 09:00,117,60,57,
12. Jun. 2021 09:15,124,66,58,
12. Jun. 2021 09:30,133,75,58,
12. Jun. 2021 09:45,141,88,53,
12. Jun. 2021 10:00,168,95,73,
12. Jun. 2021 10:15,183,111,72,
12. Jun. 2021 10:30,151,97,54,
12. Jun. 2021 10:45,167,88,79,
12. Jun. 2021 11:00,207,121,86,
12. Jun. 2021 11:15,245,128,117,
12. Jun. 2021 11:30,208,100,108,
12. Jun. 2021 11:45,181,91,90,
12. Jun. 2021 12:00,149,80,69,
12. Jun. 2021 12:15,178,84,94,
12. Jun. 2021 12:30,192,106,86,
12. Jun. 2021 12:45,215,100,115,
12. Jun. 2021 13:00,193,88,105,
12. Jun. 2021 13:15,197,105,92,
12. Jun. 2021 13:30,210,98,112,
12. Jun. 2021 13:45,222,118,104,
12. Jun. 2021 14:00,223,95,128,
12. Jun. 2021 14:15,209,123,86,
12. Jun. 2021 14:30,185,100,85,
12. Jun. 2021 14:45,215,99,116,
12. Jun. 2021 15:00,242,118,124,
12. Jun. 2021 15:15,194,108,86,
12. Jun. 2021 15:30,188,74,114,
12. Jun. 2021 15:45,196,75,121,
12. Jun. 2021 16:00,161,72,89,
12. Jun. 2021 16:15,149,84,65,
12. Jun. 2021 16:30,194,117,77,
12. Jun. 2021 16:45,170,86,84,
12. Jun. 2021 17:00,170,77,93,
12. Jun. 2021 17:15,174,82,92,
12. Jun. 2021 17:30,201,99,102,
12. Jun. 2021 17:45,196,120,76,
12. Jun. 2021 18:00,196,86,110,
12. Jun. 2021 18:15,188,86,102,
12. Jun. 2021 18:30,194,100,94,
12. Jun. 2021 18:45,165,75,90,
12. Jun. 2021 19:00,170,93,77,
12. Jun. 2021 19:15,172,84,88,
12. Jun. 2021 19:30,140,60,80,
12. Jun. 2021 19:45,161,80,81,
12. Jun. 2021 20:00,151,77,74,
12. Jun. 2021 20:15,148,76,72,
12. Jun. 2021 20:30,113,59,54,
12. Jun. 2021 20:45,98,53,45,
12. Jun. 2021 21:00,139,76,63,
12. Jun. 2021 21:15,104,48,56,
12. Jun. 2021 21:30,90,44,46,
12. Jun. 2021 21:45,96,44,52,
12. Jun. 2021 22:00,101,46,55,
12. Jun. 2021 22:15,69,19,50,
12. Jun. 2021 22:30,65,27,38,
12. Jun. 2021 22:45,70,22,48,
12. Jun. 2021 23:00,58,23,35,
12. Jun. 2021 23:15,57,16,41,
12. Jun. 2021 23:30,55,20,35,
12. Jun. 2021 23:45,82,25,57,
13. Jun. 2021 00:00,80,38,42,
13. Jun. 2021 00:15,61,18,43,
13. Jun. 2021 00:30,54,16,38,
13. Jun. 2021 00:45,50,19,31,
13. Jun. 2021 01:00,36,12,24,
13. Jun. 2021 01:15,33,14,19,
13. Jun. 2021 01:30,29,9,20,
13. Jun. 2021 01:45,36,6,30,
13. Jun. 2021 02:00,13,6,7,
13. Jun. 2021 02:15,27,13,14,
13. Jun. 2021 02:30,17,5,12,
13. Jun. 2021 02:45,10,1,9,
13. Jun. 2021 03:00,25,13,12,
13. Jun. 2021 03:15,10,5,5,
13. Jun. 2021 03:30,17,7,10,
13. Jun. 2021 03:45,10,3,7,
13. Jun. 2021 04:00,13,8,5,
13. Jun. 2021 04:15,4,4,0,
13. Jun. 2021 04:30,7,2,5,
13. Jun. 2021 04:45,5,1,4,
13. Jun. 2021 05:00,5,0,5,
13. Jun. 2021 05:15,11,6,5,
13. Jun. 2021 05:30,13,4,9,
13. Jun. 2021 05:45,12,7,5,
13. Jun. 2021 06:00,13,9,4,
13. Jun. 2021 06:15,13,11,2,
13. Jun. 2021 06:30,12,11,1,
13. Jun. 2021 06:45,19,7,12,
13. Jun. 2021 07:00,7,5,2,
13. Jun. 2021 07:15,17,8,9,
13. Jun. 2021 07:30,22,14,8,
13. Jun. 2021 07:45,26,16,10,
13. Jun. 2021 08:00,20,10,10,
13. Jun. 2021 08:15,34,22,12,
13. Jun. 2021 08:30,37,18,19,
13. Jun. 2021 08:45,53,32,21,
13. Jun. 2021 09:00,45,18,27,
13. Jun. 2021 09:15,55,42,13,
13. Jun. 2021 09:30,84,47,37,
13. Jun. 2021 09:45,134,78,56,
13. Jun. 2021 10:00,89,37,52,
13. Jun. 2021 10:15,97,59,38,
13. Jun. 2021 10:30,119,66,53,
13. Jun. 2021 10:45,135,71,64,
13. Jun. 2021 11:00,125,60,65,
13. Jun. 2021 11:15,155,55,100,
13. Jun. 2021 11:30,133,67,66,
13. Jun. 2021 11:45,158,80,78,
13. Jun. 2021 12:00,124,51,73,
13. Jun. 2021 12:15,141,76,65,
13. Jun. 2021 12:30,166,81,85,
13. Jun. 2021 12:45,139,68,71,
13. Jun. 2021 13:00,175,73,102,
13. Jun. 2021 13:15,196,93,103,
13. Jun. 2021 13:30,162,73,89,
13. Jun. 2021 13:45,196,110,86,
13. Jun. 2021 14:00,171,82,89,
13. Jun. 2021 14:15,162,74,88,
13. Jun. 2021 14:30,172,71,101,
13. Jun. 2021 14:45,173,76,97,
13. Jun. 2021 15:00,149,82,67,
13. Jun. 2021 15:15,179,93,86,
13. Jun. 2021 15:30,168,85,83,
13. Jun. 2021 15:45,122,61,61,
13. Jun. 2021 16:00,161,79,82,
13. Jun. 2021 16:15,163,71,92,
13. Jun. 2021 16:30,148,89,59,
13. Jun. 2021 16:45,171,79,92,
13. Jun. 2021 17:00,165,72,93,
13. Jun. 2021 17:15,161,74,87,
13. Jun. 2021 17:30,160,78,82,
13. Jun. 2021 17:45,176,90,86,
13. Jun. 2021 18:00,179,90,89,
13. Jun. 2021 18:15,169,90,79,
13. Jun. 2021 18:30,155,65,90,
13. Jun. 2021 18:45,188,94,94,
13. Jun. 2021 19:00,165,87,78,
13. Jun. 2021 19:15,166,77,89,
13. Jun. 2021 19:30,134,50,84,
13. Jun. 2021 19:45,153,78,75,
13. Jun. 2021 20:00,109,50,59,
13. Jun. 2021 20:15,134,68,66,
13. Jun. 2021 20:30,105,37,68,
13. Jun. 2021 20:45,91,40,51,
13. Jun. 2021 21:00,117,63,54,
13. Jun. 2021 21:15,85,34,51,
13. Jun. 2021 21:30,87,32,55,
13. Jun. 2021 21:45,66,24,42,
13. Jun. 2021 22:00,63,19,44,
13. Jun. 2021 22:15,60,14,46,
13. Jun. 2021 22:30,34,11,23,
13. Jun. 2021 22:45,47,13,34,
13. Jun. 2021 23:00,39,16,23,
13. Jun. 2021 23:15,18,8,10,
13. Jun. 2021 23:30,24,10,14,
13. Jun. 2021 23:45,14,6,8,
14. Jun. 2021 00:00,14,5,9,
14. Jun. 2021 00:15,18,6,12,
14. Jun. 2021 00:30,10,3,7,
14. Jun. 2021 00:45,12,9,3,
14. Jun. 2021 01:00,11,6,5,
14. Jun. 2021 01:15,6,3,3,
14. Jun. 2021 01:30,2,1,1,
14. Jun. 2021 01:45,1,0,1,
14. Jun. 2021 02:00,2,0,2,
14. Jun. 2021 02:15,1,0,1,
14. Jun. 2021 02:30,4,3,1,
14. Jun. 2021 02:45,0,0,0,
14. Jun. 2021 03:00,0,0,0,
14. Jun. 2021 03:15,0,0,0,
14. Jun. 2021 03:30,1,0,1,
14. Jun. 2021 03:45,1,0,1,
14. Jun. 2021 04:00,4,3,1,
14. Jun. 2021 04:15,1,0,1,
14. Jun. 2021 04:30,1,1,0,
14. Jun. 2021 04:45,4,3,1,
14. Jun. 2021 05:00,2,2,0,
14. Jun. 2021 05:15,4,4,0,
14. Jun. 2021 05:30,18,12,6,
14. Jun. 2021 05:45,28,15,13,
14. Jun. 2021 06:00,36,21,15,
14. Jun. 2021 06:15,43,28,15,
14. Jun. 2021 06:30,54,30,24,
14. Jun. 2021 06:45,88,48,40,
14. Jun. 2021 07:00,117,57,60,
14. Jun. 2021 07:15,281,182,99,
14. Jun. 2021 07:30,434,293,141,
14. Jun. 2021 07:45,256,154,102,
14. Jun. 2021 08:00,197,113,84,
14. Jun. 2021 08:15,246,146,100,
14. Jun. 2021 08:30,232,128,104,
14. Jun. 2021 08:45,218,118,100,
14. Jun. 2021 09:00,178,94,84,
14. Jun. 2021 09:15,219,138,81,
14. Jun. 2021 09:30,150,81,69,
14. Jun. 2021 09:45,150,82,68,
14. Jun. 2021 10:00,154,93,61,
14. Jun. 2021 10:15,118,73,45,
14. Jun. 2021 10:30,140,73,67,
14. Jun. 2021 10:45,157,82,75,
14. Jun. 2021 11:00,175,86,89,
14. Jun. 2021 11:15,185,81,104,
14. Jun. 2021 11:30,155,77,78,
14. Jun. 2021 11:45,173,94,79,
14. Jun. 2021 12:00,175,95,80,
14. Jun. 2021 12:15,247,91,156,
14. Jun. 2021 12:30,220,112,108,
14. Jun. 2021 12:45,227,110,117,
14. Jun. 2021 13:00,416,132,284,
14. Jun. 2021 13:15,241,106,135,
14. Jun. 2021 13:30,240,114,126,
14. Jun. 2021 13:45,294,148,146,
14. Jun. 2021 14:00,249,112,137,
14. Jun. 2021 14:15,205,96,109,
14. Jun. 2021 14:30,222,110,112,
14. Jun. 2021 14:45,252,103,149,
14. Jun. 2021 15:00,195,81,114,
14. Jun. 2021 15:15,225,115,110,
14. Jun. 2021 15:30,342,147,195,
14. Jun. 2021 15:45,227,108,119,
14. Jun. 2021 16:00,260,107,153,
14. Jun. 2021 16:15,266,130,136,
14. Jun. 2021 16:30,249,148,101,
14. Jun. 2021 16:45,288,151,137,
14. Jun. 2021 17:00,261,124,137,
14. Jun. 2021 17:15,307,143,164,
14. Jun. 2021 17:30,284,132,152,
14. Jun. 2021 17:45,246,126,120,
14. Jun. 2021 18:00,276,129,147,
14. Jun. 2021 18:15,241,120,121,
14. Jun. 2021 18:30,262,105,157,
14. Jun. 2021 18:45,264,135,129,
14. Jun. 2021 19:00,187,88,99,
14. Jun. 2021 19:15,181,94,87,
14. Jun. 2021 19:30,156,62,94,
14. Jun. 2021 19:45,163,66,97,
14. Jun. 2021 20:00,148,74,74,
14. Jun. 2021 20:15,200,98,102,
14. Jun. 2021 20:30,150,69,81,
14. Jun. 2021 20:45,137,66,71,
14. Jun. 2021 21:00,110,51,59,
14. Jun. 2021 21:15,126,43,83,
14. Jun. 2021 21:30,104,31,73,
14. Jun. 2021 21:45,112,41,71,
14. Jun. 2021 22:00,85,28,57,
14. Jun. 2021 22:15,85,26,59,
14. Jun. 2021 22:30,45,16,29,
14. Jun. 2021 22:45,38,14,24,
14. Jun. 2021 23:00,50,16,34,
14. Jun. 2021 23:15,36,15,21,
14. Jun. 2021 23:30,33,16,17,
14. Jun. 2021 23:45,18,11,7,
15. Jun. 2021 00:00,24,11,13,
15. Jun. 2021 00:15,10,2,8,
15. Jun. 2021 00:30,10,5,5,
15. Jun. 2021 00:45,9,5,4,
15. Jun. 2021 01:00,11,4,7,
15. Jun. 2021 01:15,6,3,3,
15. Jun. 2021 01:30,6,6,0,
15. Jun. 2021 01:45,5,4,1,
15. Jun. 2021 02:00,6,1,5,
15. Jun. 2021 02:15,11,4,7,
15. Jun. 2021 02:30,3,0,3,
15. Jun. 2021 02:45,4,3,1,
15. Jun. 2021 03:00,1,0,1,
15. Jun. 2021 03:15,1,0,1,
15. Jun. 2021 03:30,2,1,1,
15. Jun. 2021 03:45,2,0,2,
15. Jun. 2021 04:00,0,0,0,
15. Jun. 2021 04:15,2,1,1,
15. Jun. 2021 04:30,0,0,0,
15. Jun. 2021 04:45,3,2,1,
15. Jun. 2021 05:00,2,1,1,
15. Jun. 2021 05:15,11,5,6,
15. Jun. 2021 05:30,14,8,6,
15. Jun. 2021 05:45,34,19,15,
15. Jun. 2021 06:00,39,17,22,
15. Jun. 2021 06:15,55,41,14,
15. Jun. 2021 06:30,54,26,28,
15. Jun. 2021 06:45,105,59,46,
15. Jun. 2021 07:00,103,46,57,
15. Jun. 2021 07:15,279,208,71,
15. Jun. 2021 07:30,486,330,156,
15. Jun. 2021 07:45,276,149,127,
15. Jun. 2021 08:00,207,113,94,
15. Jun. 2021 08:15,222,128,94,
15. Jun. 2021 08:30,261,148,113,
15. Jun. 2021 08:45,250,134,116,
15. Jun. 2021 09:00,175,102,73,
15. Jun. 2021 09:15,254,155,99,
15. Jun. 2021 09:30,215,114,101,
15. Jun. 2021 09:45,172,90,82,
15. Jun. 2021 10:00,140,72,68,
15. Jun. 2021 10:15,154,92,62,
15. Jun. 2021 10:30,148,74,74,
15. Jun. 2021 10:45,178,100,78,
15. Jun. 2021 11:00,176,96,80,
15. Jun. 2021 11:15,216,130,86,
15. Jun. 2021 11:30,185,87,98,
15. Jun. 2021 11:45,209,121,88,
15. Jun. 2021 12:00,199,86,113,
15. Jun. 2021 12:15,210,74,136,
15. Jun. 2021 12:30,227,95,132,
15. Jun. 2021 12:45,229,101,128,
15. Jun. 2021 13:00,433,142,291,
15. Jun. 2021 13:15,247,116,131,
15. Jun. 2021 13:30,204,113,91,
15. Jun. 2021 13:45,251,136,115,
15. Jun. 2021 14:00,253,108,145,
15. Jun. 2021 14:15,208,118,90,
15. Jun. 2021 14:30,184,102,82,
15. Jun. 2021 14:45,217,97,120,
15. Jun. 2021 15:00,220,105,115,
15. Jun. 2021 15:15,231,117,114,
15. Jun. 2021 15:30,321,143,178,
15. Jun. 2021 15:45,274,127,147,
15. Jun. 2021 16:00,256,126,130,
15. Jun. 2021 16:15,279,143,136,
15. Jun. 2021 16:30,267,130,137,
15. Jun. 2021 16:45,283,135,148,
15. Jun. 2021 17:00,276,133,143,
15. Jun. 2021 17:15,310,139,171,
15. Jun. 2021 17:30,329,181,148,
15. Jun. 2021 17:45,301,140,161,
15. Jun. 2021 18:00,275,123,152,
15. Jun. 2021 18:15,279,131,148,
15. Jun. 2021 18:30,259,115,144,
15. Jun. 2021 18:45,286,144,142,
15. Jun. 2021 19:00,265,118,147,
15. Jun. 2021 19:15,209,108,101,
15. Jun. 2021 19:30,235,127,108,
15. Jun. 2021 19:45,174,73,101,
15. Jun. 2021 20:00,214,108,106,
15. Jun. 2021 20:15,221,111,110,
15. Jun. 2021 20:30,201,107,94,
15. Jun. 2021 20:45,197,79,118,
15. Jun. 2021 21:00,129,52,77,
15. Jun. 2021 21:15,101,42,59,
15. Jun. 2021 21:30,91,36,55,
15. Jun. 2021 21:45,84,37,47,
15. Jun. 2021 22:00,76,29,47,
15. Jun. 2021 22:15,66,14,52,
15. Jun. 2021 22:30,36,16,20,
15. Jun. 2021 22:45,34,10,24,
15. Jun. 2021 23:00,195,60,135,
15. Jun. 2021 23:15,172,62,110,
15. Jun. 2021 23:30,122,57,65,
15. Jun. 2021 23:45,63,18,45,
16. Jun. 2021 00:00,41,20,21,
16. Jun. 2021 00:15,35,8,27,
16. Jun. 2021 00:30,39,15,24,
16. Jun. 2021 00:45,26,7,19,
16. Jun. 2021 01:00,25,8,17,
16. Jun. 2021 01:15,7,4,3,
16. Jun. 2021 01:30,15,2,13,
16. Jun. 2021 01:45,14,7,7,
16. Jun. 2021 02:00,12,4,8,
16. Jun. 2021 02:15,12,8,4,
16. Jun. 2021 02:30,5,0,5,
16. Jun. 2021 02:45,2,0,2,
16. Jun. 2021 03:00,6,0,6,
16. Jun. 2021 03:15,5,3,2,
16. Jun. 2021 03:30,3,1,2,
16. Jun. 2021 03:45,7,3,4,
16. Jun. 2021 04:00,1,0,1,
16. Jun. 2021 04:15,5,0,5,
16. Jun. 2021 04:30,4,1,3,
16. Jun. 2021 04:45,12,5,7,
16. Jun. 2021 05:00,3,1,2,
16. Jun. 2021 05:15,6,4,2,
16. Jun. 2021 05:30,18,7,11,
16. Jun. 2021 05:45,40,26,14,
16. Jun. 2021 06:00,38,20,18,
16. Jun. 2021 06:15,44,29,15,
16. Jun. 2021 06:30,55,32,23,
16. Jun. 2021 06:45,103,67,36,
16. Jun. 2021 07:00,117,64,53,
16. Jun. 2021 07:15,287,211,76,
16. Jun. 2021 07:30,483,306,177,
16. Jun. 2021 07:45,233,136,97,
16. Jun. 2021 08:00,200,112,88,
16. Jun. 2021 08:15,208,109,99,
16. Jun. 2021 08:30,223,130,93,
16. Jun. 2021 08:45,210,109,101,
16. Jun. 2021 09:00,191,100,91,
16. Jun. 2021 09:15,252,169,83,
16. Jun. 2021 09:30,183,98,85,
16. Jun. 2021 09:45,168,107,61,
16. Jun. 2021 10:00,148,79,69,
16. Jun. 2021 10:15,164,88,76,
16. Jun. 2021 10:30,134,71,63,
16. Jun. 2021 10:45,156,84,72,
16. Jun. 2021 11:00,176,72,104,
16. Jun. 2021 11:15,182,86,96,
16. Jun. 2021 11:30,143,70,73,
16. Jun. 2021 11:45,183,84,99,
16. Jun. 2021 12:00,197,92,105,
16. Jun. 2021 12:15,249,133,116,
16. Jun. 2021 12:30,196,88,108,
16. Jun. 2021 12:45,243,108,135,
16. Jun. 2021 13:00,442,158,284,
16. Jun. 2021 13:15,258,142,116,
16. Jun. 2021 13:30,216,125,91,
16. Jun. 2021 13:45,256,122,134,
16. Jun. 2021 14:00,239,100,139,
16. Jun. 2021 14:15,211,104,107,
16. Jun. 2021 14:30,205,74,131,
16. Jun. 2021 14:45,199,97,102,
16. Jun. 2021 15:00,223,98,125,
16. Jun. 2021 15:15,258,120,138,
16. Jun. 2021 15:30,326,127,199,
16. Jun. 2021 15:45,243,112,131,
16. Jun. 2021 16:00,274,133,141,
16. Jun. 2021 16:15,286,146,140,
16. Jun. 2021 16:30,263,141,122,
16. Jun. 2021 16:45,274,154,120,
16. Jun. 2021 17:00,325,160,165,
16. Jun. 2021 17:15,316,158,158,
16. Jun. 2021 17:30,293,147,146,
16. Jun. 2021 17:45,286,144,142,
16. Jun. 2021 18:00,276,122,154,
16. Jun. 2021 18:15,282,136,146,
16. Jun. 2021 18:30,280,140,140,
16. Jun. 2021 18:45,231,111,120,
16. Jun. 2021 19:00,241,119,122,
16. Jun. 2021 19:15,188,96,92,
16. Jun. 2021 19:30,196,96,100,
16. Jun. 2021 19:45,188,89,99,
16. Jun. 2021 20:00,181,91,90,
16. Jun. 2021 20:15,150,69,81,
16. Jun. 2021 20:30,168,65,103,
16. Jun. 2021 20:45,152,53,99,
16. Jun. 2021 21:00,135,57,78,
16. Jun. 2021 21:15,129,47,82,
16. Jun. 2021 21:30,114,42,72,
16. Jun. 2021 21:45,104,30,74,
16. Jun. 2021 22:00,83,41,42,
16. Jun. 2021 22:15,81,22,59,
16. Jun. 2021 22:30,64,28,36,
16. Jun. 2021 22:45,62,19,43,
16. Jun. 2021 23:00,70,25,45,
16. Jun. 2021 23:15,50,12,38,
16. Jun. 2021 23:30,37,20,17,
16. Jun. 2021 23:45,41,10,31,
17. Jun. 2021 00:00,25,6,19,
17. Jun. 2021 00:15,16,4,12,
17. Jun. 2021 00:30,20,5,15,
17. Jun. 2021 00:45,11,3,8,
17. Jun. 2021 01:00,17,4,13,
17. Jun. 2021 01:15,9,4,5,
17. Jun. 2021 01:30,5,2,3,
17. Jun. 2021 01:45,13,3,10,
17. Jun. 2021 02:00,6,3,3,
17. Jun. 2021 02:15,8,1,7,
17. Jun. 2021 02:30,6,4,2,
17. Jun. 2021 02:45,3,0,3,
17. Jun. 2021 03:00,3,0,3,
17. Jun. 2021 03:15,2,0,2,
17. Jun. 2021 03:30,0,0,0,
17. Jun. 2021 03:45,1,0,1,
17. Jun. 2021 04:00,1,0,1,
17. Jun. 2021 04:15,2,0,2,
17. Jun. 2021 04:30,6,4,2,
17. Jun. 2021 04:45,3,2,1,
17. Jun. 2021 05:00,6,4,2,
17. Jun. 2021 05:15,8,7,1,
17. Jun. 2021 05:30,25,14,11,
17. Jun. 2021 05:45,32,14,18,
17. Jun. 2021 06:00,31,19,12,
17. Jun. 2021 06:15,46,32,14,
17. Jun. 2021 06:30,60,34,26,
17. Jun. 2021 06:45,83,43,40,
17. Jun. 2021 07:00,123,67,56,
17. Jun. 2021 07:15,333,224,109,
17. Jun. 2021 07:30,482,348,134,
17. Jun. 2021 07:45,260,143,117,
17. Jun. 2021 08:00,210,119,91,
17. Jun. 2021 08:15,217,120,97,
17. Jun. 2021 08:30,243,128,115,
17. Jun. 2021 08:45,228,129,99,
17. Jun. 2021 09:00,211,122,89,
17. Jun. 2021 09:15,222,132,90,
17. Jun. 2021 09:30,172,96,76,
17. Jun. 2021 09:45,182,120,62,
17. Jun. 2021 10:00,171,70,101,
17. Jun. 2021 10:15,160,98,62,
17. Jun. 2021 10:30,148,71,77,
17. Jun. 2021 10:45,132,75,57,
17. Jun. 2021 11:00,156,76,80,
17. Jun. 2021 11:15,181,86,95,
17. Jun. 2021 11:30,170,82,88,
17. Jun. 2021 11:45,157,75,82,
17. Jun. 2021 12:00,171,77,94,
17. Jun. 2021 12:15,227,111,116,
17. Jun. 2021 12:30,199,102,97,
17. Jun. 2021 12:45,256,116,140,
17. Jun. 2021 13:00,409,140,269,
17. Jun. 2021 13:15,225,102,123,
17. Jun. 2021 13:30,189,95,94,
17. Jun. 2021 13:45,265,141,124,
17. Jun. 2021 14:00,230,105,125,
17. Jun. 2021 14:15,200,96,104,
17. Jun. 2021 14:30,220,88,132,
17. Jun. 2021 14:45,245,132,113,
17. Jun. 2021 15:00,220,86,134,
17. Jun. 2021 15:15,243,108,135,
17. Jun. 2021 15:30,283,113,170,
17. Jun. 2021 15:45,263,124,139,
17. Jun. 2021 16:00,247,127,120,
17. Jun. 2021 16:15,254,128,126,
17. Jun. 2021 16:30,298,124,174,
17. Jun. 2021 16:45,285,154,131,
17. Jun. 2021 17:00,275,138,137,
17. Jun. 2021 17:15,314,151,163,
17. Jun. 2021 17:30,262,114,148,
17. Jun. 2021 17:45,282,133,149,
17. Jun. 2021 18:00,305,154,151,
17. Jun. 2021 18:15,293,133,160,
17. Jun. 2021 18:30,257,118,139,
17. Jun. 2021 18:45,288,151,137,
17. Jun. 2021 19:00,252,124,128,
17. Jun. 2021 19:15,223,103,120,
17. Jun. 2021 19:30,229,100,129,
17. Jun. 2021 19:45,193,97,96,
17. Jun. 2021 20:00,187,98,89,
17. Jun. 2021 20:15,209,90,119,
17. Jun. 2021 20:30,175,94,81,
17. Jun. 2021 20:45,138,64,74,
17. Jun. 2021 21:00,138,64,74,
17. Jun. 2021 21:15,147,52,95,
17. Jun. 2021 21:30,134,42,92,
17. Jun. 2021 21:45,128,62,66,
17. Jun. 2021 22:00,125,54,71,
17. Jun. 2021 22:15,116,38,78,
17. Jun. 2021 22:30,95,39,56,
17. Jun. 2021 22:45,73,23,50,
17. Jun. 2021 23:00,78,34,44,
17. Jun. 2021 23:15,53,17,36,
17. Jun. 2021 23:30,39,11,28,
17. Jun. 2021 23:45,42,17,25,
18. Jun. 2021 00:00,43,18,25,
18. Jun. 2021 00:15,32,12,20,
18. Jun. 2021 00:30,17,7,10,
18. Jun. 2021 00:45,29,14,15,
18. Jun. 2021 01:00,18,7,11,
18. Jun. 2021 01:15,17,6,11,
18. Jun. 2021 01:30,17,5,12,
18. Jun. 2021 01:45,17,10,7,
18. Jun. 2021 02:00,2,1,1,
18. Jun. 2021 02:15,9,6,3,
18. Jun. 2021 02:30,7,1,6,
18. Jun. 2021 02:45,1,0,1,
18. Jun. 2021 03:00,10,3,7,
18. Jun. 2021 03:15,3,0,3,
18. Jun. 2021 03:30,0,0,0,
18. Jun. 2021 03:45,2,0,2,
18. Jun. 2021 04:00,1,0,1,
18. Jun. 2021 04:15,5,0,5,
18. Jun. 2021 04:30,6,2,4,
18. Jun. 2021 04:45,8,7,1,
18. Jun. 2021 05:00,4,1,3,
18. Jun. 2021 05:15,12,9,3,
18. Jun. 2021 05:30,23,13,10,
18. Jun. 2021 05:45,25,14,11,
18. Jun. 2021 06:00,27,18,9,
18. Jun. 2021 06:15,53,36,17,
18. Jun. 2021 06:30,41,21,20,
18. Jun. 2021 06:45,86,52,34,
18. Jun. 2021 07:00,119,58,61,
18. Jun. 2021 07:15,224,154,70,
18. Jun. 2021 07:30,463,319,144,
18. Jun. 2021 07:45,256,137,119,
18. Jun. 2021 08:00,205,140,65,
18. Jun. 2021 08:15,222,111,111,
18. Jun. 2021 08:30,234,123,111,
18. Jun. 2021 08:45,245,145,100,
18. Jun. 2021 09:00,183,91,92,
18. Jun. 2021 09:15,259,157,102,
18. Jun. 2021 09:30,227,118,109,
18. Jun. 2021 09:45,170,109,61,
18. Jun. 2021 10:00,157,86,71,
18. Jun. 2021 10:15,153,91,62,
18. Jun. 2021 10:30,164,94,70,
18. Jun. 2021 10:45,180,73,107,
18. Jun. 2021 11:00,212,92,120,
18. Jun. 2021 11:15,193,92,101,
18. Jun. 2021 11:30,204,98,106,
18. Jun. 2021 11:45,198,86,112,
18. Jun. 2021 12:00,218,109,109,
18. Jun. 2021 12:15,247,96,151,
18. Jun. 2021 12:30,226,100,126,
18. Jun. 2021 12:45,275,134,141,
18. Jun. 2021 13:00,457,176,281,
18. Jun. 2021 13:15,253,119,134,
18. Jun. 2021 13:30,202,86,116,
18. Jun. 2021 13:45,264,140,124,
18. Jun. 2021 14:00,198,76,122,
18. Jun. 2021 14:15,236,103,133,
18. Jun. 2021 14:30,219,101,118,
18. Jun. 2021 14:45,207,92,115,
18. Jun. 2021 15:00,236,107,129,
18. Jun. 2021 15:15,245,116,129,
18. Jun. 2021 15:30,212,95,117,
18. Jun. 2021 15:45,228,108,120,
18. Jun. 2021 16:00,216,76,140,
18. Jun. 2021 16:15,246,117,129,
18. Jun. 2021 16:30,218,111,107,
18. Jun. 2021 16:45,250,122,128,
18. Jun. 2021 17:00,243,111,132,
18. Jun. 2021 17:15,257,130,127,
18. Jun. 2021 17:30,242,143,99,
18. Jun. 2021 17:45,234,121,113,
18. Jun. 2021 18:00,248,130,118,
18. Jun. 2021 18:15,229,119,110,
18. Jun. 2021 18:30,201,91,110,
18. Jun. 2021 18:45,231,120,111,
18. Jun. 2021 19:00,245,116,129,
18. Jun. 2021 19:15,219,97,122,
18. Jun. 2021 19:30,213,108,105,
18. Jun. 2021 19:45,179,89,90,
18. Jun. 2021 20:00,180,78,102,
18. Jun. 2021 20:15,189,90,99,
18. Jun. 2021 20:30,142,78,64,
18. Jun. 2021 20:45,126,60,66,
18. Jun. 2021 21:00,133,52,81,
18. Jun. 2021 21:15,123,65,58,
18. Jun. 2021 21:30,106,48,58,
18. Jun. 2021 21:45,115,51,64,
18. Jun. 2021 22:00,91,24,67,
18. Jun. 2021 22:15,84,24,60,
18. Jun. 2021 22:30,94,31,63,
18. Jun. 2021 22:45,72,20,52,
18. Jun. 2021 23:00,100,52,48,
18. Jun. 2021 23:15,67,33,34,
18. Jun. 2021 23:30,81,30,51,
18. Jun. 2021 23:45,56,23,33,
19. Jun. 2021 00:00,84,26,58,
19. Jun. 2021 00:15,42,19,23,
19. Jun. 2021 00:30,47,13,34,
19. Jun. 2021 00:45,29,19,10,
19. Jun. 2021 01:00,43,23,20,
19. Jun. 2021 01:15,39,10,29,
19. Jun. 2021 01:30,41,13,28,
19. Jun. 2021 01:45,27,5,22,
19. Jun. 2021 02:00,14,2,12,
19. Jun. 2021 02:15,24,2,22,
19. Jun. 2021 02:30,25,14,11,
19. Jun. 2021 02:45,12,5,7,
19. Jun. 2021 03:00,11,1,10,
19. Jun. 2021 03:15,10,4,6,
19. Jun. 2021 03:30,3,1,2,
19. Jun. 2021 03:45,10,4,6,
19. Jun. 2021 04:00,15,4,11,
19. Jun. 2021 04:15,2,1,1,
19. Jun. 2021 04:30,8,0,8,
19. Jun. 2021 04:45,11,1,10,
19. Jun. 2021 05:00,6,4,2,
19. Jun. 2021 05:15,15,4,11,
19. Jun. 2021 05:30,13,2,11,
19. Jun. 2021 05:45,24,11,13,
19. Jun. 2021 06:00,10,4,6,
19. Jun. 2021 06:15,16,11,5,
19. Jun. 2021 06:30,29,13,16,
19. Jun. 2021 06:45,17,9,8,
19. Jun. 2021 07:00,19,7,12,
19. Jun. 2021 07:15,29,17,12,
19. Jun. 2021 07:30,35,14,21,
19. Jun. 2021 07:45,56,30,26,
19. Jun. 2021 08:00,52,18,34,
19. Jun. 2021 08:15,70,43,27,
19. Jun. 2021 08:30,96,57,39,
19. Jun. 2021 08:45,107,62,45,
19. Jun. 2021 09:00,141,84,57,
19. Jun. 2021 09:15,134,56,78,
19. Jun. 2021 09:30,143,76,67,
19. Jun. 2021 09:45,199,116,83,
19. Jun. 2021 10:00,193,110,83,
19. Jun. 2021 10:15,185,96,89,
19. Jun. 2021 10:30,177,78,99,
19. Jun. 2021 10:45,182,104,78,
19. Jun. 2021 11:00,186,131,55,
19. Jun. 2021 11:15,191,109,82,
19. Jun. 2021 11:30,225,133,92,
19. Jun. 2021 11:45,204,101,103,
19. Jun. 2021 12:00,182,96,86,
19. Jun. 2021 12:15,198,97,101,
19. Jun. 2021 12:30,188,75,113,
19. Jun. 2021 12:45,190,98,92,
19. Jun. 2021 13:00,176,90,86,
19. Jun. 2021 13:15,175,77,98,
19. Jun. 2021 13:30,204,107,97,
19. Jun. 2021 13:45,191,94,97,
19. Jun. 2021 14:00,179,90,89,
19. Jun. 2021 14:15,187,90,97,
19. Jun. 2021 14:30,193,111,82,
19. Jun. 2021 14:45,178,99,79,
19. Jun. 2021 15:00,192,91,101,
19. Jun. 2021 15:15,175,80,95,
19. Jun. 2021 15:30,166,82,84,
19. Jun. 2021 15:45,177,85,92,
19. Jun. 2021 16:00,164,81,83,
19. Jun. 2021 16:15,176,86,90,
19. Jun. 2021 16:30,207,86,121,
19. Jun. 2021 16:45,224,108,116,
19. Jun. 2021 17:00,267,119,148,
19. Jun. 2021 17:15,232,114,118,
19. Jun. 2021 17:30,297,165,132,
19. Jun. 2021 17:45,255,109,146,
19. Jun. 2021 18:00,194,77,117,
19. Jun. 2021 18:15,144,63,81,
19. Jun. 2021 18:30,129,56,73,
19. Jun. 2021 18:45,116,51,65,
19. Jun. 2021 19:00,111,69,42,
19. Jun. 2021 19:15,97,40,57,
19. Jun. 2021 19:30,84,41,43,
19. Jun. 2021 19:45,83,40,43,
19. Jun. 2021 20:00,144,60,84,
19. Jun. 2021 20:15,146,73,73,
19. Jun. 2021 20:30,127,67,60,
19. Jun. 2021 20:45,149,85,64,
19. Jun. 2021 21:00,109,55,54,
19. Jun. 2021 21:15,129,72,57,
19. Jun. 2021 21:30,129,63,66,
19. Jun. 2021 21:45,104,47,57,
19. Jun. 2021 22:00,115,58,57,
19. Jun. 2021 22:15,58,35,23,
19. Jun. 2021 22:30,83,27,56,
19. Jun. 2021 22:45,78,33,45,
19. Jun. 2021 23:00,82,26,56,
19. Jun. 2021 23:15,123,65,58,
19. Jun. 2021 23:30,99,43,56,
19. Jun. 2021 23:45,70,37,33,
20. Jun. 2021 00:00,134,34,100,
20. Jun. 2021 00:15,61,20,41,
20. Jun. 2021 00:30,36,24,12,
20. Jun. 2021 00:45,48,23,25,
20. Jun. 2021 01:00,45,21,24,
20. Jun. 2021 01:15,42,18,24,
20. Jun. 2021 01:30,38,14,24,
20. Jun. 2021 01:45,36,7,29,
20. Jun. 2021 02:00,32,12,20,
20. Jun. 2021 02:15,31,6,25,
20. Jun. 2021 02:30,18,5,13,
20. Jun. 2021 02:45,33,12,21,
20. Jun. 2021 03:00,21,7,14,
20. Jun. 2021 03:15,16,5,11,
20. Jun. 2021 03:30,24,2,22,
20. Jun. 2021 03:45,17,2,15,
20. Jun. 2021 04:00,8,1,7,
20. Jun. 2021 04:15,4,0,4,
20. Jun. 2021 04:30,4,0,4,
20. Jun. 2021 04:45,4,1,3,
20. Jun. 2021 05:00,6,1,5,
20. Jun. 2021 05:15,10,3,7,
20. Jun. 2021 05:30,7,1,6,
20. Jun. 2021 05:45,9,6,3,
20. Jun. 2021 06:00,9,4,5,
20. Jun. 2021 06:15,1,1,0,
20. Jun. 2021 06:30,13,9,4,
20. Jun. 2021 06:45,7,3,4,
20. Jun. 2021 07:00,13,7,6,
20. Jun. 2021 07:15,6,1,5,
20. Jun. 2021 07:30,6,3,3,
20. Jun. 2021 07:45,22,12,10,
20. Jun. 2021 08:00,19,8,11,
20. Jun. 2021 08:15,15,5,10,
20. Jun. 2021 08:30,33,24,9,
20. Jun. 2021 08:45,54,28,26,
20. Jun. 2021 09:00,46,27,19,
20. Jun. 2021 09:15,57,25,32,
20. Jun. 2021 09:30,74,32,42,
20. Jun. 2021 09:45,96,61,35,
20. Jun. 2021 10:00,98,55,43,
20. Jun. 2021 10:15,86,37,49,
20. Jun. 2021 10:30,92,51,41,
20. Jun. 2021 10:45,97,54,43,
20. Jun. 2021 11:00,102,61,41,
20. Jun. 2021 11:15,83,42,41,
20. Jun. 2021 11:30,125,61,64,
20. Jun. 2021 11:45,99,55,44,
20. Jun. 2021 12:00,122,51,71,
20. Jun. 2021 12:15,111,42,69,
20. Jun. 2021 12:30,116,60,56,
20. Jun. 2021 12:45,112,61,51,
20. Jun. 2021 13:00,154,76,78,
20. Jun. 2021 13:15,96,44,52,
20. Jun. 2021 13:30,84,38,46,
20. Jun. 2021 13:45,148,78,70,
20. Jun. 2021 14:00,145,83,62,
20. Jun. 2021 14:15,129,60,69,
20. Jun. 2021 14:30,134,72,62,
20. Jun. 2021 14:45,131,72,59,
20. Jun. 2021 15:00,152,68,84,
20. Jun. 2021 15:15,117,56,61,
20. Jun. 2021 15:30,126,66,60,
20. Jun. 2021 15:45,142,72,70,
20. Jun. 2021 16:00,138,74,64,
20. Jun. 2021 16:15,119,68,51,
20. Jun. 2021 16:30,150,75,75,
20. Jun. 2021 16:45,184,102,82,
20. Jun. 2021 17:00,175,81,94,
20. Jun. 2021 17:15,176,82,94,
20. Jun. 2021 17:30,212,99,113,
20. Jun. 2021 17:45,183,82,101,
20. Jun. 2021 18:00,97,49,48,
20. Jun. 2021 18:15,113,57,56,
20. Jun. 2021 18:30,117,45,72,
20. Jun. 2021 18:45,52,28,24,
20. Jun. 2021 19:00,23,10,13,
20. Jun. 2021 19:15,37,11,26,
20. Jun. 2021 19:30,46,22,24,
20. Jun. 2021 19:45,62,37,25,
20. Jun. 2021 20:00,59,27,32,
20. Jun. 2021 20:15,60,20,40,
20. Jun. 2021 20:30,47,22,25,
20. Jun. 2021 20:45,59,31,28,
20. Jun. 2021 21:00,40,16,24,
20. Jun. 2021 21:15,40,19,21,
20. Jun. 2021 21:30,25,11,14,
20. Jun. 2021 21:45,32,15,17,
20. Jun. 2021 22:00,46,25,21,
20. Jun. 2021 22:15,16,8,8,
20. Jun. 2021 22:30,18,5,13,
20. Jun. 2021 22:45,16,8,8,
20. Jun. 2021 23:00,13,11,2,
20. Jun. 2021 23:15,13,7,6,
20. Jun. 2021 23:30,5,5,0,
20. Jun. 2021 23:45,16,4,12,
21. Jun. 2021 00:00,10,5,5,
21. Jun. 2021 00:15,11,2,9,
21. Jun. 2021 00:30,7,3,4,
21. Jun. 2021 00:45,7,4,3,
21. Jun. 2021 01:00,8,6,2,
21. Jun. 2021 01:15,5,2,3,
21. Jun. 2021 01:30,3,2,1,
21. Jun. 2021 01:45,2,1,1,
21. Jun. 2021 02:00,2,0,2,
21. Jun. 2021 02:15,2,2,0,
21. Jun. 2021 02:30,0,0,0,
21. Jun. 2021 02:45,2,0,2,
21. Jun. 2021 03:00,1,0,1,
21. Jun. 2021 03:15,0,0,0,
21. Jun. 2021 03:30,0,0,0,
21. Jun. 2021 03:45,2,2,0,
21. Jun. 2021 04:00,1,1,0,
21. Jun. 2021 04:15,7,2,5,
21. Jun. 2021 04:30,0,0,0,
21. Jun. 2021 04:45,2,2,0,
21. Jun. 2021 05:00,2,1,1,
21. Jun. 2021 05:15,3,1,2,
21. Jun. 2021 05:30,13,9,4,
21. Jun. 2021 05:45,21,9,12,
21. Jun. 2021 06:00,24,14,10,
21. Jun. 2021 06:15,36,25,11,
21. Jun. 2021 06:30,50,29,21,
21. Jun. 2021 06:45,84,41,43,
21. Jun. 2021 07:00,122,60,62,
21. Jun. 2021 07:15,263,171,92,
21. Jun. 2021 07:30,454,320,134,
21. Jun. 2021 07:45,219,110,109,
21. Jun. 2021 08:00,163,87,76,
21. Jun. 2021 08:15,208,119,89,
21. Jun. 2021 08:30,222,120,102,
21. Jun. 2021 08:45,205,109,96,
21. Jun. 2021 09:00,206,122,84,
21. Jun. 2021 09:15,180,112,68,
21. Jun. 2021 09:30,193,106,87,
21. Jun. 2021 09:45,122,68,54,
21. Jun. 2021 10:00,114,58,56,
21. Jun. 2021 10:15,141,83,58,
21. Jun. 2021 10:30,128,60,68,
21. Jun. 2021 10:45,114,60,54,
21. Jun. 2021 11:00,190,87,103,
21. Jun. 2021 11:15,180,84,96,
21. Jun. 2021 11:30,159,78,81,
21. Jun. 2021 11:45,159,70,89,
21. Jun. 2021 12:00,163,78,85,
21. Jun. 2021 12:15,198,85,113,
21. Jun. 2021 12:30,189,84,105,
21. Jun. 2021 12:45,236,116,120,
21. Jun. 2021 13:00,403,150,253,
21. Jun. 2021 13:15,222,105,117,
21. Jun. 2021 13:30,176,87,89,
21. Jun. 2021 13:45,297,168,129,
21. Jun. 2021 14:00,234,107,127,
21. Jun. 2021 14:15,205,88,117,
21. Jun. 2021 14:30,205,114,91,
21. Jun. 2021 14:45,214,118,96,
21. Jun. 2021 15:00,204,95,109,
21. Jun. 2021 15:15,226,113,113,
21. Jun. 2021 15:30,320,150,170,
21. Jun. 2021 15:45,293,143,150,
21. Jun. 2021 16:00,246,122,124,
21. Jun. 2021 16:15,283,147,136,
21. Jun. 2021 16:30,269,115,154,
21. Jun. 2021 16:45,268,135,133,
21. Jun. 2021 17:00,271,144,127,
21. Jun. 2021 17:15,300,159,141,
21. Jun. 2021 17:30,249,128,121,
21. Jun. 2021 17:45,260,108,152,
21. Jun. 2021 18:00,223,87,136,
21. Jun. 2021 18:15,237,96,141,
21. Jun. 2021 18:30,216,106,110,
21. Jun. 2021 18:45,210,97,113,
21. Jun. 2021 19:00,195,80,115,
21. Jun. 2021 19:15,209,94,115,
21. Jun. 2021 19:30,153,70,83,
21. Jun. 2021 19:45,109,43,66,
21. Jun. 2021 20:00,97,51,46,
21. Jun. 2021 20:15,78,30,48,
21. Jun. 2021 20:30,54,24,30,
21. Jun. 2021 20:45,34,17,17,
21. Jun. 2021 21:00,47,21,26,
21. Jun. 2021 21:15,52,25,27,
21. Jun. 2021 21:30,50,26,24,
21. Jun. 2021 21:45,57,17,40,
21. Jun. 2021 22:00,40,17,23,
21. Jun. 2021 22:15,40,18,22,
21. Jun. 2021 22:30,31,15,16,
21. Jun. 2021 22:45,32,18,14,
21. Jun. 2021 23:00,28,17,11,
21. Jun. 2021 23:15,10,3,7,
21. Jun. 2021 23:30,21,12,9,
21. Jun. 2021 23:45,15,7,8,
22. Jun. 2021 00:00,14,9,5,
22. Jun. 2021 00:15,10,7,3,
22. Jun. 2021 00:30,6,2,4,
22. Jun. 2021 00:45,8,2,6,
22. Jun. 2021 01:00,4,2,2,
22. Jun. 2021 01:15,4,1,3,
22. Jun. 2021 01:30,5,4,1,
22. Jun. 2021 01:45,2,2,0,
22. Jun. 2021 02:00,1,0,1,
22. Jun. 2021 02:15,6,3,3,
22. Jun. 2021 02:30,0,0,0,
22. Jun. 2021 02:45,4,1,3,
22. Jun. 2021 03:00,1,1,0,
22. Jun. 2021 03:15,1,0,1,
22. Jun. 2021 03:30,1,1,0,
22. Jun. 2021 03:45,1,0,1,
22. Jun. 2021 04:00,0,0,0,
22. Jun. 2021 04:15,3,0,3,
22. Jun. 2021 04:30,0,0,0,
22. Jun. 2021 04:45,6,4,2,
22. Jun. 2021 05:00,5,5,0,
22. Jun. 2021 05:15,7,5,2,
22. Jun. 2021 05:30,22,11,11,
22. Jun. 2021 05:45,22,13,9,
22. Jun. 2021 06:00,26,16,10,
22. Jun. 2021 06:15,41,24,17,
22. Jun. 2021 06:30,52,25,27,
22. Jun. 2021 06:45,104,61,43,
22. Jun. 2021 07:00,106,54,52,
22. Jun. 2021 07:15,245,168,77,
22. Jun. 2021 07:30,489,350,139,
22. Jun. 2021 07:45,275,142,133,
22. Jun. 2021 08:00,195,97,98,
22. Jun. 2021 08:15,239,141,98,
22. Jun. 2021 08:30,194,97,97,
22. Jun. 2021 08:45,222,129,93,
22. Jun. 2021 09:00,129,66,63,
22. Jun. 2021 09:15,221,125,96,
22. Jun. 2021 09:30,205,101,104,
22. Jun. 2021 09:45,136,71,65,
22. Jun. 2021 10:00,128,81,47,
22. Jun. 2021 10:15,144,85,59,
22. Jun. 2021 10:30,128,57,71,
22. Jun. 2021 10:45,120,75,45,
22. Jun. 2021 11:00,145,67,78,
22. Jun. 2021 11:15,173,81,92,
22. Jun. 2021 11:30,145,63,82,
22. Jun. 2021 11:45,156,83,73,
22. Jun. 2021 12:00,168,79,89,
22. Jun. 2021 12:15,190,85,105,
22. Jun. 2021 12:30,176,64,112,
22. Jun. 2021 12:45,181,72,109,
22. Jun. 2021 13:00,368,115,253,
22. Jun. 2021 13:15,161,67,94,
22. Jun. 2021 13:30,139,73,66,
22. Jun. 2021 13:45,201,89,112,
22. Jun. 2021 14:00,209,88,121,
22. Jun. 2021 14:15,155,79,76,
22. Jun. 2021 14:30,167,89,78,
22. Jun. 2021 14:45,188,81,107,
22. Jun. 2021 15:00,179,89,90,
22. Jun. 2021 15:15,212,115,97,
22. Jun. 2021 15:30,283,139,144,
22. Jun. 2021 15:45,229,110,119,
22. Jun. 2021 16:00,228,129,99,
22. Jun. 2021 16:15,247,118,129,
22. Jun. 2021 16:30,231,109,122,
22. Jun. 2021 16:45,228,111,117,
22. Jun. 2021 17:00,240,110,130,
22. Jun. 2021 17:15,308,135,173,
22. Jun. 2021 17:30,252,115,137,
22. Jun. 2021 17:45,259,120,139,
22. Jun. 2021 18:00,240,85,155,
22. Jun. 2021 18:15,230,107,123,
22. Jun. 2021 18:30,197,88,109,
22. Jun. 2021 18:45,223,104,119,
22. Jun. 2021 19:00,195,98,97,
22. Jun. 2021 19:15,191,93,98,
22. Jun. 2021 19:30,170,71,99,
22. Jun. 2021 19:45,144,67,77,
22. Jun. 2021 20:00,134,67,67,
22. Jun. 2021 20:15,140,52,88,
22. Jun. 2021 20:30,110,51,59,
22. Jun. 2021 20:45,78,40,38,
22. Jun. 2021 21:00,83,40,43,
22. Jun. 2021 21:15,81,31,50,
22. Jun. 2021 21:30,81,16,65,
22. Jun. 2021 21:45,73,35,38,
22. Jun. 2021 22:00,61,29,32,
22. Jun. 2021 22:15,49,21,28,
22. Jun. 2021 22:30,40,15,25,
22. Jun. 2021 22:45,44,13,31,
22. Jun. 2021 23:00,37,15,22,
22. Jun. 2021 23:15,32,11,21,
22. Jun. 2021 23:30,16,6,10,
22. Jun. 2021 23:45,26,12,14,
23. Jun. 2021 00:00,13,7,6,
23. Jun. 2021 00:15,19,10,9,
23. Jun. 2021 00:30,13,9,4,
23. Jun. 2021 00:45,10,3,7,
23. Jun. 2021 01:00,10,7,3,
23. Jun. 2021 01:15,8,5,3,
23. Jun. 2021 01:30,2,1,1,
23. Jun. 2021 01:45,2,0,2,
23. Jun. 2021 02:00,1,0,1,
23. Jun. 2021 02:15,3,2,1,
23. Jun. 2021 02:30,3,2,1,
23. Jun. 2021 02:45,4,1,3,
23. Jun. 2021 03:00,1,0,1,
23. Jun. 2021 03:15,0,0,0,
23. Jun. 2021 03:30,0,0,0,
23. Jun. 2021 03:45,1,1,0,
23. Jun. 2021 04:00,0,0,0,
23. Jun. 2021 04:15,1,0,1,
23. Jun. 2021 04:30,3,2,1,
23. Jun. 2021 04:45,10,8,2,
23. Jun. 2021 05:00,3,3,0,
23. Jun. 2021 05:15,7,4,3,
23. Jun. 2021 05:30,18,8,10,
23. Jun. 2021 05:45,37,26,11,
23. Jun. 2021 06:00,26,16,10,
23. Jun. 2021 06:15,32,20,12,
23. Jun. 2021 06:30,56,32,24,
23. Jun. 2021 06:45,90,53,37,
23. Jun. 2021 07:00,112,56,56,
23. Jun. 2021 07:15,235,161,74,
23. Jun. 2021 07:30,451,300,151,
23. Jun. 2021 07:45,234,121,113,
23. Jun. 2021 08:00,178,94,84,
23. Jun. 2021 08:15,230,110,120,
23. Jun. 2021 08:30,224,119,105,
23. Jun. 2021 08:45,192,99,93,
23. Jun. 2021 09:00,179,104,75,
23. Jun. 2021 09:15,183,107,76,
23. Jun. 2021 09:30,170,98,72,
23. Jun. 2021 09:45,145,100,45,
23. Jun. 2021 10:00,120,56,64,
23. Jun. 2021 10:15,153,92,61,
23. Jun. 2021 10:30,107,55,52,
23. Jun. 2021 10:45,159,90,69,
23. Jun. 2021 11:00,171,76,95,
23. Jun. 2021 11:15,180,86,94,
23. Jun. 2021 11:30,166,86,80,
23. Jun. 2021 11:45,169,79,90,
23. Jun. 2021 12:00,190,107,83,
23. Jun. 2021 12:15,195,97,98,
23. Jun. 2021 12:30,189,94,95,
23. Jun. 2021 12:45,239,107,132,
23. Jun. 2021 13:00,414,163,251,
23. Jun. 2021 13:15,240,136,104,
23. Jun. 2021 13:30,210,109,101,
23. Jun. 2021 13:45,259,138,121,
23. Jun. 2021 14:00,248,122,126,
23. Jun. 2021 14:15,202,105,97,
23. Jun. 2021 14:30,210,95,115,
23. Jun. 2021 14:45,239,126,113,
23. Jun. 2021 15:00,230,119,111,
23. Jun. 2021 15:15,238,119,119,
23. Jun. 2021 15:30,348,139,209,
23. Jun. 2021 15:45,275,137,138,
23. Jun. 2021 16:00,216,111,105,
23. Jun. 2021 16:15,265,119,146,
23. Jun. 2021 16:30,264,121,143,
23. Jun. 2021 16:45,293,169,124,
23. Jun. 2021 17:00,254,125,129,
23. Jun. 2021 17:15,315,158,157,
23. Jun. 2021 17:30,312,139,173,
23. Jun. 2021 17:45,282,129,153,
23. Jun. 2021 18:00,282,114,168,
23. Jun. 2021 18:15,292,131,161,
23. Jun. 2021 18:30,255,120,135,
23. Jun. 2021 18:45,264,142,122,
23. Jun. 2021 19:00,183,77,106,
23. Jun. 2021 19:15,196,97,99,
23. Jun. 2021 19:30,194,99,95,
23. Jun. 2021 19:45,200,109,91,
23. Jun. 2021 20:00,235,120,115,
23. Jun. 2021 20:15,107,46,61,
23. Jun. 2021 20:30,47,17,30,
23. Jun. 2021 20:45,134,50,84,
23. Jun. 2021 21:00,88,35,53,
23. Jun. 2021 21:15,46,21,25,
23. Jun. 2021 21:30,43,21,22,
23. Jun. 2021 21:45,46,23,23,
23. Jun. 2021 22:00,26,10,16,
23. Jun. 2021 22:15,25,4,21,
23. Jun. 2021 22:30,14,3,11,
23. Jun. 2021 22:45,17,5,12,
23. Jun. 2021 23:00,85,25,60,
23. Jun. 2021 23:15,148,40,108,
23. Jun. 2021 23:30,93,38,55,
23. Jun. 2021 23:45,70,37,33,
24. Jun. 2021 00:00,44,14,30,
24. Jun. 2021 00:15,40,7,33,
24. Jun. 2021 00:30,21,13,8,
24. Jun. 2021 00:45,20,13,7,
24. Jun. 2021 01:00,28,12,16,
24. Jun. 2021 01:15,13,8,5,
24. Jun. 2021 01:30,17,4,13,
24. Jun. 2021 01:45,9,1,8,
24. Jun. 2021 02:00,4,1,3,
24. Jun. 2021 02:15,7,6,1,
24. Jun. 2021 02:30,4,0,4,
24. Jun. 2021 02:45,2,0,2,
24. Jun. 2021 03:00,1,0,1,
24. Jun. 2021 03:15,3,1,2,
24. Jun. 2021 03:30,9,2,7,
24. Jun. 2021 03:45,8,2,6,
24. Jun. 2021 04:00,3,1,2,
24. Jun. 2021 04:15,7,5,2,
24. Jun. 2021 04:30,6,3,3,
24. Jun. 2021 04:45,4,1,3,
24. Jun. 2021 05:00,4,2,2,
24. Jun. 2021 05:15,8,4,4,
24. Jun. 2021 05:30,17,6,11,
24. Jun. 2021 05:45,38,25,13,
24. Jun. 2021 06:00,28,14,14,
24. Jun. 2021 06:15,39,27,12,
24. Jun. 2021 06:30,43,25,18,
24. Jun. 2021 06:45,67,32,35,
24. Jun. 2021 07:00,108,52,56,
24. Jun. 2021 07:15,263,171,92,
24. Jun. 2021 07:30,484,341,143,
24. Jun. 2021 07:45,229,135,94,
24. Jun. 2021 08:00,170,99,71,
24. Jun. 2021 08:15,186,102,84,
24. Jun. 2021 08:30,202,98,104,
24. Jun. 2021 08:45,199,101,98,
24. Jun. 2021 09:00,183,94,89,
24. Jun. 2021 09:15,228,131,97,
24. Jun. 2021 09:30,181,99,82,
24. Jun. 2021 09:45,145,78,67,
24. Jun. 2021 10:00,115,72,43,
24. Jun. 2021 10:15,117,51,66,
24. Jun. 2021 10:30,112,57,55,
24. Jun. 2021 10:45,136,75,61,
24. Jun. 2021 11:00,101,47,54,
24. Jun. 2021 11:15,157,75,82,
24. Jun. 2021 11:30,138,65,73,
24. Jun. 2021 11:45,124,75,49,
24. Jun. 2021 12:00,142,60,82,
24. Jun. 2021 12:15,182,94,88,
24. Jun. 2021 12:30,168,77,91,
24. Jun. 2021 12:45,218,100,118,
24. Jun. 2021 13:00,366,137,229,
24. Jun. 2021 13:15,209,91,118,
24. Jun. 2021 13:30,180,87,93,
24. Jun. 2021 13:45,190,101,89,
24. Jun. 2021 14:00,250,72,178,
24. Jun. 2021 14:15,205,108,97,
24. Jun. 2021 14:30,174,100,74,
24. Jun. 2021 14:45,231,107,124,
24. Jun. 2021 15:00,188,85,103,
24. Jun. 2021 15:15,210,103,107,
24. Jun. 2021 15:30,308,149,159,
24. Jun. 2021 15:45,284,139,145,
24. Jun. 2021 16:00,239,109,130,
24. Jun. 2021 16:15,230,116,114,
24. Jun. 2021 16:30,245,118,127,
24. Jun. 2021 16:45,255,138,117,
24. Jun. 2021 17:00,289,135,154,
24. Jun. 2021 17:15,275,120,155,
24. Jun. 2021 17:30,182,86,96,
24. Jun. 2021 17:45,166,76,90,
24. Jun. 2021 18:00,188,98,90,
24. Jun. 2021 18:15,174,77,97,
24. Jun. 2021 18:30,148,57,91,
24. Jun. 2021 18:45,157,65,92,
24. Jun. 2021 19:00,146,63,83,
24. Jun. 2021 19:15,113,52,61,
24. Jun. 2021 19:30,101,41,60,
24. Jun. 2021 19:45,99,30,69,
24. Jun. 2021 20:00,95,39,56,
24. Jun. 2021 20:15,90,40,50,
24. Jun. 2021 20:30,103,42,61,
24. Jun. 2021 20:45,81,37,44,
24. Jun. 2021 21:00,65,28,37,
24. Jun. 2021 21:15,69,35,34,
24. Jun. 2021 21:30,72,35,37,
24. Jun. 2021 21:45,52,24,28,
24. Jun. 2021 22:00,50,30,20,
24. Jun. 2021 22:15,51,26,25,
24. Jun. 2021 22:30,44,14,30,
24. Jun. 2021 22:45,39,17,22,
24. Jun. 2021 23:00,25,10,15,
24. Jun. 2021 23:15,27,10,17,
24. Jun. 2021 23:30,43,16,27,
24. Jun. 2021 23:45,21,11,10,
25. Jun. 2021 00:00,16,8,8,
25. Jun. 2021 00:15,13,9,4,
25. Jun. 2021 00:30,18,8,10,
25. Jun. 2021 00:45,9,5,4,
25. Jun. 2021 01:00,5,2,3,
25. Jun. 2021 01:15,8,5,3,
25. Jun. 2021 01:30,3,1,2,
25. Jun. 2021 01:45,5,3,2,
25. Jun. 2021 02:00,3,1,2,
25. Jun. 2021 02:15,6,1,5,
25. Jun. 2021 02:30,9,3,6,
25. Jun. 2021 02:45,4,0,4,
25. Jun. 2021 03:00,1,0,1,
25. Jun. 2021 03:15,0,0,0,
25. Jun. 2021 03:30,3,0,3,
25. Jun. 2021 03:45,1,0,1,
25. Jun. 2021 04:00,2,0,2,
25. Jun. 2021 04:15,1,1,0,
25. Jun. 2021 04:30,4,1,3,
25. Jun. 2021 04:45,8,4,4,
25. Jun. 2021 05:00,2,2,0,
25. Jun. 2021 05:15,10,6,4,
25. Jun. 2021 05:30,21,11,10,
25. Jun. 2021 05:45,26,17,9,
25. Jun. 2021 06:00,23,13,10,
25. Jun. 2021 06:15,32,19,13,
25. Jun. 2021 06:30,59,31,28,
25. Jun. 2021 06:45,79,43,36,
25. Jun. 2021 07:00,90,43,47,
25. Jun. 2021 07:15,205,152,53,
25. Jun. 2021 07:30,469,348,121,
25. Jun. 2021 07:45,224,116,108,
25. Jun. 2021 08:00,192,118,74,
25. Jun. 2021 08:15,205,105,100,
25. Jun. 2021 08:30,167,86,81,
25. Jun. 2021 08:45,201,109,92,
25. Jun. 2021 09:00,151,86,65,
25. Jun. 2021 09:15,197,114,83,
25. Jun. 2021 09:30,150,74,76,
25. Jun. 2021 09:45,173,103,70,
25. Jun. 2021 10:00,130,74,56,
25. Jun. 2021 10:15,145,75,70,
25. Jun. 2021 10:30,147,86,61,
25. Jun. 2021 10:45,176,104,72,
25. Jun. 2021 11:00,167,80,87,
25. Jun. 2021 11:15,172,84,88,
25. Jun. 2021 11:30,139,65,74,
25. Jun. 2021 11:45,188,90,98,
25. Jun. 2021 12:00,184,73,111,
25. Jun. 2021 12:15,240,124,116,
25. Jun. 2021 12:30,214,118,96,
25. Jun. 2021 12:45,207,96,111,
25. Jun. 2021 13:00,412,128,284,
25. Jun. 2021 13:15,239,88,151,
25. Jun. 2021 13:30,191,84,107,
25. Jun. 2021 13:45,224,122,102,
25. Jun. 2021 14:00,244,103,141,
25. Jun. 2021 14:15,229,98,131,
25. Jun. 2021 14:30,224,122,102,
25. Jun. 2021 14:45,252,135,117,
25. Jun. 2021 15:00,231,103,128,
25. Jun. 2021 15:15,242,127,115,
25. Jun. 2021 15:30,234,106,128,
25. Jun. 2021 15:45,248,125,123,
25. Jun. 2021 16:00,228,123,105,
25. Jun. 2021 16:15,241,123,118,
25. Jun. 2021 16:30,217,119,98,
25. Jun. 2021 16:45,241,119,122,
25. Jun. 2021 17:00,233,97,136,
25. Jun. 2021 17:15,257,104,153,
25. Jun. 2021 17:30,216,104,112,
25. Jun. 2021 17:45,239,136,103,
25. Jun. 2021 18:00,231,83,148,
25. Jun. 2021 18:15,254,138,116,
25. Jun. 2021 18:30,248,134,114,
25. Jun. 2021 18:45,218,108,110,
25. Jun. 2021 19:00,223,112,111,
25. Jun. 2021 19:15,199,98,101,
25. Jun. 2021 19:30,185,98,87,
25. Jun. 2021 19:45,162,77,85,
25. Jun. 2021 20:00,153,84,69,
25. Jun. 2021 20:15,133,68,65,
25. Jun. 2021 20:30,144,83,61,
25. Jun. 2021 20:45,112,55,57,
25. Jun. 2021 21:00,117,63,54,
25. Jun. 2021 21:15,94,42,52,
25. Jun. 2021 21:30,117,53,64,
25. Jun. 2021 21:45,91,34,57,
25. Jun. 2021 22:00,120,65,55,
25. Jun. 2021 22:15,63,32,31,
25. Jun. 2021 22:30,82,26,56,
25. Jun. 2021 22:45,60,20,40,
25. Jun. 2021 23:00,58,17,41,
25. Jun. 2021 23:15,49,18,31,
25. Jun. 2021 23:30,83,21,62,
25. Jun. 2021 23:45,66,12,54,
26. Jun. 2021 00:00,73,25,48,
26. Jun. 2021 00:15,78,23,55,
26. Jun. 2021 00:30,54,19,35,
26. Jun. 2021 00:45,48,15,33,
26. Jun. 2021 01:00,44,15,29,
26. Jun. 2021 01:15,56,17,39,
26. Jun. 2021 01:30,25,11,14,
26. Jun. 2021 01:45,31,12,19,
26. Jun. 2021 02:00,25,11,14,
26. Jun. 2021 02:15,27,7,20,
26. Jun. 2021 02:30,21,5,16,
26. Jun. 2021 02:45,27,12,15,
26. Jun. 2021 03:00,19,8,11,
26. Jun. 2021 03:15,12,6,6,
26. Jun. 2021 03:30,6,0,6,
26. Jun. 2021 03:45,10,3,7,
26. Jun. 2021 04:00,11,3,8,
26. Jun. 2021 04:15,10,0,10,
26. Jun. 2021 04:30,4,0,4,
26. Jun. 2021 04:45,3,1,2,
26. Jun. 2021 05:00,2,2,0,
26. Jun. 2021 05:15,7,3,4,
26. Jun. 2021 05:30,16,10,6,
26. Jun. 2021 05:45,15,11,4,
26. Jun. 2021 06:00,17,12,5,
26. Jun. 2021 06:15,13,10,3,
26. Jun. 2021 06:30,21,8,13,
26. Jun. 2021 06:45,19,7,12,
26. Jun. 2021 07:00,18,10,8,
26. Jun. 2021 07:15,24,14,10,
26. Jun. 2021 07:30,31,16,15,
26. Jun. 2021 07:45,44,21,23,
26. Jun. 2021 08:00,43,20,23,
26. Jun. 2021 08:15,72,34,38,
26. Jun. 2021 08:30,81,42,39,
26. Jun. 2021 08:45,111,60,51,
26. Jun. 2021 09:00,84,51,33,
26. Jun. 2021 09:15,122,65,57,
26. Jun. 2021 09:30,110,67,43,
26. Jun. 2021 09:45,163,102,61,
26. Jun. 2021 10:00,141,56,85,
26. Jun. 2021 10:15,181,102,79,
26. Jun. 2021 10:30,202,109,93,
26. Jun. 2021 10:45,159,94,65,
26. Jun. 2021 11:00,187,96,91,
26. Jun. 2021 11:15,186,94,92,
26. Jun. 2021 11:30,176,106,70,
26. Jun. 2021 11:45,212,107,105,
26. Jun. 2021 12:00,226,128,98,
26. Jun. 2021 12:15,193,103,90,
26. Jun. 2021 12:30,184,87,97,
26. Jun. 2021 12:45,189,93,96,
26. Jun. 2021 13:00,171,87,84,
26. Jun. 2021 13:15,205,113,92,
26. Jun. 2021 13:30,194,88,106,
26. Jun. 2021 13:45,244,114,130,
26. Jun. 2021 14:00,182,92,90,
26. Jun. 2021 14:15,215,97,118,
26. Jun. 2021 14:30,194,106,88,
26. Jun. 2021 14:45,202,108,94,
26. Jun. 2021 15:00,228,112,116,
26. Jun. 2021 15:15,183,92,91,
26. Jun. 2021 15:30,184,94,90,
26. Jun. 2021 15:45,170,79,91,
26. Jun. 2021 16:00,221,107,114,
26. Jun. 2021 16:15,237,128,109,
26. Jun. 2021 16:30,216,123,93,
26. Jun. 2021 16:45,191,86,105,
26. Jun. 2021 17:00,160,78,82,
26. Jun. 2021 17:15,234,135,99,
26. Jun. 2021 17:30,248,136,112,
26. Jun. 2021 17:45,226,115,111,
26. Jun. 2021 18:00,194,92,102,
26. Jun. 2021 18:15,210,93,117,
26. Jun. 2021 18:30,250,140,110,
26. Jun. 2021 18:45,179,102,77,
26. Jun. 2021 19:00,186,98,88,
26. Jun. 2021 19:15,189,99,90,
26. Jun. 2021 19:30,168,71,97,
26. Jun. 2021 19:45,146,69,77,
26. Jun. 2021 20:00,179,88,91,
26. Jun. 2021 20:15,181,96,85,
26. Jun. 2021 20:30,172,102,70,
26. Jun. 2021 20:45,153,86,67,
26. Jun. 2021 21:00,130,55,75,
26. Jun. 2021 21:15,129,67,62,
26. Jun. 2021 21:30,102,36,66,
26. Jun. 2021 21:45,101,44,57,
26. Jun. 2021 22:00,101,64,37,
26. Jun. 2021 22:15,104,69,35,
26. Jun. 2021 22:30,81,38,43,
26. Jun. 2021 22:45,97,46,51,
26. Jun. 2021 23:00,96,44,52,
26. Jun. 2021 23:15,91,32,59,
26. Jun. 2021 23:30,75,25,50,
26. Jun. 2021 23:45,96,39,57,
27. Jun. 2021 00:00,93,14,79,
27. Jun. 2021 00:15,103,30,73,
27. Jun. 2021 00:30,60,19,41,
27. Jun. 2021 00:45,95,20,75,
27. Jun. 2021 01:00,60,25,35,
27. Jun. 2021 01:15,63,13,50,
27. Jun. 2021 01:30,58,20,38,
27. Jun. 2021 01:45,43,7,36,
27. Jun. 2021 02:00,49,6,43,
27. Jun. 2021 02:15,26,10,16,
27. Jun. 2021 02:30,36,0,36,
27. Jun. 2021 02:45,45,9,36,
27. Jun. 2021 03:00,35,4,31,
27. Jun. 2021 03:15,25,6,19,
27. Jun. 2021 03:30,17,4,13,
27. Jun. 2021 03:45,13,2,11,
27. Jun. 2021 04:00,29,12,17,
27. Jun. 2021 04:15,9,0,9,
27. Jun. 2021 04:30,8,1,7,
27. Jun. 2021 04:45,22,10,12,
27. Jun. 2021 05:00,8,3,5,
27. Jun. 2021 05:15,10,4,6,
27. Jun. 2021 05:30,10,3,7,
27. Jun. 2021 05:45,16,7,9,
27. Jun. 2021 06:00,15,7,8,
27. Jun. 2021 06:15,11,6,5,
27. Jun. 2021 06:30,15,10,5,
27. Jun. 2021 06:45,13,6,7,
27. Jun. 2021 07:00,14,4,10,
27. Jun. 2021 07:15,17,14,3,
27. Jun. 2021 07:30,30,16,14,
27. Jun. 2021 07:45,36,21,15,
27. Jun. 2021 08:00,30,19,11,
27. Jun. 2021 08:15,21,4,17,
27. Jun. 2021 08:30,49,22,27,
27. Jun. 2021 08:45,37,20,17,
27. Jun. 2021 09:00,59,32,27,
27. Jun. 2021 09:15,87,43,44,
27. Jun. 2021 09:30,96,50,46,
27. Jun. 2021 09:45,133,80,53,
27. Jun. 2021 10:00,131,74,57,
27. Jun. 2021 10:15,134,75,59,
27. Jun. 2021 10:30,82,33,49,
27. Jun. 2021 10:45,142,75,67,
27. Jun. 2021 11:00,134,65,69,
27. Jun. 2021 11:15,164,75,89,
27. Jun. 2021 11:30,154,67,87,
27. Jun. 2021 11:45,137,71,66,
27. Jun. 2021 12:00,143,54,89,
27. Jun. 2021 12:15,110,49,61,
27. Jun. 2021 12:30,125,58,67,
27. Jun. 2021 12:45,148,56,92,
27. Jun. 2021 13:00,150,47,103,
27. Jun. 2021 13:15,156,76,80,
27. Jun. 2021 13:30,142,67,75,
27. Jun. 2021 13:45,169,89,80,
27. Jun. 2021 14:00,155,88,67,
27. Jun. 2021 14:15,177,90,87,
27. Jun. 2021 14:30,128,67,61,
27. Jun. 2021 14:45,170,96,74,
27. Jun. 2021 15:00,166,83,83,
27. Jun. 2021 15:15,159,90,69,
27. Jun. 2021 15:30,146,64,82,
27. Jun. 2021 15:45,139,77,62,
27. Jun. 2021 16:00,133,69,64,
27. Jun. 2021 16:15,205,113,92,
27. Jun. 2021 16:30,144,68,76,
27. Jun. 2021 16:45,152,77,75,
27. Jun. 2021 17:00,159,87,72,
27. Jun. 2021 17:15,136,67,69,
27. Jun. 2021 17:30,157,85,72,
27. Jun. 2021 17:45,187,114,73,
27. Jun. 2021 18:00,139,88,51,
27. Jun. 2021 18:15,147,67,80,
27. Jun. 2021 18:30,171,86,85,
27. Jun. 2021 18:45,136,60,76,
27. Jun. 2021 19:00,149,79,70,
27. Jun. 2021 19:15,154,92,62,
27. Jun. 2021 19:30,122,65,57,
27. Jun. 2021 19:45,124,64,60,
27. Jun. 2021 20:00,138,57,81,
27. Jun. 2021 20:15,119,68,51,
27. Jun. 2021 20:30,117,57,60,
27. Jun. 2021 20:45,93,40,53,
27. Jun. 2021 21:00,88,39,49,
27. Jun. 2021 21:15,121,49,72,
27. Jun. 2021 21:30,81,30,51,
27. Jun. 2021 21:45,86,22,64,
27. Jun. 2021 22:00,58,23,35,
27. Jun. 2021 22:15,33,8,25,
27. Jun. 2021 22:30,35,6,29,
27. Jun. 2021 22:45,6,2,4,
27. Jun. 2021 23:00,31,4,27,
27. Jun. 2021 23:15,46,13,33,
27. Jun. 2021 23:30,25,13,12,
27. Jun. 2021 23:45,22,12,10,
28. Jun. 2021 00:00,12,2,10,
28. Jun. 2021 00:15,8,3,5,
28. Jun. 2021 00:30,5,1,4,
28. Jun. 2021 00:45,6,1,5,
28. Jun. 2021 01:00,4,3,1,
28. Jun. 2021 01:15,3,1,2,
28. Jun. 2021 01:30,6,3,3,
28. Jun. 2021 01:45,9,3,6,
28. Jun. 2021 02:00,4,2,2,
28. Jun. 2021 02:15,2,1,1,
28. Jun. 2021 02:30,2,1,1,
28. Jun. 2021 02:45,0,0,0,
28. Jun. 2021 03:00,2,0,2,
28. Jun. 2021 03:15,0,0,0,
28. Jun. 2021 03:30,2,2,0,
28. Jun. 2021 03:45,3,0,3,
28. Jun. 2021 04:00,2,2,0,
28. Jun. 2021 04:15,1,0,1,
28. Jun. 2021 04:30,1,1,0,
28. Jun. 2021 04:45,7,2,5,
28. Jun. 2021 05:00,6,4,2,
28. Jun. 2021 05:15,7,4,3,
28. Jun. 2021 05:30,17,8,9,
28. Jun. 2021 05:45,28,15,13,
28. Jun. 2021 06:00,22,11,11,
28. Jun. 2021 06:15,50,39,11,
28. Jun. 2021 06:30,60,31,29,
28. Jun. 2021 06:45,85,49,36,
28. Jun. 2021 07:00,111,53,58,
28. Jun. 2021 07:15,291,193,98,
28. Jun. 2021 07:30,458,333,125,
28. Jun. 2021 07:45,249,147,102,
28. Jun. 2021 08:00,209,113,96,
28. Jun. 2021 08:15,179,100,79,
28. Jun. 2021 08:30,183,110,73,
28. Jun. 2021 08:45,205,105,100,
28. Jun. 2021 09:00,175,84,91,
28. Jun. 2021 09:15,208,121,87,
28. Jun. 2021 09:30,175,108,67,
28. Jun. 2021 09:45,142,77,65,
28. Jun. 2021 10:00,146,66,80,
28. Jun. 2021 10:15,153,76,77,
28. Jun. 2021 10:30,129,63,66,
28. Jun. 2021 10:45,156,92,64,
28. Jun. 2021 11:00,166,84,82,
28. Jun. 2021 11:15,172,85,87,
28. Jun. 2021 11:30,166,76,90,
28. Jun. 2021 11:45,174,83,91,
28. Jun. 2021 12:00,178,89,89,
28. Jun. 2021 12:15,212,89,123,
28. Jun. 2021 12:30,197,85,112,
28. Jun. 2021 12:45,203,94,109,
28. Jun. 2021 13:00,366,144,222,
28. Jun. 2021 13:15,212,108,104,
28. Jun. 2021 13:30,212,108,104,
28. Jun. 2021 13:45,278,147,131,
28. Jun. 2021 14:00,253,89,164,
28. Jun. 2021 14:15,215,103,112,
28. Jun. 2021 14:30,183,96,87,
28. Jun. 2021 14:45,225,110,115,
28. Jun. 2021 15:00,229,114,115,
28. Jun. 2021 15:15,229,101,128,
28. Jun. 2021 15:30,293,148,145,
28. Jun. 2021 15:45,272,139,133,
28. Jun. 2021 16:00,260,121,139,
28. Jun. 2021 16:15,247,126,121,
28. Jun. 2021 16:30,216,106,110,
28. Jun. 2021 16:45,279,140,139,
28. Jun. 2021 17:00,249,105,144,
28. Jun. 2021 17:15,267,128,139,
28. Jun. 2021 17:30,292,147,145,
28. Jun. 2021 17:45,299,144,155,
28. Jun. 2021 18:00,254,115,139,
28. Jun. 2021 18:15,246,116,130,
28. Jun. 2021 18:30,236,110,126,
28. Jun. 2021 18:45,239,109,130,
28. Jun. 2021 19:00,253,102,151,
28. Jun. 2021 19:15,233,119,114,
28. Jun. 2021 19:30,133,65,68,
28. Jun. 2021 19:45,77,31,46,
28. Jun. 2021 20:00,47,20,27,
28. Jun. 2021 20:15,55,18,37,
28. Jun. 2021 20:30,84,35,49,
28. Jun. 2021 20:45,76,28,48,
28. Jun. 2021 21:00,71,29,42,
28. Jun. 2021 21:15,41,20,21,
28. Jun. 2021 21:30,56,22,34,
28. Jun. 2021 21:45,41,14,27,
28. Jun. 2021 22:00,43,14,29,
28. Jun. 2021 22:15,34,8,26,
28. Jun. 2021 22:30,20,8,12,
28. Jun. 2021 22:45,15,0,15,
28. Jun. 2021 23:00,16,7,9,
28. Jun. 2021 23:15,15,4,11,
28. Jun. 2021 23:30,8,2,6,
28. Jun. 2021 23:45,15,8,7,
29. Jun. 2021 00:00,32,16,16,
29. Jun. 2021 00:15,16,7,9,
29. Jun. 2021 00:30,10,4,6,
29. Jun. 2021 00:45,7,3,4,
29. Jun. 2021 01:00,6,3,3,
29. Jun. 2021 01:15,11,8,3,
29. Jun. 2021 01:30,2,2,0,
29. Jun. 2021 01:45,2,2,0,
29. Jun. 2021 02:00,3,2,1,
29. Jun. 2021 02:15,0,0,0,
29. Jun. 2021 02:30,1,0,1,
29. Jun. 2021 02:45,0,0,0,
29. Jun. 2021 03:00,0,0,0,
29. Jun. 2021 03:15,1,1,0,
29. Jun. 2021 03:30,1,0,1,
29. Jun. 2021 03:45,0,0,0,
29. Jun. 2021 04:00,3,0,3,
29. Jun. 2021 04:15,2,1,1,
29. Jun. 2021 04:30,0,0,0,
29. Jun. 2021 04:45,4,4,0,
29. Jun. 2021 05:00,1,1,0,
29. Jun. 2021 05:15,3,2,1,
29. Jun. 2021 05:30,5,4,1,
29. Jun. 2021 05:45,17,10,7,
29. Jun. 2021 06:00,18,8,10,
29. Jun. 2021 06:15,12,6,6,
29. Jun. 2021 06:30,36,19,17,
29. Jun. 2021 06:45,42,25,17,
29. Jun. 2021 07:00,78,34,44,
29. Jun. 2021 07:15,158,108,50,
29. Jun. 2021 07:30,359,234,125,
29. Jun. 2021 07:45,212,115,97,
29. Jun. 2021 08:00,165,87,78,
29. Jun. 2021 08:15,199,101,98,
29. Jun. 2021 08:30,161,83,78,
29. Jun. 2021 08:45,196,113,83,
29. Jun. 2021 09:00,150,95,55,
29. Jun. 2021 09:15,190,127,63,
29. Jun. 2021 09:30,188,89,99,
29. Jun. 2021 09:45,152,86,66,
29. Jun. 2021 10:00,131,66,65,
29. Jun. 2021 10:15,146,77,69,
29. Jun. 2021 10:30,126,76,50,
29. Jun. 2021 10:45,120,67,53,
29. Jun. 2021 11:00,180,107,73,
29. Jun. 2021 11:15,177,86,91,
29. Jun. 2021 11:30,157,76,81,
29. Jun. 2021 11:45,155,76,79,
29. Jun. 2021 12:00,158,62,96,
29. Jun. 2021 12:15,166,74,92,
29. Jun. 2021 12:30,189,81,108,
29. Jun. 2021 12:45,194,106,88,
29. Jun. 2021 13:00,330,127,203,
29. Jun. 2021 13:15,195,96,99,
29. Jun. 2021 13:30,205,102,103,
29. Jun. 2021 13:45,312,137,175,
29. Jun. 2021 14:00,152,55,97,
29. Jun. 2021 14:15,23,13,10,
29. Jun. 2021 14:30,63,29,34,
29. Jun. 2021 14:45,116,42,74,
29. Jun. 2021 15:00,106,59,47,
29. Jun. 2021 15:15,143,52,91,
29. Jun. 2021 15:30,249,131,118,
29. Jun. 2021 15:45,186,82,104,
29. Jun. 2021 16:00,182,89,93,
29. Jun. 2021 16:15,173,81,92,
29. Jun. 2021 16:30,168,73,95,
29. Jun. 2021 16:45,241,139,102,
29. Jun. 2021 17:00,255,122,133,
29. Jun. 2021 17:15,315,145,170,
29. Jun. 2021 17:30,317,157,160,
29. Jun. 2021 17:45,281,155,126,
29. Jun. 2021 18:00,162,74,88,
29. Jun. 2021 18:15,99,44,55,
29. Jun. 2021 18:30,114,44,70,
29. Jun. 2021 18:45,118,45,73,
29. Jun. 2021 19:00,87,50,37,
29. Jun. 2021 19:15,92,47,45,
29. Jun. 2021 19:30,57,27,30,
29. Jun. 2021 19:45,65,26,39,
29. Jun. 2021 20:00,121,40,81,
29. Jun. 2021 20:15,158,74,84,
29. Jun. 2021 20:30,116,44,72,
29. Jun. 2021 20:45,103,32,71,
29. Jun. 2021 21:00,89,42,47,
29. Jun. 2021 21:15,91,37,54,
29. Jun. 2021 21:30,81,28,53,
29. Jun. 2021 21:45,62,28,34,
29. Jun. 2021 22:00,85,31,54,
29. Jun. 2021 22:15,80,29,51,
29. Jun. 2021 22:30,51,22,29,
29. Jun. 2021 22:45,40,20,20,
29. Jun. 2021 23:00,28,16,12,
29. Jun. 2021 23:15,41,14,27,
29. Jun. 2021 23:30,20,10,10,
29. Jun. 2021 23:45,36,9,27,
30. Jun. 2021 00:00,33,12,21,
30. Jun. 2021 00:15,21,11,10,
30. Jun. 2021 00:30,15,2,13,
30. Jun. 2021 00:45,12,5,7,
30. Jun. 2021 01:00,19,6,13,
30. Jun. 2021 01:15,9,4,5,
30. Jun. 2021 01:30,8,2,6,
30. Jun. 2021 01:45,3,1,2,
30. Jun. 2021 02:00,3,0,3,
30. Jun. 2021 02:15,4,3,1,
30. Jun. 2021 02:30,0,0,0,
30. Jun. 2021 02:45,1,0,1,
30. Jun. 2021 03:00,2,2,0,
30. Jun. 2021 03:15,1,1,0,
30. Jun. 2021 03:30,1,1,0,
30. Jun. 2021 03:45,1,0,1,
30. Jun. 2021 04:00,3,2,1,
30. Jun. 2021 04:15,2,0,2,
30. Jun. 2021 04:30,2,0,2,
30. Jun. 2021 04:45,5,4,1,
30. Jun. 2021 05:00,3,2,1,
30. Jun. 2021 05:15,6,6,0,
30. Jun. 2021 05:30,11,7,4,
30. Jun. 2021 05:45,24,16,8,
30. Jun. 2021 06:00,28,14,14,
30. Jun. 2021 06:15,33,23,10,
30. Jun. 2021 06:30,54,29,25,
30. Jun. 2021 06:45,78,42,36,
30. Jun. 2021 07:00,97,53,44,
30. Jun. 2021 07:15,232,152,80,
30. Jun. 2021 07:30,425,280,145,
30. Jun. 2021 07:45,216,102,114,
30. Jun. 2021 08:00,183,104,79,
30. Jun. 2021 08:15,202,104,98,
30. Jun. 2021 08:30,170,100,70,
30. Jun. 2021 08:45,189,109,80,
30. Jun. 2021 09:00,163,95,68,
30. Jun. 2021 09:15,215,141,74,
30. Jun. 2021 09:30,146,89,57,
30. Jun. 2021 09:45,137,78,59,
30. Jun. 2021 10:00,102,53,49,
30. Jun. 2021 10:15,131,68,63,
30. Jun. 2021 10:30,133,74,59,
30. Jun. 2021 10:45,118,61,57,
30. Jun. 2021 11:00,130,58,72,
30. Jun. 2021 11:15,148,72,76,
30. Jun. 2021 11:30,155,68,87,
30. Jun. 2021 11:45,148,83,65,
30. Jun. 2021 12:00,172,76,96,
30. Jun. 2021 12:15,196,102,94,
30. Jun. 2021 12:30,192,94,98,
30. Jun. 2021 12:45,194,110,84,
30. Jun. 2021 13:00,472,182,290,
30. Jun. 2021 13:15,166,70,96,
30. Jun. 2021 13:30,162,85,77,
30. Jun. 2021 13:45,187,103,84,
30. Jun. 2021 14:00,181,81,100,
30. Jun. 2021 14:15,159,91,68,
30. Jun. 2021 14:30,171,82,89,
30. Jun. 2021 14:45,200,87,113,
30. Jun. 2021 15:00,182,83,99,
30. Jun. 2021 15:15,200,88,112,
30. Jun. 2021 15:30,269,93,176,
30. Jun. 2021 15:45,214,110,104,
30. Jun. 2021 16:00,218,108,110,
30. Jun. 2021 16:15,215,101,114,
30. Jun. 2021 16:30,241,121,120,
30. Jun. 2021 16:45,238,120,118,
30. Jun. 2021 17:00,242,109,133,
30. Jun. 2021 17:15,238,122,116,
30. Jun. 2021 17:30,238,122,116,
30. Jun. 2021 17:45,309,117,192,
30. Jun. 2021 18:00,215,71,144,
30. Jun. 2021 18:15,204,79,125,
30. Jun. 2021 18:30,174,66,108,
30. Jun. 2021 18:45,155,58,97,
30. Jun. 2021 19:00,132,52,80,
30. Jun. 2021 19:15,108,40,68,
30. Jun. 2021 19:30,73,34,39,
30. Jun. 2021 19:45,129,47,82,
30. Jun. 2021 20:00,107,52,55,
30. Jun. 2021 20:15,92,40,52,
30. Jun. 2021 20:30,84,42,42,
30. Jun. 2021 20:45,72,40,32,
30. Jun. 2021 21:00,58,26,32,
30. Jun. 2021 21:15,55,22,33,
30. Jun. 2021 21:30,50,17,33,
30. Jun. 2021 21:45,41,12,29,
30. Jun. 2021 22:00,39,24,15,
30. Jun. 2021 22:15,40,21,19,
30. Jun. 2021 22:30,28,10,18,
30. Jun. 2021 22:45,40,17,23,
30. Jun. 2021 23:00,27,10,17,
30. Jun. 2021 23:15,25,8,17,
30. Jun. 2021 23:30,17,10,7,
30. Jun. 2021 23:45,19,5,14,
1. Jul. 2021 00:00,11,4,7,
1. Jul. 2021 00:15,5,2,3,
1. Jul. 2021 00:30,6,2,4,
1. Jul. 2021 00:45,7,5,2,
1. Jul. 2021 01:00,17,8,9,
1. Jul. 2021 01:15,7,2,5,
1. Jul. 2021 01:30,9,3,6,
1. Jul. 2021 01:45,8,1,7,
1. Jul. 2021 02:00,2,0,2,
1. Jul. 2021 02:15,3,2,1,
1. Jul. 2021 02:30,1,0,1,
1. Jul. 2021 02:45,1,1,0,
1. Jul. 2021 03:00,0,0,0,
1. Jul. 2021 03:15,0,0,0,
1. Jul. 2021 03:30,3,0,3,
1. Jul. 2021 03:45,4,2,2,
1. Jul. 2021 04:00,3,1,2,
1. Jul. 2021 04:15,0,0,0,
1. Jul. 2021 04:30,0,0,0,
1. Jul. 2021 04:45,3,1,2,
1. Jul. 2021 05:00,3,2,1,
1. Jul. 2021 05:15,5,3,2,
1. Jul. 2021 05:30,10,7,3,
1. Jul. 2021 05:45,14,6,8,
1. Jul. 2021 06:00,28,19,9,
1. Jul. 2021 06:15,14,10,4,
1. Jul. 2021 06:30,54,30,24,
1. Jul. 2021 06:45,53,40,13,
1. Jul. 2021 07:00,81,36,45,
1. Jul. 2021 07:15,168,110,58,
1. Jul. 2021 07:30,373,268,105,
1. Jul. 2021 07:45,199,106,93,
1. Jul. 2021 08:00,164,91,73,
1. Jul. 2021 08:15,196,117,79,
1. Jul. 2021 08:30,174,83,91,
1. Jul. 2021 08:45,212,117,95,
1. Jul. 2021 09:00,152,87,65,
1. Jul. 2021 09:15,199,118,81,
1. Jul. 2021 09:30,172,112,60,
1. Jul. 2021 09:45,123,72,51,
1. Jul. 2021 10:00,105,63,42,
1. Jul. 2021 10:15,101,56,45,
1. Jul. 2021 10:30,89,52,37,
1. Jul. 2021 10:45,121,73,48,
1. Jul. 2021 11:00,134,71,63,
1. Jul. 2021 11:15,130,50,80,
1. Jul. 2021 11:30,131,78,53,
1. Jul. 2021 11:45,125,70,55,
1. Jul. 2021 12:00,131,66,65,
1. Jul. 2021 12:15,179,79,100,
1. Jul. 2021 12:30,171,86,85,
1. Jul. 2021 12:45,210,93,117,
1. Jul. 2021 13:00,307,130,177,
1. Jul. 2021 13:15,176,85,91,
1. Jul. 2021 13:30,179,76,103,
1. Jul. 2021 13:45,198,109,89,
1. Jul. 2021 14:00,180,79,101,
1. Jul. 2021 14:15,164,85,79,
1. Jul. 2021 14:30,174,83,91,
1. Jul. 2021 14:45,183,75,108,
1. Jul. 2021 15:00,194,88,106,
1. Jul. 2021 15:15,191,90,101,
1. Jul. 2021 15:30,319,140,179,
1. Jul. 2021 15:45,232,124,108,
1. Jul. 2021 16:00,204,95,109,
1. Jul. 2021 16:15,258,118,140,
1. Jul. 2021 16:30,234,114,120,
1. Jul. 2021 16:45,235,129,106,
1. Jul. 2021 17:00,203,88,115,
1. Jul. 2021 17:15,282,120,162,
1. Jul. 2021 17:30,251,120,131,
1. Jul. 2021 17:45,238,108,130,
1. Jul. 2021 18:00,228,95,133,
1. Jul. 2021 18:15,247,99,148,
1. Jul. 2021 18:30,228,108,120,
1. Jul. 2021 18:45,221,110,111,
1. Jul. 2021 19:00,197,88,109,
1. Jul. 2021 19:15,173,88,85,
1. Jul. 2021 19:30,135,63,72,
1. Jul. 2021 19:45,135,60,75,
1. Jul. 2021 20:00,137,46,91,
1. Jul. 2021 20:15,139,60,79,
1. Jul. 2021 20:30,112,50,62,
1. Jul. 2021 20:45,84,31,53,
1. Jul. 2021 21:00,92,34,58,
1. Jul. 2021 21:15,92,44,48,
1. Jul. 2021 21:30,90,54,36,
1. Jul. 2021 21:45,80,27,53,
1. Jul. 2021 22:00,73,27,46,
1. Jul. 2021 22:15,86,32,54,
1. Jul. 2021 22:30,55,14,41,
1. Jul. 2021 22:45,56,21,35,
1. Jul. 2021 23:00,47,13,34,
1. Jul. 2021 23:15,34,11,23,
1. Jul. 2021 23:30,43,14,29,
1. Jul. 2021 23:45,25,8,17,
2. Jul. 2021 00:00,31,18,13,
2. Jul. 2021 00:15,18,8,10,
2. Jul. 2021 00:30,14,4,10,
2. Jul. 2021 00:45,16,9,7,
2. Jul. 2021 01:00,13,6,7,
2. Jul. 2021 01:15,19,8,11,
2. Jul. 2021 01:30,15,3,12,
2. Jul. 2021 01:45,7,4,3,
2. Jul. 2021 02:00,6,1,5,
2. Jul. 2021 02:15,5,3,2,
2. Jul. 2021 02:30,1,1,0,
2. Jul. 2021 02:45,2,1,1,
2. Jul. 2021 03:00,2,0,2,
2. Jul. 2021 03:15,2,1,1,
2. Jul. 2021 03:30,4,0,4,
2. Jul. 2021 03:45,1,0,1,
2. Jul. 2021 04:00,2,1,1,
2. Jul. 2021 04:15,6,4,2,
2. Jul. 2021 04:30,3,3,0,
2. Jul. 2021 04:45,3,2,1,
2. Jul. 2021 05:00,3,1,2,
2. Jul. 2021 05:15,15,7,8,
2. Jul. 2021 05:30,17,13,4,
2. Jul. 2021 05:45,28,18,10,
2. Jul. 2021 06:00,31,19,12,
2. Jul. 2021 06:15,21,16,5,
2. Jul. 2021 06:30,46,30,16,
2. Jul. 2021 06:45,86,58,28,
2. Jul. 2021 07:00,91,43,48,
2. Jul. 2021 07:15,211,141,70,
2. Jul. 2021 07:30,417,309,108,
2. Jul. 2021 07:45,233,139,94,
2. Jul. 2021 08:00,227,138,89,
2. Jul. 2021 08:15,258,153,105,
2. Jul. 2021 08:30,195,101,94,
2. Jul. 2021 08:45,222,128,94,
2. Jul. 2021 09:00,187,115,72,
2. Jul. 2021 09:15,214,128,86,
2. Jul. 2021 09:30,199,117,82,
2. Jul. 2021 09:45,206,117,89,
2. Jul. 2021 10:00,159,87,72,
2. Jul. 2021 10:15,200,92,108,
2. Jul. 2021 10:30,152,82,70,
2. Jul. 2021 10:45,146,80,66,
2. Jul. 2021 11:00,176,93,83,
2. Jul. 2021 11:15,201,112,89,
2. Jul. 2021 11:30,192,97,95,
2. Jul. 2021 11:45,204,89,115,
2. Jul. 2021 12:00,243,105,138,
2. Jul. 2021 12:15,260,122,138,
2. Jul. 2021 12:30,231,140,91,
2. Jul. 2021 12:45,231,109,122,
2. Jul. 2021 13:00,447,141,306,
2. Jul. 2021 13:15,242,105,137,
2. Jul. 2021 13:30,269,103,166,
2. Jul. 2021 13:45,275,118,157,
2. Jul. 2021 14:00,282,114,168,
2. Jul. 2021 14:15,205,118,87,
2. Jul. 2021 14:30,233,118,115,
2. Jul. 2021 14:45,241,115,126,
2. Jul. 2021 15:00,221,97,124,
2. Jul. 2021 15:15,238,127,111,
2. Jul. 2021 15:30,260,119,141,
2. Jul. 2021 15:45,259,123,136,
2. Jul. 2021 16:00,306,164,142,
2. Jul. 2021 16:15,248,134,114,
2. Jul. 2021 16:30,230,126,104,
2. Jul. 2021 16:45,249,126,123,
2. Jul. 2021 17:00,272,128,144,
2. Jul. 2021 17:15,239,103,136,
2. Jul. 2021 17:30,264,146,118,
2. Jul. 2021 17:45,259,119,140,
2. Jul. 2021 18:00,234,90,144,
2. Jul. 2021 18:15,244,122,122,
2. Jul. 2021 18:30,226,116,110,
2. Jul. 2021 18:45,254,136,118,
2. Jul. 2021 19:00,219,106,113,
2. Jul. 2021 19:15,184,101,83,
2. Jul. 2021 19:30,172,101,71,
2. Jul. 2021 19:45,185,80,105,
2. Jul. 2021 20:00,174,94,80,
2. Jul. 2021 20:15,150,67,83,
2. Jul. 2021 20:30,110,57,53,
2. Jul. 2021 20:45,138,73,65,
2. Jul. 2021 21:00,157,73,84,
2. Jul. 2021 21:15,163,74,89,
2. Jul. 2021 21:30,106,58,48,
2. Jul. 2021 21:45,105,51,54,
2. Jul. 2021 22:00,137,65,72,
2. Jul. 2021 22:15,108,47,61,
2. Jul. 2021 22:30,84,31,53,
2. Jul. 2021 22:45,82,31,51,
2. Jul. 2021 23:00,101,31,70,
2. Jul. 2021 23:15,80,23,57,
2. Jul. 2021 23:30,82,25,57,
2. Jul. 2021 23:45,48,17,31,
3. Jul. 2021 00:00,67,13,54,
3. Jul. 2021 00:15,45,15,30,
3. Jul. 2021 00:30,48,11,37,
3. Jul. 2021 00:45,50,18,32,
3. Jul. 2021 01:00,42,13,29,
3. Jul. 2021 01:15,59,13,46,
3. Jul. 2021 01:30,50,6,44,
3. Jul. 2021 01:45,35,8,27,
3. Jul. 2021 02:00,38,9,29,
3. Jul. 2021 02:15,33,15,18,
3. Jul. 2021 02:30,25,2,23,
3. Jul. 2021 02:45,28,5,23,
3. Jul. 2021 03:00,15,5,10,
3. Jul. 2021 03:15,15,2,13,
3. Jul. 2021 03:30,7,2,5,
3. Jul. 2021 03:45,14,1,13,
3. Jul. 2021 04:00,13,3,10,
3. Jul. 2021 04:15,9,0,9,
3. Jul. 2021 04:30,4,1,3,
3. Jul. 2021 04:45,3,2,1,
3. Jul. 2021 05:00,6,4,2,
3. Jul. 2021 05:15,8,3,5,
3. Jul. 2021 05:30,17,9,8,
3. Jul. 2021 05:45,17,6,11,
3. Jul. 2021 06:00,16,9,7,
3. Jul. 2021 06:15,21,14,7,
3. Jul. 2021 06:30,17,5,12,
3. Jul. 2021 06:45,21,11,10,
3. Jul. 2021 07:00,17,8,9,
3. Jul. 2021 07:15,43,32,11,
3. Jul. 2021 07:30,22,15,7,
3. Jul. 2021 07:45,42,19,23,
3. Jul. 2021 08:00,48,27,21,
3. Jul. 2021 08:15,81,48,33,
3. Jul. 2021 08:30,83,43,40,
3. Jul. 2021 08:45,124,61,63,
3. Jul. 2021 09:00,110,72,38,
3. Jul. 2021 09:15,134,73,61,
3. Jul. 2021 09:30,159,109,50,
3. Jul. 2021 09:45,248,159,89,
3. Jul. 2021 10:00,168,71,97,
3. Jul. 2021 10:15,177,99,78,
3. Jul. 2021 10:30,191,99,92,
3. Jul. 2021 10:45,180,99,81,
3. Jul. 2021 11:00,195,110,85,
3. Jul. 2021 11:15,198,105,93,
3. Jul. 2021 11:30,258,152,106,
3. Jul. 2021 11:45,193,103,90,
3. Jul. 2021 12:00,194,98,96,
3. Jul. 2021 12:15,181,87,94,
3. Jul. 2021 12:30,172,90,82,
3. Jul. 2021 12:45,223,125,98,
3. Jul. 2021 13:00,180,66,114,
3. Jul. 2021 13:15,175,92,83,
3. Jul. 2021 13:30,210,98,112,
3. Jul. 2021 13:45,214,99,115,
3. Jul. 2021 14:00,236,103,133,
3. Jul. 2021 14:15,207,99,108,
3. Jul. 2021 14:30,240,118,122,
3. Jul. 2021 14:45,196,97,99,
3. Jul. 2021 15:00,153,74,79,
3. Jul. 2021 15:15,226,113,113,
3. Jul. 2021 15:30,168,87,81,
3. Jul. 2021 15:45,183,89,94,
3. Jul. 2021 16:00,187,88,99,
3. Jul. 2021 16:15,223,101,122,
3. Jul. 2021 16:30,188,98,90,
3. Jul. 2021 16:45,229,107,122,
3. Jul. 2021 17:00,252,125,127,
3. Jul. 2021 17:15,200,93,107,
3. Jul. 2021 17:30,188,101,87,
3. Jul. 2021 17:45,242,96,146,
3. Jul. 2021 18:00,206,98,108,
3. Jul. 2021 18:15,152,75,77,
3. Jul. 2021 18:30,118,38,80,
3. Jul. 2021 18:45,133,71,62,
3. Jul. 2021 19:00,140,59,81,
3. Jul. 2021 19:15,110,48,62,
3. Jul. 2021 19:30,89,37,52,
3. Jul. 2021 19:45,86,51,35,
3. Jul. 2021 20:00,78,36,42,
3. Jul. 2021 20:15,101,50,51,
3. Jul. 2021 20:30,63,26,37,
3. Jul. 2021 20:45,48,18,30,
3. Jul. 2021 21:00,89,38,51,
3. Jul. 2021 21:15,50,25,25,
3. Jul. 2021 21:30,51,24,27,
3. Jul. 2021 21:45,44,31,13,
3. Jul. 2021 22:00,54,20,34,
3. Jul. 2021 22:15,38,17,21,
3. Jul. 2021 22:30,56,26,30,
3. Jul. 2021 22:45,69,33,36,
3. Jul. 2021 23:00,52,14,38,
3. Jul. 2021 23:15,43,22,21,
3. Jul. 2021 23:30,35,13,22,
3. Jul. 2021 23:45,33,14,19,
4. Jul. 2021 00:00,58,17,41,
4. Jul. 2021 00:15,45,15,30,
4. Jul. 2021 00:30,41,19,22,
4. Jul. 2021 00:45,51,28,23,
4. Jul. 2021 01:00,34,9,25,
4. Jul. 2021 01:15,29,10,19,
4. Jul. 2021 01:30,23,8,15,
4. Jul. 2021 01:45,27,7,20,
4. Jul. 2021 02:00,18,4,14,
4. Jul. 2021 02:15,16,7,9,
4. Jul. 2021 02:30,26,7,19,
4. Jul. 2021 02:45,24,2,22,
4. Jul. 2021 03:00,10,2,8,
4. Jul. 2021 03:15,19,4,15,
4. Jul. 2021 03:30,10,1,9,
4. Jul. 2021 03:45,12,2,10,
4. Jul. 2021 04:00,9,2,7,
4. Jul. 2021 04:15,13,1,12,
4. Jul. 2021 04:30,8,5,3,
4. Jul. 2021 04:45,7,3,4,
4. Jul. 2021 05:00,5,2,3,
4. Jul. 2021 05:15,8,5,3,
4. Jul. 2021 05:30,12,4,8,
4. Jul. 2021 05:45,8,4,4,
4. Jul. 2021 06:00,6,2,4,
4. Jul. 2021 06:15,14,11,3,
4. Jul. 2021 06:30,7,7,0,
4. Jul. 2021 06:45,9,5,4,
4. Jul. 2021 07:00,10,3,7,
4. Jul. 2021 07:15,8,4,4,
4. Jul. 2021 07:30,14,8,6,
4. Jul. 2021 07:45,19,9,10,
4. Jul. 2021 08:00,16,8,8,
4. Jul. 2021 08:15,21,9,12,
4. Jul. 2021 08:30,24,11,13,
4. Jul. 2021 08:45,56,26,30,
4. Jul. 2021 09:00,44,22,22,
4. Jul. 2021 09:15,77,45,32,
4. Jul. 2021 09:30,73,44,29,
4. Jul. 2021 09:45,120,88,32,
4. Jul. 2021 10:00,77,43,34,
4. Jul. 2021 10:15,80,45,35,
4. Jul. 2021 10:30,91,44,47,
4. Jul. 2021 10:45,93,59,34,
4. Jul. 2021 11:00,79,44,35,
4. Jul. 2021 11:15,87,56,31,
4. Jul. 2021 11:30,121,58,63,
4. Jul. 2021 11:45,116,55,61,
4. Jul. 2021 12:00,129,56,73,
4. Jul. 2021 12:15,122,59,63,
4. Jul. 2021 12:30,120,59,61,
4. Jul. 2021 12:45,96,53,43,
4. Jul. 2021 13:00,109,57,52,
4. Jul. 2021 13:15,132,52,80,
4. Jul. 2021 13:30,135,49,86,
4. Jul. 2021 13:45,112,70,42,
4. Jul. 2021 14:00,114,55,59,
4. Jul. 2021 14:15,125,54,71,
4. Jul. 2021 14:30,117,48,69,
4. Jul. 2021 14:45,139,70,69,
4. Jul. 2021 15:00,125,53,72,
4. Jul. 2021 15:15,135,67,68,
4. Jul. 2021 15:30,133,60,73,
4. Jul. 2021 15:45,126,72,54,
4. Jul. 2021 16:00,73,39,34,
4. Jul. 2021 16:15,80,41,39,
4. Jul. 2021 16:30,71,33,38,
4. Jul. 2021 16:45,70,34,36,
4. Jul. 2021 17:00,88,41,47,
4. Jul. 2021 17:15,70,29,41,
4. Jul. 2021 17:30,59,34,25,
4. Jul. 2021 17:45,35,15,20,
4. Jul. 2021 18:00,38,15,23,
4. Jul. 2021 18:15,49,14,35,
4. Jul. 2021 18:30,48,27,21,
4. Jul. 2021 18:45,46,19,27,
4. Jul. 2021 19:00,48,14,34,
4. Jul. 2021 19:15,49,23,26,
4. Jul. 2021 19:30,37,24,13,
4. Jul. 2021 19:45,37,20,17,
4. Jul. 2021 20:00,31,16,15,
4. Jul. 2021 20:15,42,23,19,
4. Jul. 2021 20:30,33,17,16,
4. Jul. 2021 20:45,32,12,20,
4. Jul. 2021 21:00,37,12,25,
4. Jul. 2021 21:15,22,10,12,
4. Jul. 2021 21:30,30,14,16,
4. Jul. 2021 21:45,22,9,13,
4. Jul. 2021 22:00,21,7,14,
4. Jul. 2021 22:15,32,17,15,
4. Jul. 2021 22:30,24,11,13,
4. Jul. 2021 22:45,11,2,9,
4. Jul. 2021 23:00,14,4,10,
4. Jul. 2021 23:15,12,7,5,
4. Jul. 2021 23:30,14,7,7,
4. Jul. 2021 23:45,10,3,7,
5. Jul. 2021 00:00,10,4,6,
5. Jul. 2021 00:15,9,6,3,
5. Jul. 2021 00:30,14,4,10,
5. Jul. 2021 00:45,8,4,4,
5. Jul. 2021 01:00,6,0,6,
5. Jul. 2021 01:15,5,5,0,
5. Jul. 2021 01:30,1,1,0,
5. Jul. 2021 01:45,3,2,1,
5. Jul. 2021 02:00,2,0,2,
5. Jul. 2021 02:15,3,0,3,
5. Jul. 2021 02:30,0,0,0,
5. Jul. 2021 02:45,1,0,1,
5. Jul. 2021 03:00,0,0,0,
5. Jul. 2021 03:15,2,2,0,
5. Jul. 2021 03:30,0,0,0,
5. Jul. 2021 03:45,1,1,0,
5. Jul. 2021 04:00,3,3,0,
5. Jul. 2021 04:15,4,3,1,
5. Jul. 2021 04:30,2,1,1,
5. Jul. 2021 04:45,8,6,2,
5. Jul. 2021 05:00,3,1,2,
5. Jul. 2021 05:15,4,2,2,
5. Jul. 2021 05:30,11,6,5,
5. Jul. 2021 05:45,24,17,7,
5. Jul. 2021 06:00,27,18,9,
5. Jul. 2021 06:15,37,30,7,
5. Jul. 2021 06:30,60,32,28,
5. Jul. 2021 06:45,91,49,42,
5. Jul. 2021 07:00,110,55,55,
5. Jul. 2021 07:15,218,147,71,
5. Jul. 2021 07:30,442,309,133,
5. Jul. 2021 07:45,255,163,92,
5. Jul. 2021 08:00,209,121,88,
5. Jul. 2021 08:15,212,122,90,
5. Jul. 2021 08:30,202,105,97,
5. Jul. 2021 08:45,221,147,74,
5. Jul. 2021 09:00,152,84,68,
5. Jul. 2021 09:15,187,93,94,
5. Jul. 2021 09:30,154,76,78,
5. Jul. 2021 09:45,143,94,49,
5. Jul. 2021 10:00,129,71,58,
5. Jul. 2021 10:15,98,45,53,
5. Jul. 2021 10:30,116,53,63,
5. Jul. 2021 10:45,135,78,57,
5. Jul. 2021 11:00,144,47,97,
5. Jul. 2021 11:15,145,67,78,
5. Jul. 2021 11:30,118,59,59,
5. Jul. 2021 11:45,170,85,85,
5. Jul. 2021 12:00,161,63,98,
5. Jul. 2021 12:15,152,70,82,
5. Jul. 2021 12:30,201,103,98,
5. Jul. 2021 12:45,208,93,115,
5. Jul. 2021 13:00,347,118,229,
5. Jul. 2021 13:15,219,98,121,
5. Jul. 2021 13:30,182,104,78,
5. Jul. 2021 13:45,184,91,93,
5. Jul. 2021 14:00,277,125,152,
5. Jul. 2021 14:15,218,116,102,
5. Jul. 2021 14:30,179,96,83,
5. Jul. 2021 14:45,219,123,96,
5. Jul. 2021 15:00,205,94,111,
5. Jul. 2021 15:15,225,118,107,
5. Jul. 2021 15:30,308,133,175,
5. Jul. 2021 15:45,224,123,101,
5. Jul. 2021 16:00,256,98,158,
5. Jul. 2021 16:15,238,97,141,
5. Jul. 2021 16:30,282,128,154,
5. Jul. 2021 16:45,244,118,126,
5. Jul. 2021 17:00,271,137,134,
5. Jul. 2021 17:15,293,143,150,
5. Jul. 2021 17:30,269,136,133,
5. Jul. 2021 17:45,270,130,140,
5. Jul. 2021 18:00,257,116,141,
5. Jul. 2021 18:15,238,101,137,
5. Jul. 2021 18:30,238,111,127,
5. Jul. 2021 18:45,234,97,137,
5. Jul. 2021 19:00,203,81,122,
5. Jul. 2021 19:15,190,98,92,
5. Jul. 2021 19:30,173,82,91,
5. Jul. 2021 19:45,173,76,97,
5. Jul. 2021 20:00,139,60,79,
5. Jul. 2021 20:15,170,73,97,
5. Jul. 2021 20:30,100,44,56,
5. Jul. 2021 20:45,110,48,62,
5. Jul. 2021 21:00,106,45,61,
5. Jul. 2021 21:15,120,48,72,
5. Jul. 2021 21:30,84,31,53,
5. Jul. 2021 21:45,83,36,47,
5. Jul. 2021 22:00,87,25,62,
5. Jul. 2021 22:15,73,37,36,
5. Jul. 2021 22:30,53,22,31,
5. Jul. 2021 22:45,51,21,30,
5. Jul. 2021 23:00,41,15,26,
5. Jul. 2021 23:15,36,11,25,
5. Jul. 2021 23:30,23,11,12,
5. Jul. 2021 23:45,25,14,11,
6. Jul. 2021 00:00,26,13,13,
6. Jul. 2021 00:15,17,12,5,
6. Jul. 2021 00:30,13,7,6,
6. Jul. 2021 00:45,13,5,8,
6. Jul. 2021 01:00,6,0,6,
6. Jul. 2021 01:15,10,3,7,
6. Jul. 2021 01:30,5,4,1,
6. Jul. 2021 01:45,2,2,0,
6. Jul. 2021 02:00,1,0,1,
6. Jul. 2021 02:15,7,2,5,
6. Jul. 2021 02:30,4,1,3,
6. Jul. 2021 02:45,2,1,1,
6. Jul. 2021 03:00,3,1,2,
6. Jul. 2021 03:15,1,0,1,
6. Jul. 2021 03:30,0,0,0,
6. Jul. 2021 03:45,1,1,0,
6. Jul. 2021 04:00,1,0,1,
6. Jul. 2021 04:15,3,3,0,
6. Jul. 2021 04:30,3,2,1,
6. Jul. 2021 04:45,6,5,1,
6. Jul. 2021 05:00,4,4,0,
6. Jul. 2021 05:15,7,4,3,
6. Jul. 2021 05:30,19,13,6,
6. Jul. 2021 05:45,31,18,13,
6. Jul. 2021 06:00,37,23,14,
6. Jul. 2021 06:15,46,37,9,
6. Jul. 2021 06:30,56,25,31,
6. Jul. 2021 06:45,91,48,43,
6. Jul. 2021 07:00,111,63,48,
6. Jul. 2021 07:15,216,151,65,
6. Jul. 2021 07:30,423,300,123,
6. Jul. 2021 07:45,244,137,107,
6. Jul. 2021 08:00,240,135,105,
6. Jul. 2021 08:15,219,127,92,
6. Jul. 2021 08:30,237,140,97,
6. Jul. 2021 08:45,245,145,100,
6. Jul. 2021 09:00,164,80,84,
6. Jul. 2021 09:15,268,169,99,
6. Jul. 2021 09:30,194,92,102,
6. Jul. 2021 09:45,170,108,62,
6. Jul. 2021 10:00,157,89,68,
6. Jul. 2021 10:15,178,79,99,
6. Jul. 2021 10:30,143,82,61,
6. Jul. 2021 10:45,167,96,71,
6. Jul. 2021 11:00,212,117,95,
6. Jul. 2021 11:15,214,106,108,
6. Jul. 2021 11:30,159,75,84,
6. Jul. 2021 11:45,206,106,100,
6. Jul. 2021 12:00,200,94,106,
6. Jul. 2021 12:15,226,100,126,
6. Jul. 2021 12:30,238,114,124,
6. Jul. 2021 12:45,246,101,145,
6. Jul. 2021 13:00,344,103,241,
6. Jul. 2021 13:15,245,105,140,
6. Jul. 2021 13:30,224,117,107,
6. Jul. 2021 13:45,255,132,123,
6. Jul. 2021 14:00,238,109,129,
6. Jul. 2021 14:15,199,101,98,
6. Jul. 2021 14:30,211,100,111,
6. Jul. 2021 14:45,202,84,118,
6. Jul. 2021 15:00,203,96,107,
6. Jul. 2021 15:15,218,115,103,
6. Jul. 2021 15:30,346,189,157,
6. Jul. 2021 15:45,217,89,128,
6. Jul. 2021 16:00,240,112,128,
6. Jul. 2021 16:15,243,111,132,
6. Jul. 2021 16:30,198,81,117,
6. Jul. 2021 16:45,143,62,81,
6. Jul. 2021 17:00,182,60,122,
6. Jul. 2021 17:15,259,116,143,
6. Jul. 2021 17:30,177,88,89,
6. Jul. 2021 17:45,170,73,97,
6. Jul. 2021 18:00,195,91,104,
6. Jul. 2021 18:15,197,94,103,
6. Jul. 2021 18:30,191,86,105,
6. Jul. 2021 18:45,201,100,101,
6. Jul. 2021 19:00,150,62,88,
6. Jul. 2021 19:15,154,64,90,
6. Jul. 2021 19:30,119,53,66,
6. Jul. 2021 19:45,84,38,46,
6. Jul. 2021 20:00,97,40,57,
6. Jul. 2021 20:15,104,43,61,
6. Jul. 2021 20:30,70,34,36,
6. Jul. 2021 20:45,80,40,40,
6. Jul. 2021 21:00,53,24,29,
6. Jul. 2021 21:15,36,15,21,
6. Jul. 2021 21:30,52,22,30,
6. Jul. 2021 21:45,46,16,30,
6. Jul. 2021 22:00,52,15,37,
6. Jul. 2021 22:15,35,16,19,
6. Jul. 2021 22:30,36,10,26,
6. Jul. 2021 22:45,29,11,18,
6. Jul. 2021 23:00,40,12,28,
6. Jul. 2021 23:15,26,10,16,
6. Jul. 2021 23:30,17,12,5,
6. Jul. 2021 23:45,63,28,35,
7. Jul. 2021 00:00,42,18,24,
7. Jul. 2021 00:15,33,12,21,
7. Jul. 2021 00:30,15,6,9,
7. Jul. 2021 00:45,8,3,5,
7. Jul. 2021 01:00,9,3,6,
7. Jul. 2021 01:15,4,2,2,
7. Jul. 2021 01:30,8,3,5,
7. Jul. 2021 01:45,6,2,4,
7. Jul. 2021 02:00,2,2,0,
7. Jul. 2021 02:15,0,0,0,
7. Jul. 2021 02:30,1,1,0,
7. Jul. 2021 02:45,1,0,1,
7. Jul. 2021 03:00,1,1,0,
7. Jul. 2021 03:15,2,1,1,
7. Jul. 2021 03:30,3,2,1,
7. Jul. 2021 03:45,0,0,0,
7. Jul. 2021 04:00,2,1,1,
7. Jul. 2021 04:15,1,0,1,
7. Jul. 2021 04:30,2,1,1,
7. Jul. 2021 04:45,6,5,1,
7. Jul. 2021 05:00,2,2,0,
7. Jul. 2021 05:15,6,3,3,
7. Jul. 2021 05:30,16,11,5,
7. Jul. 2021 05:45,16,8,8,
7. Jul. 2021 06:00,33,14,19,
7. Jul. 2021 06:15,29,20,9,
7. Jul. 2021 06:30,49,29,20,
7. Jul. 2021 06:45,54,34,20,
7. Jul. 2021 07:00,78,40,38,
7. Jul. 2021 07:15,145,91,54,
7. Jul. 2021 07:30,307,209,98,
7. Jul. 2021 07:45,201,116,85,
7. Jul. 2021 08:00,120,62,58,
7. Jul. 2021 08:15,176,78,98,
7. Jul. 2021 08:30,139,79,60,
7. Jul. 2021 08:45,168,109,59,
7. Jul. 2021 09:00,107,67,40,
7. Jul. 2021 09:15,135,84,51,
7. Jul. 2021 09:30,97,49,48,
7. Jul. 2021 09:45,108,53,55,
7. Jul. 2021 10:00,71,39,32,
7. Jul. 2021 10:15,99,62,37,
7. Jul. 2021 10:30,80,45,35,
7. Jul. 2021 10:45,71,32,39,
7. Jul. 2021 11:00,81,35,46,
7. Jul. 2021 11:15,100,43,57,
7. Jul. 2021 11:30,77,35,42,
7. Jul. 2021 11:45,103,52,51,
7. Jul. 2021 12:00,120,51,69,
7. Jul. 2021 12:15,134,68,66,
7. Jul. 2021 12:30,129,63,66,
7. Jul. 2021 12:45,145,66,79,
7. Jul. 2021 13:00,300,138,162,
7. Jul. 2021 13:15,147,66,81,
7. Jul. 2021 13:30,120,71,49,
7. Jul. 2021 13:45,135,59,76,
7. Jul. 2021 14:00,160,78,82,
7. Jul. 2021 14:15,124,61,63,
7. Jul. 2021 14:30,143,76,67,
7. Jul. 2021 14:45,118,50,68,
7. Jul. 2021 15:00,125,63,62,
7. Jul. 2021 15:15,158,88,70,
7. Jul. 2021 15:30,193,72,121,
7. Jul. 2021 15:45,200,102,98,
7. Jul. 2021 16:00,156,64,92,
7. Jul. 2021 16:15,191,108,83,
7. Jul. 2021 16:30,200,99,101,
7. Jul. 2021 16:45,198,101,97,
7. Jul. 2021 17:00,186,84,102,
7. Jul. 2021 17:15,208,106,102,
7. Jul. 2021 17:30,190,100,90,
7. Jul. 2021 17:45,227,114,113,
7. Jul. 2021 18:00,184,78,106,
7. Jul. 2021 18:15,207,105,102,
7. Jul. 2021 18:30,189,73,116,
7. Jul. 2021 18:45,205,86,119,
7. Jul. 2021 19:00,172,65,107,
7. Jul. 2021 19:15,120,62,58,
7. Jul. 2021 19:30,122,53,69,
7. Jul. 2021 19:45,113,47,66,
7. Jul. 2021 20:00,138,80,58,
7. Jul. 2021 20:15,137,71,66,
7. Jul. 2021 20:30,131,50,81,
7. Jul. 2021 20:45,112,50,62,
7. Jul. 2021 21:00,78,40,38,
7. Jul. 2021 21:15,79,26,53,
7. Jul. 2021 21:30,78,40,38,
7. Jul. 2021 21:45,42,19,23,
7. Jul. 2021 22:00,62,31,31,
7. Jul. 2021 22:15,45,20,25,
7. Jul. 2021 22:30,35,13,22,
7. Jul. 2021 22:45,38,17,21,
7. Jul. 2021 23:00,44,17,27,
7. Jul. 2021 23:15,37,7,30,
7. Jul. 2021 23:30,38,17,21,
7. Jul. 2021 23:45,60,22,38,
8. Jul. 2021 00:00,49,12,37,
8. Jul. 2021 00:15,30,9,21,
8. Jul. 2021 00:30,13,5,8,
8. Jul. 2021 00:45,15,5,10,
8. Jul. 2021 01:00,30,3,27,
8. Jul. 2021 01:15,21,4,17,
8. Jul. 2021 01:30,4,0,4,
8. Jul. 2021 01:45,6,0,6,
8. Jul. 2021 02:00,10,1,9,
8. Jul. 2021 02:15,4,1,3,
8. Jul. 2021 02:30,1,0,1,
8. Jul. 2021 02:45,0,0,0,
8. Jul. 2021 03:00,2,0,2,
8. Jul. 2021 03:15,5,5,0,
8. Jul. 2021 03:30,2,0,2,
8. Jul. 2021 03:45,3,0,3,
8. Jul. 2021 04:00,2,0,2,
8. Jul. 2021 04:15,2,0,2,
8. Jul. 2021 04:30,1,1,0,
8. Jul. 2021 04:45,0,0,0,
8. Jul. 2021 05:00,0,0,0,
8. Jul. 2021 05:15,5,4,1,
8. Jul. 2021 05:30,10,4,6,
8. Jul. 2021 05:45,20,11,9,
8. Jul. 2021 06:00,21,12,9,
8. Jul. 2021 06:15,26,13,13,
8. Jul. 2021 06:30,46,25,21,
8. Jul. 2021 06:45,59,38,21,
8. Jul. 2021 07:00,58,25,33,
8. Jul. 2021 07:15,126,83,43,
8. Jul. 2021 07:30,243,159,84,
8. Jul. 2021 07:45,146,73,73,
8. Jul. 2021 08:00,112,59,53,
8. Jul. 2021 08:15,138,68,70,
8. Jul. 2021 08:30,137,80,57,
8. Jul. 2021 08:45,153,70,83,
8. Jul. 2021 09:00,123,63,60,
8. Jul. 2021 09:15,109,63,46,
8. Jul. 2021 09:30,128,80,48,
8. Jul. 2021 09:45,104,67,37,
8. Jul. 2021 10:00,71,37,34,
8. Jul. 2021 10:15,76,39,37,
8. Jul. 2021 10:30,50,27,23,
8. Jul. 2021 10:45,55,31,24,
8. Jul. 2021 11:00,84,35,49,
8. Jul. 2021 11:15,83,39,44,
8. Jul. 2021 11:30,53,30,23,
8. Jul. 2021 11:45,68,33,35,
8. Jul. 2021 12:00,75,42,33,
8. Jul. 2021 12:15,92,35,57,
8. Jul. 2021 12:30,90,34,56,
8. Jul. 2021 12:45,96,30,66,
8. Jul. 2021 13:00,162,43,119,
8. Jul. 2021 13:15,88,25,63,
8. Jul. 2021 13:30,51,20,31,
8. Jul. 2021 13:45,105,54,51,
8. Jul. 2021 14:00,125,44,81,
8. Jul. 2021 14:15,126,69,57,
8. Jul. 2021 14:30,93,49,44,
8. Jul. 2021 14:45,119,55,64,
8. Jul. 2021 15:00,128,69,59,
8. Jul. 2021 15:15,139,68,71,
8. Jul. 2021 15:30,208,110,98,
8. Jul. 2021 15:45,184,93,91,
8. Jul. 2021 16:00,192,92,100,
8. Jul. 2021 16:15,180,104,76,
8. Jul. 2021 16:30,175,90,85,
8. Jul. 2021 16:45,180,96,84,
8. Jul. 2021 17:00,171,93,78,
8. Jul. 2021 17:15,221,100,121,
8. Jul. 2021 17:30,166,87,79,
8. Jul. 2021 17:45,191,89,102,
8. Jul. 2021 18:00,156,62,94,
8. Jul. 2021 18:15,174,72,102,
8. Jul. 2021 18:30,79,25,54,
8. Jul. 2021 18:45,95,40,55,
8. Jul. 2021 19:00,87,29,58,
8. Jul. 2021 19:15,90,31,59,
8. Jul. 2021 19:30,65,32,33,
8. Jul. 2021 19:45,42,14,28,
8. Jul. 2021 20:00,64,30,34,
8. Jul. 2021 20:15,45,13,32,
8. Jul. 2021 20:30,46,12,34,
8. Jul. 2021 20:45,50,26,24,
8. Jul. 2021 21:00,25,11,14,
8. Jul. 2021 21:15,45,22,23,
8. Jul. 2021 21:30,23,9,14,
8. Jul. 2021 21:45,27,15,12,
8. Jul. 2021 22:00,23,6,17,
8. Jul. 2021 22:15,28,6,22,
8. Jul. 2021 22:30,25,7,18,
8. Jul. 2021 22:45,16,5,11,
8. Jul. 2021 23:00,17,5,12,
8. Jul. 2021 23:15,18,7,11,
8. Jul. 2021 23:30,15,4,11,
8. Jul. 2021 23:45,17,7,10,
9. Jul. 2021 00:00,10,5,5,
9. Jul. 2021 00:15,5,0,5,
9. Jul. 2021 00:30,12,3,9,
9. Jul. 2021 00:45,7,4,3,
9. Jul. 2021 01:00,14,7,7,
9. Jul. 2021 01:15,0,0,0,
9. Jul. 2021 01:30,5,2,3,
9. Jul. 2021 01:45,3,2,1,
9. Jul. 2021 02:00,3,0,3,
9. Jul. 2021 02:15,2,0,2,
9. Jul. 2021 02:30,3,2,1,
9. Jul. 2021 02:45,3,0,3,
9. Jul. 2021 03:00,0,0,0,
9. Jul. 2021 03:15,0,0,0,
9. Jul. 2021 03:30,3,0,3,
9. Jul. 2021 03:45,0,0,0,
9. Jul. 2021 04:00,0,0,0,
9. Jul. 2021 04:15,1,1,0,
9. Jul. 2021 04:30,1,1,0,
9. Jul. 2021 04:45,5,5,0,
9. Jul. 2021 05:00,2,2,0,
9. Jul. 2021 05:15,3,2,1,
9. Jul. 2021 05:30,11,7,4,
9. Jul. 2021 05:45,10,5,5,
9. Jul. 2021 06:00,21,12,9,
9. Jul. 2021 06:15,32,23,9,
9. Jul. 2021 06:30,33,16,17,
9. Jul. 2021 06:45,67,38,29,
9. Jul. 2021 07:00,70,32,38,
9. Jul. 2021 07:15,183,130,53,
9. Jul. 2021 07:30,327,237,90,
9. Jul. 2021 07:45,194,124,70,
9. Jul. 2021 08:00,142,78,64,
9. Jul. 2021 08:15,167,84,83,
9. Jul. 2021 08:30,174,98,76,
9. Jul. 2021 08:45,173,107,66,
9. Jul. 2021 09:00,153,90,63,
9. Jul. 2021 09:15,185,119,66,
9. Jul. 2021 09:30,158,88,70,
9. Jul. 2021 09:45,173,92,81,
9. Jul. 2021 10:00,126,70,56,
9. Jul. 2021 10:15,147,93,54,
9. Jul. 2021 10:30,147,94,53,
9. Jul. 2021 10:45,151,85,66,
9. Jul. 2021 11:00,165,75,90,
9. Jul. 2021 11:15,192,110,82,
9. Jul. 2021 11:30,173,89,84,
9. Jul. 2021 11:45,186,84,102,
9. Jul. 2021 12:00,187,84,103,
9. Jul. 2021 12:15,216,87,129,
9. Jul. 2021 12:30,224,116,108,
9. Jul. 2021 12:45,249,97,152,
9. Jul. 2021 13:00,320,107,213,
9. Jul. 2021 13:15,252,113,139,
9. Jul. 2021 13:30,172,68,104,
9. Jul. 2021 13:45,188,97,91,
9. Jul. 2021 14:00,242,99,143,
9. Jul. 2021 14:15,228,126,102,
9. Jul. 2021 14:30,202,109,93,
9. Jul. 2021 14:45,220,113,107,
9. Jul. 2021 15:00,238,119,119,
9. Jul. 2021 15:15,260,129,131,
9. Jul. 2021 15:30,192,82,110,
9. Jul. 2021 15:45,240,112,128,
9. Jul. 2021 16:00,229,109,120,
9. Jul. 2021 16:15,238,124,114,
9. Jul. 2021 16:30,183,87,96,
9. Jul. 2021 16:45,252,116,136,
9. Jul. 2021 17:00,257,125,132,
9. Jul. 2021 17:15,225,121,104,
9. Jul. 2021 17:30,238,113,125,
9. Jul. 2021 17:45,245,115,130,
9. Jul. 2021 18:00,205,101,104,
9. Jul. 2021 18:15,254,126,128,
9. Jul. 2021 18:30,237,113,124,
9. Jul. 2021 18:45,229,123,106,
9. Jul. 2021 19:00,192,111,81,
9. Jul. 2021 19:15,200,113,87,
9. Jul. 2021 19:30,180,104,76,
9. Jul. 2021 19:45,155,76,79,
9. Jul. 2021 20:00,189,83,106,
9. Jul. 2021 20:15,172,76,96,
9. Jul. 2021 20:30,161,96,65,
9. Jul. 2021 20:45,128,57,71,
9. Jul. 2021 21:00,145,66,79,
9. Jul. 2021 21:15,127,59,68,
9. Jul. 2021 21:30,110,43,67,
9. Jul. 2021 21:45,125,57,68,
9. Jul. 2021 22:00,111,44,67,
9. Jul. 2021 22:15,90,42,48,
9. Jul. 2021 22:30,95,43,52,
9. Jul. 2021 22:45,67,20,47,
9. Jul. 2021 23:00,79,29,50,
9. Jul. 2021 23:15,86,37,49,
9. Jul. 2021 23:30,85,23,62,
9. Jul. 2021 23:45,80,32,48,
10. Jul. 2021 00:00,94,32,62,
10. Jul. 2021 00:15,64,19,45,
10. Jul. 2021 00:30,38,11,27,
10. Jul. 2021 00:45,55,16,39,
10. Jul. 2021 01:00,43,12,31,
10. Jul. 2021 01:15,37,13,24,
10. Jul. 2021 01:30,41,7,34,
10. Jul. 2021 01:45,37,16,21,
10. Jul. 2021 02:00,36,13,23,
10. Jul. 2021 02:15,31,7,24,
10. Jul. 2021 02:30,24,2,22,
10. Jul. 2021 02:45,33,9,24,
10. Jul. 2021 03:00,17,5,12,
10. Jul. 2021 03:15,30,7,23,
10. Jul. 2021 03:30,34,17,17,
10. Jul. 2021 03:45,19,5,14,
10. Jul. 2021 04:00,12,7,5,
10. Jul. 2021 04:15,10,4,6,
10. Jul. 2021 04:30,6,1,5,
10. Jul. 2021 04:45,6,3,3,
10. Jul. 2021 05:00,1,0,1,
10. Jul. 2021 05:15,6,3,3,
10. Jul. 2021 05:30,11,5,6,
10. Jul. 2021 05:45,18,14,4,
10. Jul. 2021 06:00,16,11,5,
10. Jul. 2021 06:15,20,13,7,
10. Jul. 2021 06:30,23,13,10,
10. Jul. 2021 06:45,26,14,12,
10. Jul. 2021 07:00,15,8,7,
10. Jul. 2021 07:15,29,13,16,
10. Jul. 2021 07:30,23,14,9,
10. Jul. 2021 07:45,32,19,13,
10. Jul. 2021 08:00,63,25,38,
10. Jul. 2021 08:15,61,31,30,
10. Jul. 2021 08:30,90,50,40,
10. Jul. 2021 08:45,108,67,41,
10. Jul. 2021 09:00,100,51,49,
10. Jul. 2021 09:15,157,95,62,
10. Jul. 2021 09:30,136,85,51,
10. Jul. 2021 09:45,194,128,66,
10. Jul. 2021 10:00,144,83,61,
10. Jul. 2021 10:15,182,96,86,
10. Jul. 2021 10:30,181,94,87,
10. Jul. 2021 10:45,234,119,115,
10. Jul. 2021 11:00,200,105,95,
10. Jul. 2021 11:15,145,74,71,
10. Jul. 2021 11:30,215,121,94,
10. Jul. 2021 11:45,191,108,83,
10. Jul. 2021 12:00,197,91,106,
10. Jul. 2021 12:15,211,111,100,
10. Jul. 2021 12:30,189,97,92,
10. Jul. 2021 12:45,216,119,97,
10. Jul. 2021 13:00,190,81,109,
10. Jul. 2021 13:15,186,92,94,
10. Jul. 2021 13:30,189,91,98,
10. Jul. 2021 13:45,229,113,116,
10. Jul. 2021 14:00,203,93,110,
10. Jul. 2021 14:15,202,116,86,
10. Jul. 2021 14:30,186,83,103,
10. Jul. 2021 14:45,225,111,114,
10. Jul. 2021 15:00,241,126,115,
10. Jul. 2021 15:15,195,99,96,
10. Jul. 2021 15:30,201,85,116,
10. Jul. 2021 15:45,195,91,104,
10. Jul. 2021 16:00,188,84,104,
10. Jul. 2021 16:15,189,100,89,
10. Jul. 2021 16:30,165,90,75,
10. Jul. 2021 16:45,226,94,132,
10. Jul. 2021 17:00,176,84,92,
10. Jul. 2021 17:15,219,110,109,
10. Jul. 2021 17:30,198,93,105,
10. Jul. 2021 17:45,223,135,88,
10. Jul. 2021 18:00,207,98,109,
10. Jul. 2021 18:15,199,100,99,
10. Jul. 2021 18:30,182,91,91,
10. Jul. 2021 18:45,213,104,109,
10. Jul. 2021 19:00,144,67,77,
10. Jul. 2021 19:15,197,103,94,
10. Jul. 2021 19:30,182,104,78,
10. Jul. 2021 19:45,160,78,82,
10. Jul. 2021 20:00,182,80,102,
10. Jul. 2021 20:15,151,73,78,
10. Jul. 2021 20:30,140,73,67,
10. Jul. 2021 20:45,120,58,62,
10. Jul. 2021 21:00,127,59,68,
10. Jul. 2021 21:15,141,57,84,
10. Jul. 2021 21:30,144,69,75,
10. Jul. 2021 21:45,195,63,132,
10. Jul. 2021 22:00,173,81,92,
10. Jul. 2021 22:15,77,35,42,
10. Jul. 2021 22:30,56,26,30,
10. Jul. 2021 22:45,46,17,29,
10. Jul. 2021 23:00,29,10,19,
10. Jul. 2021 23:15,32,8,24,
10. Jul. 2021 23:30,43,14,29,
10. Jul. 2021 23:45,44,8,36,
11. Jul. 2021 00:00,52,16,36,
11. Jul. 2021 00:15,34,10,24,
11. Jul. 2021 00:30,39,11,28,
11. Jul. 2021 00:45,42,3,39,
11. Jul. 2021 01:00,24,7,17,
11. Jul. 2021 01:15,20,8,12,
11. Jul. 2021 01:30,26,4,22,
11. Jul. 2021 01:45,17,5,12,
11. Jul. 2021 02:00,22,5,17,
11. Jul. 2021 02:15,31,13,18,
11. Jul. 2021 02:30,20,4,16,
11. Jul. 2021 02:45,18,0,18,
11. Jul. 2021 03:00,28,15,13,
11. Jul. 2021 03:15,17,5,12,
11. Jul. 2021 03:30,16,1,15,
11. Jul. 2021 03:45,22,6,16,
11. Jul. 2021 04:00,7,1,6,
11. Jul. 2021 04:15,8,2,6,
11. Jul. 2021 04:30,8,1,7,
11. Jul. 2021 04:45,6,1,5,
11. Jul. 2021 05:00,1,0,1,
11. Jul. 2021 05:15,13,10,3,
11. Jul. 2021 05:30,6,2,4,
11. Jul. 2021 05:45,10,6,4,
11. Jul. 2021 06:00,9,9,0,
11. Jul. 2021 06:15,14,8,6,
11. Jul. 2021 06:30,6,4,2,
11. Jul. 2021 06:45,12,7,5,
11. Jul. 2021 07:00,12,4,8,
11. Jul. 2021 07:15,16,4,12,
11. Jul. 2021 07:30,16,6,10,
11. Jul. 2021 07:45,23,13,10,
11. Jul. 2021 08:00,25,8,17,
11. Jul. 2021 08:15,25,7,18,
11. Jul. 2021 08:30,37,20,17,
11. Jul. 2021 08:45,46,19,27,
11. Jul. 2021 09:00,68,33,35,
11. Jul. 2021 09:15,57,27,30,
11. Jul. 2021 09:30,83,47,36,
11. Jul. 2021 09:45,84,38,46,
11. Jul. 2021 10:00,64,35,29,
11. Jul. 2021 10:15,96,48,48,
11. Jul. 2021 10:30,117,45,72,
11. Jul. 2021 10:45,92,53,39,
11. Jul. 2021 11:00,106,70,36,
11. Jul. 2021 11:15,105,45,60,
11. Jul. 2021 11:30,114,55,59,
11. Jul. 2021 11:45,116,63,53,
11. Jul. 2021 12:00,127,73,54,
11. Jul. 2021 12:15,122,59,63,
11. Jul. 2021 12:30,115,52,63,
11. Jul. 2021 12:45,136,54,82,
11. Jul. 2021 13:00,118,60,58,
11. Jul. 2021 13:15,155,86,69,
11. Jul. 2021 13:30,151,64,87,
11. Jul. 2021 13:45,172,90,82,
11. Jul. 2021 14:00,153,81,72,
11. Jul. 2021 14:15,183,94,89,
11. Jul. 2021 14:30,161,80,81,
11. Jul. 2021 14:45,178,97,81,
11. Jul. 2021 15:00,158,85,73,
11. Jul. 2021 15:15,157,86,71,
11. Jul. 2021 15:30,161,93,68,
11. Jul. 2021 15:45,140,77,63,
11. Jul. 2021 16:00,144,71,73,
11. Jul. 2021 16:15,156,66,90,
11. Jul. 2021 16:30,152,80,72,
11. Jul. 2021 16:45,191,96,95,
11. Jul. 2021 17:00,159,68,91,
11. Jul. 2021 17:15,158,75,83,
11. Jul. 2021 17:30,190,105,85,
11. Jul. 2021 17:45,185,108,77,
11. Jul. 2021 18:00,167,71,96,
11. Jul. 2021 18:15,164,85,79,
11. Jul. 2021 18:30,145,63,82,
11. Jul. 2021 18:45,145,73,72,
11. Jul. 2021 19:00,158,89,69,
11. Jul. 2021 19:15,173,94,79,
11. Jul. 2021 19:30,161,77,84,
11. Jul. 2021 19:45,161,82,79,
11. Jul. 2021 20:00,151,69,82,
11. Jul. 2021 20:15,179,84,95,
11. Jul. 2021 20:30,177,98,79,
11. Jul. 2021 20:45,130,67,63,
11. Jul. 2021 21:00,98,42,56,
11. Jul. 2021 21:15,83,27,56,
11. Jul. 2021 21:30,54,21,33,
11. Jul. 2021 21:45,60,21,39,
11. Jul. 2021 22:00,60,25,35,
11. Jul. 2021 22:15,45,13,32,
11. Jul. 2021 22:30,26,5,21,
11. Jul. 2021 22:45,16,5,11,
11. Jul. 2021 23:00,49,19,30,
11. Jul. 2021 23:15,23,8,15,
11. Jul. 2021 23:30,31,14,17,
11. Jul. 2021 23:45,11,3,8,
12. Jul. 2021 00:00,174,73,101,
12. Jul. 2021 00:15,100,40,60,
12. Jul. 2021 00:30,74,19,55,
12. Jul. 2021 00:45,26,4,22,
12. Jul. 2021 01:00,24,8,16,
12. Jul. 2021 01:15,18,5,13,
12. Jul. 2021 01:30,9,0,9,
12. Jul. 2021 01:45,14,3,11,
12. Jul. 2021 02:00,7,3,4,
12. Jul. 2021 02:15,3,2,1,
12. Jul. 2021 02:30,1,0,1,
12. Jul. 2021 02:45,3,1,2,
12. Jul. 2021 03:00,0,0,0,
12. Jul. 2021 03:15,0,0,0,
12. Jul. 2021 03:30,4,4,0,
12. Jul. 2021 03:45,0,0,0,
12. Jul. 2021 04:00,3,0,3,
12. Jul. 2021 04:15,2,2,0,
12. Jul. 2021 04:30,1,1,0,
12. Jul. 2021 04:45,1,1,0,
12. Jul. 2021 05:00,9,8,1,
12. Jul. 2021 05:15,9,4,5,
12. Jul. 2021 05:30,16,9,7,
12. Jul. 2021 05:45,16,11,5,
12. Jul. 2021 06:00,26,15,11,
12. Jul. 2021 06:15,48,31,17,
12. Jul. 2021 06:30,44,26,18,
12. Jul. 2021 06:45,92,55,37,
12. Jul. 2021 07:00,95,47,48,
12. Jul. 2021 07:15,156,79,77,
12. Jul. 2021 07:30,207,88,119,
12. Jul. 2021 07:45,218,129,89,
12. Jul. 2021 08:00,172,92,80,
12. Jul. 2021 08:15,198,106,92,
12. Jul. 2021 08:30,237,139,98,
12. Jul. 2021 08:45,230,151,79,
12. Jul. 2021 09:00,171,92,79,
12. Jul. 2021 09:15,161,96,65,
12. Jul. 2021 09:30,180,99,81,
12. Jul. 2021 09:45,155,94,61,
12. Jul. 2021 10:00,164,99,65,
12. Jul. 2021 10:15,159,85,74,
12. Jul. 2021 10:30,152,91,61,
12. Jul. 2021 10:45,173,94,79,
12. Jul. 2021 11:00,156,89,67,
12. Jul. 2021 11:15,185,93,92,
12. Jul. 2021 11:30,169,86,83,
12. Jul. 2021 11:45,166,87,79,
12. Jul. 2021 12:00,228,98,130,
12. Jul. 2021 12:15,193,89,104,
12. Jul. 2021 12:30,218,87,131,
12. Jul. 2021 12:45,224,117,107,
12. Jul. 2021 13:00,238,106,132,
12. Jul. 2021 13:15,219,118,101,
12. Jul. 2021 13:30,207,104,103,
12. Jul. 2021 13:45,245,125,120,
12. Jul. 2021 14:00,202,118,84,
12. Jul. 2021 14:15,212,110,102,
12. Jul. 2021 14:30,234,122,112,
12. Jul. 2021 14:45,239,121,118,
12. Jul. 2021 15:00,228,112,116,
12. Jul. 2021 15:15,255,132,123,
12. Jul. 2021 15:30,324,158,166,
12. Jul. 2021 15:45,251,123,128,
12. Jul. 2021 16:00,248,99,149,
12. Jul. 2021 16:15,232,129,103,
12. Jul. 2021 16:30,253,123,130,
12. Jul. 2021 16:45,299,154,145,
12. Jul. 2021 17:00,254,101,153,
12. Jul. 2021 17:15,306,148,158,
12. Jul. 2021 17:30,281,134,147,
12. Jul. 2021 17:45,274,126,148,
12. Jul. 2021 18:00,286,104,182,
12. Jul. 2021 18:15,244,116,128,
12. Jul. 2021 18:30,259,127,132,
12. Jul. 2021 18:45,257,126,131,
12. Jul. 2021 19:00,214,102,112,
12. Jul. 2021 19:15,225,108,117,
12. Jul. 2021 19:30,189,83,106,
12. Jul. 2021 19:45,161,74,87,
12. Jul. 2021 20:00,141,70,71,
12. Jul. 2021 20:15,147,76,71,
12. Jul. 2021 20:30,138,52,86,
12. Jul. 2021 20:45,124,52,72,
12. Jul. 2021 21:00,100,42,58,
12. Jul. 2021 21:15,125,51,74,
12. Jul. 2021 21:30,110,59,51,
12. Jul. 2021 21:45,91,31,60,
12. Jul. 2021 22:00,68,31,37,
12. Jul. 2021 22:15,93,26,67,
12. Jul. 2021 22:30,54,23,31,
12. Jul. 2021 22:45,43,10,33,
12. Jul. 2021 23:00,53,17,36,
12. Jul. 2021 23:15,40,12,28,
12. Jul. 2021 23:30,35,13,22,
12. Jul. 2021 23:45,17,8,9,
13. Jul. 2021 00:00,28,14,14,
13. Jul. 2021 00:15,13,4,9,
13. Jul. 2021 00:30,10,4,6,
13. Jul. 2021 00:45,12,7,5,
13. Jul. 2021 01:00,9,3,6,
13. Jul. 2021 01:15,11,4,7,
13. Jul. 2021 01:30,7,2,5,
13. Jul. 2021 01:45,5,2,3,
13. Jul. 2021 02:00,5,3,2,
13. Jul. 2021 02:15,3,2,1,
13. Jul. 2021 02:30,7,2,5,
13. Jul. 2021 02:45,1,0,1,
13. Jul. 2021 03:00,1,1,0,
13. Jul. 2021 03:15,2,0,2,
13. Jul. 2021 03:30,0,0,0,
13. Jul. 2021 03:45,3,3,0,
13. Jul. 2021 04:00,0,0,0,
13. Jul. 2021 04:15,0,0,0,
13. Jul. 2021 04:30,4,3,1,
13. Jul. 2021 04:45,3,2,1,
13. Jul. 2021 05:00,3,2,1,
13. Jul. 2021 05:15,7,3,4,
13. Jul. 2021 05:30,15,9,6,
13. Jul. 2021 05:45,17,10,7,
13. Jul. 2021 06:00,20,14,6,
13. Jul. 2021 06:15,27,19,8,
13. Jul. 2021 06:30,37,14,23,
13. Jul. 2021 06:45,44,30,14,
13. Jul. 2021 07:00,54,20,34,
13. Jul. 2021 07:15,55,20,35,
13. Jul. 2021 07:30,116,44,72,
13. Jul. 2021 07:45,87,41,46,
13. Jul. 2021 08:00,111,61,50,
13. Jul. 2021 08:15,158,93,65,
13. Jul. 2021 08:30,139,79,60,
13. Jul. 2021 08:45,151,90,61,
13. Jul. 2021 09:00,94,58,36,
13. Jul. 2021 09:15,117,82,35,
13. Jul. 2021 09:30,111,59,52,
13. Jul. 2021 09:45,69,37,32,
13. Jul. 2021 10:00,60,28,32,
13. Jul. 2021 10:15,57,26,31,
13. Jul. 2021 10:30,50,25,25,
13. Jul. 2021 10:45,59,29,30,
13. Jul. 2021 11:00,55,32,23,
13. Jul. 2021 11:15,57,37,20,
13. Jul. 2021 11:30,40,14,26,
13. Jul. 2021 11:45,73,42,31,
13. Jul. 2021 12:00,89,36,53,
13. Jul. 2021 12:15,95,46,49,
13. Jul. 2021 12:30,81,41,40,
13. Jul. 2021 12:45,86,43,43,
13. Jul. 2021 13:00,93,35,58,
13. Jul. 2021 13:15,91,42,49,
13. Jul. 2021 13:30,96,50,46,
13. Jul. 2021 13:45,110,54,56,
13. Jul. 2021 14:00,112,57,55,
13. Jul. 2021 14:15,107,68,39,
13. Jul. 2021 14:30,105,52,53,
13. Jul. 2021 14:45,125,61,64,
13. Jul. 2021 15:00,92,45,47,
13. Jul. 2021 15:15,149,83,66,
13. Jul. 2021 15:30,161,93,68,
13. Jul. 2021 15:45,148,82,66,
13. Jul. 2021 16:00,146,78,68,
13. Jul. 2021 16:15,163,75,88,
13. Jul. 2021 16:30,163,80,83,
13. Jul. 2021 16:45,176,86,90,
13. Jul. 2021 17:00,148,65,83,
13. Jul. 2021 17:15,184,97,87,
13. Jul. 2021 17:30,145,70,75,
13. Jul. 2021 17:45,170,78,92,
13. Jul. 2021 18:00,174,69,105,
13. Jul. 2021 18:15,164,75,89,
13. Jul. 2021 18:30,186,87,99,
13. Jul. 2021 18:45,193,89,104,
13. Jul. 2021 19:00,132,71,61,
13. Jul. 2021 19:15,162,67,95,
13. Jul. 2021 19:30,104,49,55,
13. Jul. 2021 19:45,128,59,69,
13. Jul. 2021 20:00,116,61,55,
13. Jul. 2021 20:15,118,56,62,
13. Jul. 2021 20:30,84,43,41,
13. Jul. 2021 20:45,98,45,53,
13. Jul. 2021 21:00,80,32,48,
13. Jul. 2021 21:15,72,28,44,
13. Jul. 2021 21:30,51,23,28,
13. Jul. 2021 21:45,73,38,35,
13. Jul. 2021 22:00,59,31,28,
13. Jul. 2021 22:15,53,23,30,
13. Jul. 2021 22:30,42,18,24,
13. Jul. 2021 22:45,50,18,32,
13. Jul. 2021 23:00,27,7,20,
13. Jul. 2021 23:15,24,8,16,
13. Jul. 2021 23:30,32,9,23,
13. Jul. 2021 23:45,33,16,17,
14. Jul. 2021 00:00,18,6,12,
14. Jul. 2021 00:15,21,10,11,
14. Jul. 2021 00:30,14,8,6,
14. Jul. 2021 00:45,9,6,3,
14. Jul. 2021 01:00,17,8,9,
14. Jul. 2021 01:15,9,1,8,
14. Jul. 2021 01:30,8,4,4,
14. Jul. 2021 01:45,12,2,10,
14. Jul. 2021 02:00,3,2,1,
14. Jul. 2021 02:15,2,0,2,
14. Jul. 2021 02:30,3,2,1,
14. Jul. 2021 02:45,3,3,0,
14. Jul. 2021 03:00,9,6,3,
14. Jul. 2021 03:15,2,0,2,
14. Jul. 2021 03:30,2,2,0,
14. Jul. 2021 03:45,1,1,0,
14. Jul. 2021 04:00,3,1,2,
14. Jul. 2021 04:15,0,0,0,
14. Jul. 2021 04:30,1,1,0,
14. Jul. 2021 04:45,3,3,0,
14. Jul. 2021 05:00,6,6,0,
14. Jul. 2021 05:15,8,5,3,
14. Jul. 2021 05:30,9,5,4,
14. Jul. 2021 05:45,23,16,7,
14. Jul. 2021 06:00,24,15,9,
14. Jul. 2021 06:15,31,19,12,
14. Jul. 2021 06:30,46,30,16,
14. Jul. 2021 06:45,53,31,22,
14. Jul. 2021 07:00,71,38,33,
14. Jul. 2021 07:15,151,98,53,
14. Jul. 2021 07:30,368,252,116,
14. Jul. 2021 07:45,178,98,80,
14. Jul. 2021 08:00,175,108,67,
14. Jul. 2021 08:15,189,111,78,
14. Jul. 2021 08:30,184,110,74,
14. Jul. 2021 08:45,191,105,86,
14. Jul. 2021 09:00,133,76,57,
14. Jul. 2021 09:15,133,88,45,
14. Jul. 2021 09:30,144,79,65,
14. Jul. 2021 09:45,117,62,55,
14. Jul. 2021 10:00,137,80,57,
14. Jul. 2021 10:15,122,75,47,
14. Jul. 2021 10:30,117,61,56,
14. Jul. 2021 10:45,140,76,64,
14. Jul. 2021 11:00,141,76,65,
14. Jul. 2021 11:15,155,80,75,
14. Jul. 2021 11:30,116,56,60,
14. Jul. 2021 11:45,117,64,53,
14. Jul. 2021 12:00,149,56,93,
14. Jul. 2021 12:15,168,72,96,
14. Jul. 2021 12:30,188,97,91,
14. Jul. 2021 12:45,186,95,91,
14. Jul. 2021 13:00,323,93,230,
14. Jul. 2021 13:15,210,109,101,
14. Jul. 2021 13:30,154,86,68,
14. Jul. 2021 13:45,215,102,113,
14. Jul. 2021 14:00,188,83,105,
14. Jul. 2021 14:15,165,88,77,
14. Jul. 2021 14:30,187,107,80,
14. Jul. 2021 14:45,221,93,128,
14. Jul. 2021 15:00,172,80,92,
14. Jul. 2021 15:15,215,97,118,
14. Jul. 2021 15:30,224,81,143,
14. Jul. 2021 15:45,234,114,120,
14. Jul. 2021 16:00,282,119,163,
14. Jul. 2021 16:15,277,137,140,
14. Jul. 2021 16:30,249,126,123,
14. Jul. 2021 16:45,217,103,114,
14. Jul. 2021 17:00,219,98,121,
14. Jul. 2021 17:15,210,108,102,
14. Jul. 2021 17:30,208,90,118,
14. Jul. 2021 17:45,213,95,118,
14. Jul. 2021 18:00,241,104,137,
14. Jul. 2021 18:15,216,98,118,
14. Jul. 2021 18:30,181,81,100,
14. Jul. 2021 18:45,210,98,112,
14. Jul. 2021 19:00,227,91,136,
14. Jul. 2021 19:15,140,53,87,
14. Jul. 2021 19:30,121,51,70,
14. Jul. 2021 19:45,103,37,66,
14. Jul. 2021 20:00,124,56,68,
14. Jul. 2021 20:15,107,50,57,
14. Jul. 2021 20:30,95,40,55,
14. Jul. 2021 20:45,85,41,44,
14. Jul. 2021 21:00,68,31,37,
14. Jul. 2021 21:15,72,35,37,
14. Jul. 2021 21:30,61,26,35,
14. Jul. 2021 21:45,53,15,38,
14. Jul. 2021 22:00,48,16,32,
14. Jul. 2021 22:15,62,32,30,
14. Jul. 2021 22:30,57,22,35,
14. Jul. 2021 22:45,39,12,27,
14. Jul. 2021 23:00,31,9,22,
14. Jul. 2021 23:15,37,21,16,
14. Jul. 2021 23:30,22,5,17,
14. Jul. 2021 23:45,22,10,12,
15. Jul. 2021 00:00,24,6,18,
15. Jul. 2021 00:15,22,5,17,
15. Jul. 2021 00:30,15,9,6,
15. Jul. 2021 00:45,13,2,11,
15. Jul. 2021 01:00,15,5,10,
15. Jul. 2021 01:15,11,2,9,
15. Jul. 2021 01:30,4,2,2,
15. Jul. 2021 01:45,6,2,4,
15. Jul. 2021 02:00,6,3,3,
15. Jul. 2021 02:15,4,1,3,
15. Jul. 2021 02:30,2,0,2,
15. Jul. 2021 02:45,0,0,0,
15. Jul. 2021 03:00,0,0,0,
15. Jul. 2021 03:15,0,0,0,
15. Jul. 2021 03:30,3,1,2,
15. Jul. 2021 03:45,1,1,0,
15. Jul. 2021 04:00,1,0,1,
15. Jul. 2021 04:15,0,0,0,
15. Jul. 2021 04:30,3,2,1,
15. Jul. 2021 04:45,1,1,0,
15. Jul. 2021 05:00,0,0,0,
15. Jul. 2021 05:15,3,2,1,
15. Jul. 2021 05:30,8,4,4,
15. Jul. 2021 05:45,14,9,5,
15. Jul. 2021 06:00,17,9,8,
15. Jul. 2021 06:15,15,6,9,
15. Jul. 2021 06:30,37,19,18,
15. Jul. 2021 06:45,43,21,22,
15. Jul. 2021 07:00,55,21,34,
15. Jul. 2021 07:15,146,103,43,
15. Jul. 2021 07:30,317,224,93,
15. Jul. 2021 07:45,133,77,56,
15. Jul. 2021 08:00,141,82,59,
15. Jul. 2021 08:15,133,77,56,
15. Jul. 2021 08:30,159,95,64,
15. Jul. 2021 08:45,187,111,76,
15. Jul. 2021 09:00,163,110,53,
15. Jul. 2021 09:15,120,68,52,
15. Jul. 2021 09:30,122,72,50,
15. Jul. 2021 09:45,147,79,68,
15. Jul. 2021 10:00,78,46,32,
15. Jul. 2021 10:15,99,47,52,
15. Jul. 2021 10:30,102,54,48,
15. Jul. 2021 10:45,117,77,40,
15. Jul. 2021 11:00,120,60,60,
15. Jul. 2021 11:15,102,46,56,
15. Jul. 2021 11:30,127,59,68,
15. Jul. 2021 11:45,130,66,64,
15. Jul. 2021 12:00,125,60,65,
15. Jul. 2021 12:15,150,79,71,
15. Jul. 2021 12:30,158,79,79,
15. Jul. 2021 12:45,152,70,82,
15. Jul. 2021 13:00,219,62,157,
15. Jul. 2021 13:15,141,67,74,
15. Jul. 2021 13:30,157,81,76,
15. Jul. 2021 13:45,170,83,87,
15. Jul. 2021 14:00,151,66,85,
15. Jul. 2021 14:15,148,66,82,
15. Jul. 2021 14:30,128,64,64,
15. Jul. 2021 14:45,163,83,80,
15. Jul. 2021 15:00,121,58,63,
15. Jul. 2021 15:15,139,65,74,
15. Jul. 2021 15:30,192,68,124,
15. Jul. 2021 15:45,156,76,80,
15. Jul. 2021 16:00,169,82,87,
15. Jul. 2021 16:15,162,72,90,
15. Jul. 2021 16:30,170,81,89,
15. Jul. 2021 16:45,156,85,71,
15. Jul. 2021 17:00,170,71,99,
15. Jul. 2021 17:15,209,98,111,
15. Jul. 2021 17:30,159,82,77,
15. Jul. 2021 17:45,207,100,107,
15. Jul. 2021 18:00,196,77,119,
15. Jul. 2021 18:15,180,89,91,
15. Jul. 2021 18:30,155,64,91,
15. Jul. 2021 18:45,158,67,91,
15. Jul. 2021 19:00,143,70,73,
15. Jul. 2021 19:15,127,60,67,
15. Jul. 2021 19:30,108,46,62,
15. Jul. 2021 19:45,100,48,52,
15. Jul. 2021 20:00,115,38,77,
15. Jul. 2021 20:15,101,49,52,
15. Jul. 2021 20:30,72,36,36,
15. Jul. 2021 20:45,54,25,29,
15. Jul. 2021 21:00,65,33,32,
15. Jul. 2021 21:15,47,22,25,
15. Jul. 2021 21:30,46,17,29,
15. Jul. 2021 21:45,40,13,27,
15. Jul. 2021 22:00,69,36,33,
15. Jul. 2021 22:15,43,19,24,
15. Jul. 2021 22:30,42,18,24,
15. Jul. 2021 22:45,37,15,22,
15. Jul. 2021 23:00,41,14,27,
15. Jul. 2021 23:15,31,8,23,
15. Jul. 2021 23:30,23,9,14,
15. Jul. 2021 23:45,25,9,16,
16. Jul. 2021 00:00,23,5,18,
16. Jul. 2021 00:15,25,6,19,
16. Jul. 2021 00:30,11,5,6,
16. Jul. 2021 00:45,12,7,5,
16. Jul. 2021 01:00,13,4,9,
16. Jul. 2021 01:15,25,8,17,
16. Jul. 2021 01:30,8,3,5,
16. Jul. 2021 01:45,10,4,6,
16. Jul. 2021 02:00,13,10,3,
16. Jul. 2021 02:15,8,3,5,
16. Jul. 2021 02:30,6,4,2,
16. Jul. 2021 02:45,3,2,1,
16. Jul. 2021 03:00,2,1,1,
16. Jul. 2021 03:15,7,6,1,
16. Jul. 2021 03:30,5,3,2,
16. Jul. 2021 03:45,3,1,2,
16. Jul. 2021 04:00,3,1,2,
16. Jul. 2021 04:15,3,1,2,
16. Jul. 2021 04:30,5,1,4,
16. Jul. 2021 04:45,1,1,0,
16. Jul. 2021 05:00,4,4,0,
16. Jul. 2021 05:15,7,3,4,
16. Jul. 2021 05:30,6,5,1,
16. Jul. 2021 05:45,8,4,4,
16. Jul. 2021 06:00,25,14,11,
16. Jul. 2021 06:15,21,15,6,
16. Jul. 2021 06:30,36,19,17,
16. Jul. 2021 06:45,56,35,21,
16. Jul. 2021 07:00,68,33,35,
16. Jul. 2021 07:15,173,125,48,
16. Jul. 2021 07:30,354,261,93,
16. Jul. 2021 07:45,176,105,71,
16. Jul. 2021 08:00,168,96,72,
16. Jul. 2021 08:15,214,123,91,
16. Jul. 2021 08:30,168,106,62,
16. Jul. 2021 08:45,201,129,72,
16. Jul. 2021 09:00,136,84,52,
16. Jul. 2021 09:15,201,137,64,
16. Jul. 2021 09:30,141,84,57,
16. Jul. 2021 09:45,169,104,65,
16. Jul. 2021 10:00,107,60,47,
16. Jul. 2021 10:15,136,78,58,
16. Jul. 2021 10:30,105,51,54,
16. Jul. 2021 10:45,137,95,42,
16. Jul. 2021 11:00,141,74,67,
16. Jul. 2021 11:15,158,84,74,
16. Jul. 2021 11:30,145,78,67,
16. Jul. 2021 11:45,169,91,78,
16. Jul. 2021 12:00,171,74,97,
16. Jul. 2021 12:15,222,87,135,
16. Jul. 2021 12:30,195,87,108,
16. Jul. 2021 12:45,223,93,130,
16. Jul. 2021 13:00,340,94,246,
16. Jul. 2021 13:15,209,96,113,
16. Jul. 2021 13:30,204,99,105,
16. Jul. 2021 13:45,200,112,88,
16. Jul. 2021 14:00,210,94,116,
16. Jul. 2021 14:15,182,102,80,
16. Jul. 2021 14:30,167,85,82,
16. Jul. 2021 14:45,218,111,107,
16. Jul. 2021 15:00,234,119,115,
16. Jul. 2021 15:15,218,118,100,
16. Jul. 2021 15:30,197,99,98,
16. Jul. 2021 15:45,232,117,115,
16. Jul. 2021 16:00,181,94,87,
16. Jul. 2021 16:15,195,111,84,
16. Jul. 2021 16:30,237,96,141,
16. Jul. 2021 16:45,254,132,122,
16. Jul. 2021 17:00,219,111,108,
16. Jul. 2021 17:15,251,129,122,
16. Jul. 2021 17:30,219,109,110,
16. Jul. 2021 17:45,246,108,138,
16. Jul. 2021 18:00,209,99,110,
16. Jul. 2021 18:15,200,98,102,
16. Jul. 2021 18:30,194,90,104,
16. Jul. 2021 18:45,167,91,76,
16. Jul. 2021 19:00,209,101,108,
16. Jul. 2021 19:15,189,99,90,
16. Jul. 2021 19:30,129,53,76,
16. Jul. 2021 19:45,196,97,99,
16. Jul. 2021 20:00,168,78,90,
16. Jul. 2021 20:15,145,77,68,
16. Jul. 2021 20:30,144,75,69,
16. Jul. 2021 20:45,99,52,47,
16. Jul. 2021 21:00,115,59,56,
16. Jul. 2021 21:15,91,47,44,
16. Jul. 2021 21:30,104,45,59,
16. Jul. 2021 21:45,107,48,59,
16. Jul. 2021 22:00,92,49,43,
16. Jul. 2021 22:15,90,40,50,
16. Jul. 2021 22:30,83,34,49,
16. Jul. 2021 22:45,45,6,39,
16. Jul. 2021 23:00,69,32,37,
16. Jul. 2021 23:15,75,33,42,
16. Jul. 2021 23:30,57,25,32,
16. Jul. 2021 23:45,81,25,56,
17. Jul. 2021 00:00,48,24,24,
17. Jul. 2021 00:15,52,18,34,
17. Jul. 2021 00:30,44,10,34,
17. Jul. 2021 00:45,50,17,33,
17. Jul. 2021 01:00,49,14,35,
17. Jul. 2021 01:15,32,6,26,
17. Jul. 2021 01:30,26,3,23,
17. Jul. 2021 01:45,32,19,13,
17. Jul. 2021 02:00,25,6,19,
17. Jul. 2021 02:15,24,8,16,
17. Jul. 2021 02:30,24,3,21,
17. Jul. 2021 02:45,25,6,19,
17. Jul. 2021 03:00,21,4,17,
17. Jul. 2021 03:15,19,7,12,
17. Jul. 2021 03:30,10,1,9,
17. Jul. 2021 03:45,13,5,8,
17. Jul. 2021 04:00,10,3,7,
17. Jul. 2021 04:15,14,4,10,
17. Jul. 2021 04:30,4,3,1,
17. Jul. 2021 04:45,1,0,1,
17. Jul. 2021 05:00,7,2,5,
17. Jul. 2021 05:15,9,3,6,
17. Jul. 2021 05:30,11,6,5,
17. Jul. 2021 05:45,14,8,6,
17. Jul. 2021 06:00,13,8,5,
17. Jul. 2021 06:15,12,8,4,
17. Jul. 2021 06:30,20,10,10,
17. Jul. 2021 06:45,20,8,12,
17. Jul. 2021 07:00,13,6,7,
17. Jul. 2021 07:15,34,18,16,
17. Jul. 2021 07:30,21,7,14,
17. Jul. 2021 07:45,39,17,22,
17. Jul. 2021 08:00,45,23,22,
17. Jul. 2021 08:15,34,23,11,
17. Jul. 2021 08:30,55,30,25,
17. Jul. 2021 08:45,86,41,45,
17. Jul. 2021 09:00,60,34,26,
17. Jul. 2021 09:15,78,48,30,
17. Jul. 2021 09:30,97,53,44,
17. Jul. 2021 09:45,136,74,62,
17. Jul. 2021 10:00,108,62,46,
17. Jul. 2021 10:15,100,58,42,
17. Jul. 2021 10:30,129,70,59,
17. Jul. 2021 10:45,147,85,62,
17. Jul. 2021 11:00,131,78,53,
17. Jul. 2021 11:15,163,97,66,
17. Jul. 2021 11:30,123,75,48,
17. Jul. 2021 11:45,166,80,86,
17. Jul. 2021 12:00,155,81,74,
17. Jul. 2021 12:15,166,94,72,
17. Jul. 2021 12:30,159,80,79,
17. Jul. 2021 12:45,144,82,62,
17. Jul. 2021 13:00,155,86,69,
17. Jul. 2021 13:15,140,92,48,
17. Jul. 2021 13:30,177,83,94,
17. Jul. 2021 13:45,153,87,66,
17. Jul. 2021 14:00,167,83,84,
17. Jul. 2021 14:15,145,79,66,
17. Jul. 2021 14:30,178,85,93,
17. Jul. 2021 14:45,217,103,114,
17. Jul. 2021 15:00,165,89,76,
17. Jul. 2021 15:15,192,86,106,
17. Jul. 2021 15:30,203,79,124,
17. Jul. 2021 15:45,184,83,101,
17. Jul. 2021 16:00,143,69,74,
17. Jul. 2021 16:15,150,72,78,
17. Jul. 2021 16:30,136,66,70,
17. Jul. 2021 16:45,167,65,102,
17. Jul. 2021 17:00,153,79,74,
17. Jul. 2021 17:15,157,56,101,
17. Jul. 2021 17:30,195,75,120,
17. Jul. 2021 17:45,180,90,90,
17. Jul. 2021 18:00,151,61,90,
17. Jul. 2021 18:15,129,60,69,
17. Jul. 2021 18:30,139,64,75,
17. Jul. 2021 18:45,150,86,64,
17. Jul. 2021 19:00,124,61,63,
17. Jul. 2021 19:15,138,63,75,
17. Jul. 2021 19:30,117,46,71,
17. Jul. 2021 19:45,95,46,49,
17. Jul. 2021 20:00,107,54,53,
17. Jul. 2021 20:15,99,56,43,
17. Jul. 2021 20:30,76,42,34,
17. Jul. 2021 20:45,88,52,36,
17. Jul. 2021 21:00,98,60,38,
17. Jul. 2021 21:15,84,32,52,
17. Jul. 2021 21:30,67,32,35,
17. Jul. 2021 21:45,50,26,24,
17. Jul. 2021 22:00,40,15,25,
17. Jul. 2021 22:15,38,11,27,
17. Jul. 2021 22:30,49,15,34,
17. Jul. 2021 22:45,49,18,31,
17. Jul. 2021 23:00,38,10,28,
17. Jul. 2021 23:15,42,13,29,
17. Jul. 2021 23:30,48,13,35,
17. Jul. 2021 23:45,42,19,23,
18. Jul. 2021 00:00,41,15,26,
18. Jul. 2021 00:15,49,11,38,
18. Jul. 2021 00:30,36,10,26,
18. Jul. 2021 00:45,39,8,31,
18. Jul. 2021 01:00,34,4,30,
18. Jul. 2021 01:15,36,15,21,
18. Jul. 2021 01:30,32,14,18,
18. Jul. 2021 01:45,16,8,8,
18. Jul. 2021 02:00,14,4,10,
18. Jul. 2021 02:15,16,5,11,
18. Jul. 2021 02:30,20,10,10,
18. Jul. 2021 02:45,17,8,9,
18. Jul. 2021 03:00,25,8,17,
18. Jul. 2021 03:15,11,3,8,
18. Jul. 2021 03:30,13,5,8,
18. Jul. 2021 03:45,18,5,13,
18. Jul. 2021 04:00,4,3,1,
18. Jul. 2021 04:15,9,3,6,
18. Jul. 2021 04:30,7,3,4,
18. Jul. 2021 04:45,7,2,5,
18. Jul. 2021 05:00,5,0,5,
18. Jul. 2021 05:15,4,3,1,
18. Jul. 2021 05:30,1,0,1,
18. Jul. 2021 05:45,6,5,1,
18. Jul. 2021 06:00,16,10,6,
18. Jul. 2021 06:15,17,11,6,
18. Jul. 2021 06:30,16,6,10,
18. Jul. 2021 06:45,13,7,6,
18. Jul. 2021 07:00,15,9,6,
18. Jul. 2021 07:15,9,5,4,
18. Jul. 2021 07:30,15,5,10,
18. Jul. 2021 07:45,17,9,8,
18. Jul. 2021 08:00,23,12,11,
18. Jul. 2021 08:15,31,23,8,
18. Jul. 2021 08:30,33,14,19,
18. Jul. 2021 08:45,53,29,24,
18. Jul. 2021 09:00,63,36,27,
18. Jul. 2021 09:15,72,40,32,
18. Jul. 2021 09:30,73,45,28,
18. Jul. 2021 09:45,81,48,33,
18. Jul. 2021 10:00,109,62,47,
18. Jul. 2021 10:15,114,61,53,
18. Jul. 2021 10:30,106,47,59,
18. Jul. 2021 10:45,92,55,37,
18. Jul. 2021 11:00,135,67,68,
18. Jul. 2021 11:15,158,74,84,
18. Jul. 2021 11:30,140,57,83,
18. Jul. 2021 11:45,132,69,63,
18. Jul. 2021 12:00,117,41,76,
18. Jul. 2021 12:15,125,65,60,
18. Jul. 2021 12:30,159,60,99,
18. Jul. 2021 12:45,128,63,65,
18. Jul. 2021 13:00,138,76,62,
18. Jul. 2021 13:15,141,75,66,
18. Jul. 2021 13:30,153,74,79,
18. Jul. 2021 13:45,190,93,97,
18. Jul. 2021 14:00,158,76,82,
18. Jul. 2021 14:15,152,74,78,
18. Jul. 2021 14:30,167,70,97,
18. Jul. 2021 14:45,194,110,84,
18. Jul. 2021 15:00,128,66,62,
18. Jul. 2021 15:15,161,85,76,
18. Jul. 2021 15:30,176,85,91,
18. Jul. 2021 15:45,168,89,79,
18. Jul. 2021 16:00,159,88,71,
18. Jul. 2021 16:15,197,124,73,
18. Jul. 2021 16:30,146,67,79,
18. Jul. 2021 16:45,170,75,95,
18. Jul. 2021 17:00,162,76,86,
18. Jul. 2021 17:15,176,107,69,
18. Jul. 2021 17:30,163,94,69,
18. Jul. 2021 17:45,176,87,89,
18. Jul. 2021 18:00,158,72,86,
18. Jul. 2021 18:15,186,92,94,
18. Jul. 2021 18:30,134,68,66,
18. Jul. 2021 18:45,149,70,79,
18. Jul. 2021 19:00,154,70,84,
18. Jul. 2021 19:15,138,57,81,
18. Jul. 2021 19:30,163,77,86,
18. Jul. 2021 19:45,150,83,67,
18. Jul. 2021 20:00,118,50,68,
18. Jul. 2021 20:15,136,69,67,
18. Jul. 2021 20:30,113,50,63,
18. Jul. 2021 20:45,107,41,66,
18. Jul. 2021 21:00,78,37,41,
18. Jul. 2021 21:15,93,37,56,
18. Jul. 2021 21:30,93,39,54,
18. Jul. 2021 21:45,79,34,45,
18. Jul. 2021 22:00,53,13,40,
18. Jul. 2021 22:15,70,32,38,
18. Jul. 2021 22:30,38,23,15,
18. Jul. 2021 22:45,49,17,32,
18. Jul. 2021 23:00,26,8,18,
18. Jul. 2021 23:15,17,4,13,
18. Jul. 2021 23:30,40,20,20,
18. Jul. 2021 23:45,12,6,6,
19. Jul. 2021 00:00,31,12,19,
19. Jul. 2021 00:15,18,8,10,
19. Jul. 2021 00:30,10,6,4,
19. Jul. 2021 00:45,7,4,3,
19. Jul. 2021 01:00,7,5,2,
19. Jul. 2021 01:15,10,1,9,
19. Jul. 2021 01:30,5,1,4,
19. Jul. 2021 01:45,7,6,1,
19. Jul. 2021 02:00,5,4,1,
19. Jul. 2021 02:15,3,0,3,
19. Jul. 2021 02:30,6,2,4,
19. Jul. 2021 02:45,3,0,3,
19. Jul. 2021 03:00,0,0,0,
19. Jul. 2021 03:15,6,3,3,
19. Jul. 2021 03:30,0,0,0,
19. Jul. 2021 03:45,4,3,1,
19. Jul. 2021 04:00,2,0,2,
19. Jul. 2021 04:15,0,0,0,
19. Jul. 2021 04:30,4,4,0,
19. Jul. 2021 04:45,5,3,2,
19. Jul. 2021 05:00,10,9,1,
19. Jul. 2021 05:15,7,3,4,
19. Jul. 2021 05:30,20,10,10,
19. Jul. 2021 05:45,24,10,14,
19. Jul. 2021 06:00,28,21,7,
19. Jul. 2021 06:15,41,19,22,
19. Jul. 2021 06:30,58,33,25,
19. Jul. 2021 06:45,73,40,33,
19. Jul. 2021 07:00,92,50,42,
19. Jul. 2021 07:15,245,166,79,
19. Jul. 2021 07:30,418,273,145,
19. Jul. 2021 07:45,278,170,108,
19. Jul. 2021 08:00,182,106,76,
19. Jul. 2021 08:15,259,166,93,
19. Jul. 2021 08:30,202,110,92,
19. Jul. 2021 08:45,214,124,90,
19. Jul. 2021 09:00,182,101,81,
19. Jul. 2021 09:15,197,120,77,
19. Jul. 2021 09:30,175,84,91,
19. Jul. 2021 09:45,172,91,81,
19. Jul. 2021 10:00,133,57,76,
19. Jul. 2021 10:15,152,80,72,
19. Jul. 2021 10:30,134,78,56,
19. Jul. 2021 10:45,183,101,82,
19. Jul. 2021 11:00,159,67,92,
19. Jul. 2021 11:15,146,79,67,
19. Jul. 2021 11:30,178,95,83,
19. Jul. 2021 11:45,209,112,97,
19. Jul. 2021 12:00,205,79,126,
19. Jul. 2021 12:15,238,90,148,
19. Jul. 2021 12:30,199,81,118,
19. Jul. 2021 12:45,241,102,139,
19. Jul. 2021 13:00,327,132,195,
19. Jul. 2021 13:15,252,109,143,
19. Jul. 2021 13:30,225,112,113,
19. Jul. 2021 13:45,247,127,120,
19. Jul. 2021 14:00,273,126,147,
19. Jul. 2021 14:15,226,126,100,
19. Jul. 2021 14:30,245,142,103,
19. Jul. 2021 14:45,265,132,133,
19. Jul. 2021 15:00,242,103,139,
19. Jul. 2021 15:15,247,121,126,
19. Jul. 2021 15:30,339,182,157,
19. Jul. 2021 15:45,298,130,168,
19. Jul. 2021 16:00,278,120,158,
19. Jul. 2021 16:15,270,154,116,
19. Jul. 2021 16:30,311,143,168,
19. Jul. 2021 16:45,317,147,170,
19. Jul. 2021 17:00,305,155,150,
19. Jul. 2021 17:15,354,185,169,
19. Jul. 2021 17:30,315,156,159,
19. Jul. 2021 17:45,266,132,134,
19. Jul. 2021 18:00,316,128,188,
19. Jul. 2021 18:15,298,125,173,
19. Jul. 2021 18:30,234,103,131,
19. Jul. 2021 18:45,271,132,139,
19. Jul. 2021 19:00,244,115,129,
19. Jul. 2021 19:15,232,119,113,
19. Jul. 2021 19:30,191,90,101,
19. Jul. 2021 19:45,177,69,108,
19. Jul. 2021 20:00,174,91,83,
19. Jul. 2021 20:15,153,66,87,
19. Jul. 2021 20:30,109,60,49,
19. Jul. 2021 20:45,139,63,76,
19. Jul. 2021 21:00,147,71,76,
19. Jul. 2021 21:15,97,29,68,
19. Jul. 2021 21:30,126,49,77,
19. Jul. 2021 21:45,115,40,75,
19. Jul. 2021 22:00,100,28,72,
19. Jul. 2021 22:15,72,25,47,
19. Jul. 2021 22:30,84,32,52,
19. Jul. 2021 22:45,49,25,24,
19. Jul. 2021 23:00,52,19,33,
19. Jul. 2021 23:15,40,16,24,
19. Jul. 2021 23:30,34,13,21,
19. Jul. 2021 23:45,32,12,20,
20. Jul. 2021 00:00,31,10,21,
20. Jul. 2021 00:15,27,8,19,
20. Jul. 2021 00:30,8,1,7,
20. Jul. 2021 00:45,10,4,6,
20. Jul. 2021 01:00,19,5,14,
20. Jul. 2021 01:15,13,1,12,
20. Jul. 2021 01:30,15,3,12,
20. Jul. 2021 01:45,12,4,8,
20. Jul. 2021 02:00,7,5,2,
20. Jul. 2021 02:15,5,0,5,
20. Jul. 2021 02:30,13,8,5,
20. Jul. 2021 02:45,0,0,0,
20. Jul. 2021 03:00,9,1,8,
20. Jul. 2021 03:15,5,0,5,
20. Jul. 2021 03:30,3,3,0,
20. Jul. 2021 03:45,9,6,3,
20. Jul. 2021 04:00,0,0,0,
20. Jul. 2021 04:15,2,1,1,
20. Jul. 2021 04:30,6,4,2,
20. Jul. 2021 04:45,3,2,1,
20. Jul. 2021 05:00,5,3,2,
20. Jul. 2021 05:15,6,4,2,
20. Jul. 2021 05:30,23,14,9,
20. Jul. 2021 05:45,28,18,10,
20. Jul. 2021 06:00,36,19,17,
20. Jul. 2021 06:15,43,31,12,
20. Jul. 2021 06:30,61,30,31,
20. Jul. 2021 06:45,93,54,39,
20. Jul. 2021 07:00,91,47,44,
20. Jul. 2021 07:15,244,164,80,
20. Jul. 2021 07:30,469,327,142,
20. Jul. 2021 07:45,249,144,105,
20. Jul. 2021 08:00,213,114,99,
20. Jul. 2021 08:15,250,142,108,
20. Jul. 2021 08:30,258,146,112,
20. Jul. 2021 08:45,240,150,90,
20. Jul. 2021 09:00,178,98,80,
20. Jul. 2021 09:15,215,139,76,
20. Jul. 2021 09:30,201,94,107,
20. Jul. 2021 09:45,201,123,78,
20. Jul. 2021 10:00,188,93,95,
20. Jul. 2021 10:15,151,96,55,
20. Jul. 2021 10:30,152,85,67,
20. Jul. 2021 10:45,172,96,76,
20. Jul. 2021 11:00,215,93,122,
20. Jul. 2021 11:15,221,109,112,
20. Jul. 2021 11:30,198,91,107,
20. Jul. 2021 11:45,207,99,108,
20. Jul. 2021 12:00,268,103,165,
20. Jul. 2021 12:15,296,97,199,
20. Jul. 2021 12:30,250,102,148,
20. Jul. 2021 12:45,249,110,139,
20. Jul. 2021 13:00,317,126,191,
20. Jul. 2021 13:15,253,111,142,
20. Jul. 2021 13:30,205,98,107,
20. Jul. 2021 13:45,256,127,129,
20. Jul. 2021 14:00,237,119,118,
20. Jul. 2021 14:15,231,122,109,
20. Jul. 2021 14:30,222,110,112,
20. Jul. 2021 14:45,276,141,135,
20. Jul. 2021 15:00,314,138,176,
20. Jul. 2021 15:15,291,143,148,
20. Jul. 2021 15:30,352,190,162,
20. Jul. 2021 15:45,352,163,189,
20. Jul. 2021 16:00,282,160,122,
20. Jul. 2021 16:15,282,145,137,
20. Jul. 2021 16:30,342,157,185,
20. Jul. 2021 16:45,328,156,172,
20. Jul. 2021 17:00,315,152,163,
20. Jul. 2021 17:15,335,169,166,
20. Jul. 2021 17:30,341,157,184,
20. Jul. 2021 17:45,301,153,148,
20. Jul. 2021 18:00,313,139,174,
20. Jul. 2021 18:15,324,159,165,
20. Jul. 2021 18:30,296,147,149,
20. Jul. 2021 18:45,340,168,172,
20. Jul. 2021 19:00,276,144,132,
20. Jul. 2021 19:15,276,146,130,
20. Jul. 2021 19:30,240,110,130,
20. Jul. 2021 19:45,185,85,100,
20. Jul. 2021 20:00,188,83,105,
20. Jul. 2021 20:15,156,72,84,
20. Jul. 2021 20:30,171,89,82,
20. Jul. 2021 20:45,175,73,102,
20. Jul. 2021 21:00,145,58,87,
20. Jul. 2021 21:15,158,47,111,
20. Jul. 2021 21:30,118,36,82,
20. Jul. 2021 21:45,117,42,75,
20. Jul. 2021 22:00,127,52,75,
20. Jul. 2021 22:15,106,46,60,
20. Jul. 2021 22:30,82,28,54,
20. Jul. 2021 22:45,70,32,38,
20. Jul. 2021 23:00,71,21,50,
20. Jul. 2021 23:15,65,14,51,
20. Jul. 2021 23:30,47,9,38,
20. Jul. 2021 23:45,33,8,25,
21. Jul. 2021 00:00,33,13,20,
21. Jul. 2021 00:15,41,16,25,
21. Jul. 2021 00:30,20,9,11,
21. Jul. 2021 00:45,22,8,14,
21. Jul. 2021 01:00,15,5,10,
21. Jul. 2021 01:15,12,2,10,
21. Jul. 2021 01:30,14,3,11,
21. Jul. 2021 01:45,9,3,6,
21. Jul. 2021 02:00,11,3,8,
21. Jul. 2021 02:15,3,0,3,
21. Jul. 2021 02:30,1,0,1,
21. Jul. 2021 02:45,2,1,1,
21. Jul. 2021 03:00,0,0,0,
21. Jul. 2021 03:15,7,4,3,
21. Jul. 2021 03:30,1,0,1,
21. Jul. 2021 03:45,3,1,2,
21. Jul. 2021 04:00,2,2,0,
21. Jul. 2021 04:15,3,0,3,
21. Jul. 2021 04:30,3,1,2,
21. Jul. 2021 04:45,4,3,1,
21. Jul. 2021 05:00,8,6,2,
21. Jul. 2021 05:15,8,2,6,
21. Jul. 2021 05:30,18,11,7,
21. Jul. 2021 05:45,36,21,15,
21. Jul. 2021 06:00,30,16,14,
21. Jul. 2021 06:15,47,29,18,
21. Jul. 2021 06:30,53,25,28,
21. Jul. 2021 06:45,67,36,31,
21. Jul. 2021 07:00,92,49,43,
21. Jul. 2021 07:15,232,161,71,
21. Jul. 2021 07:30,449,307,142,
21. Jul. 2021 07:45,230,133,97,
21. Jul. 2021 08:00,203,111,92,
21. Jul. 2021 08:15,229,132,97,
21. Jul. 2021 08:30,232,125,107,
21. Jul. 2021 08:45,226,129,97,
21. Jul. 2021 09:00,174,109,65,
21. Jul. 2021 09:15,221,131,90,
21. Jul. 2021 09:30,176,102,74,
21. Jul. 2021 09:45,205,123,82,
21. Jul. 2021 10:00,172,96,76,
21. Jul. 2021 10:15,176,94,82,
21. Jul. 2021 10:30,169,93,76,
21. Jul. 2021 10:45,175,97,78,
21. Jul. 2021 11:00,179,72,107,
21. Jul. 2021 11:15,195,90,105,
21. Jul. 2021 11:30,181,93,88,
21. Jul. 2021 11:45,214,101,113,
21. Jul. 2021 12:00,252,116,136,
21. Jul. 2021 12:15,314,133,181,
21. Jul. 2021 12:30,246,117,129,
21. Jul. 2021 12:45,274,113,161,
21. Jul. 2021 13:00,356,144,212,
21. Jul. 2021 13:15,253,134,119,
21. Jul. 2021 13:30,264,123,141,
21. Jul. 2021 13:45,269,119,150,
21. Jul. 2021 14:00,226,99,127,
21. Jul. 2021 14:15,250,134,116,
21. Jul. 2021 14:30,257,105,152,
21. Jul. 2021 14:45,223,107,116,
21. Jul. 2021 15:00,248,111,137,
21. Jul. 2021 15:15,290,130,160,
21. Jul. 2021 15:30,328,175,153,
21. Jul. 2021 15:45,264,133,131,
21. Jul. 2021 16:00,285,143,142,
21. Jul. 2021 16:15,302,154,148,
21. Jul. 2021 16:30,301,131,170,
21. Jul. 2021 16:45,331,176,155,
21. Jul. 2021 17:00,321,152,169,
21. Jul. 2021 17:15,303,150,153,
21. Jul. 2021 17:30,334,164,170,
21. Jul. 2021 17:45,341,156,185,
21. Jul. 2021 18:00,284,132,152,
21. Jul. 2021 18:15,328,169,159,
21. Jul. 2021 18:30,339,175,164,
21. Jul. 2021 18:45,279,119,160,
21. Jul. 2021 19:00,212,101,111,
21. Jul. 2021 19:15,200,93,107,
21. Jul. 2021 19:30,221,107,114,
21. Jul. 2021 19:45,262,125,137,
21. Jul. 2021 20:00,199,101,98,
21. Jul. 2021 20:15,180,75,105,
21. Jul. 2021 20:30,185,77,108,
21. Jul. 2021 20:45,142,63,79,
21. Jul. 2021 21:00,137,38,99,
21. Jul. 2021 21:15,123,50,73,
21. Jul. 2021 21:30,134,55,79,
21. Jul. 2021 21:45,145,58,87,
21. Jul. 2021 22:00,145,68,77,
21. Jul. 2021 22:15,89,40,49,
21. Jul. 2021 22:30,75,25,50,
21. Jul. 2021 22:45,74,31,43,
21. Jul. 2021 23:00,90,33,57,
21. Jul. 2021 23:15,59,11,48,
21. Jul. 2021 23:30,42,18,24,
21. Jul. 2021 23:45,48,21,27,
22. Jul. 2021 00:00,39,15,24,
22. Jul. 2021 00:15,32,5,27,
22. Jul. 2021 00:30,23,7,16,
22. Jul. 2021 00:45,14,6,8,
22. Jul. 2021 01:00,30,10,20,
22. Jul. 2021 01:15,34,10,24,
22. Jul. 2021 01:30,15,8,7,
22. Jul. 2021 01:45,9,3,6,
22. Jul. 2021 02:00,6,2,4,
22. Jul. 2021 02:15,16,4,12,
22. Jul. 2021 02:30,7,1,6,
22. Jul. 2021 02:45,4,1,3,
22. Jul. 2021 03:00,3,0,3,
22. Jul. 2021 03:15,4,2,2,
22. Jul. 2021 03:30,1,1,0,
22. Jul. 2021 03:45,7,3,4,
22. Jul. 2021 04:00,3,1,2,
22. Jul. 2021 04:15,1,1,0,
22. Jul. 2021 04:30,3,1,2,
22. Jul. 2021 04:45,9,6,3,
22. Jul. 2021 05:00,5,3,2,
22. Jul. 2021 05:15,7,3,4,
22. Jul. 2021 05:30,21,11,10,
22. Jul. 2021 05:45,31,13,18,
22. Jul. 2021 06:00,18,10,8,
22. Jul. 2021 06:15,44,28,16,
22. Jul. 2021 06:30,45,24,21,
22. Jul. 2021 06:45,80,40,40,
22. Jul. 2021 07:00,104,50,54,
22. Jul. 2021 07:15,240,164,76,
22. Jul. 2021 07:30,425,302,123,
22. Jul. 2021 07:45,249,137,112,
22. Jul. 2021 08:00,210,118,92,
22. Jul. 2021 08:15,243,141,102,
22. Jul. 2021 08:30,244,148,96,
22. Jul. 2021 08:45,248,162,86,
22. Jul. 2021 09:00,176,96,80,
22. Jul. 2021 09:15,237,153,84,
22. Jul. 2021 09:30,174,87,87,
22. Jul. 2021 09:45,148,75,73,
22. Jul. 2021 10:00,173,96,77,
22. Jul. 2021 10:15,173,104,69,
22. Jul. 2021 10:30,163,84,79,
22. Jul. 2021 10:45,192,101,91,
22. Jul. 2021 11:00,201,96,105,
22. Jul. 2021 11:15,187,93,94,
22. Jul. 2021 11:30,209,110,99,
22. Jul. 2021 11:45,223,121,102,
22. Jul. 2021 12:00,224,131,93,
22. Jul. 2021 12:15,269,126,143,
22. Jul. 2021 12:30,231,86,145,
22. Jul. 2021 12:45,240,112,128,
22. Jul. 2021 13:00,330,109,221,
22. Jul. 2021 13:15,259,99,160,
22. Jul. 2021 13:30,223,99,124,
22. Jul. 2021 13:45,258,119,139,
22. Jul. 2021 14:00,264,104,160,
22. Jul. 2021 14:15,243,118,125,
22. Jul. 2021 14:30,261,146,115,
22. Jul. 2021 14:45,249,142,107,
22. Jul. 2021 15:00,229,107,122,
22. Jul. 2021 15:15,285,145,140,
22. Jul. 2021 15:30,361,168,193,
22. Jul. 2021 15:45,298,162,136,
22. Jul. 2021 16:00,301,123,178,
22. Jul. 2021 16:15,247,126,121,
22. Jul. 2021 16:30,299,127,172,
22. Jul. 2021 16:45,309,160,149,
22. Jul. 2021 17:00,293,126,167,
22. Jul. 2021 17:15,323,163,160,
22. Jul. 2021 17:30,308,149,159,
22. Jul. 2021 17:45,321,184,137,
22. Jul. 2021 18:00,279,112,167,
22. Jul. 2021 18:15,306,142,164,
22. Jul. 2021 18:30,276,129,147,
22. Jul. 2021 18:45,294,142,152,
22. Jul. 2021 19:00,256,124,132,
22. Jul. 2021 19:15,240,134,106,
22. Jul. 2021 19:30,217,109,108,
22. Jul. 2021 19:45,217,107,110,
22. Jul. 2021 20:00,184,81,103,
22. Jul. 2021 20:15,214,92,122,
22. Jul. 2021 20:30,189,78,111,
22. Jul. 2021 20:45,155,81,74,
22. Jul. 2021 21:00,115,61,54,
22. Jul. 2021 21:15,158,43,115,
22. Jul. 2021 21:30,149,57,92,
22. Jul. 2021 21:45,153,57,96,
22. Jul. 2021 22:00,114,38,76,
22. Jul. 2021 22:15,121,42,79,
22. Jul. 2021 22:30,83,29,54,
22. Jul. 2021 22:45,84,30,54,
22. Jul. 2021 23:00,65,25,40,
22. Jul. 2021 23:15,56,15,41,
22. Jul. 2021 23:30,46,18,28,
22. Jul. 2021 23:45,47,16,31,
23. Jul. 2021 00:00,67,12,55,
23. Jul. 2021 00:15,56,24,32,
23. Jul. 2021 00:30,32,11,21,
23. Jul. 2021 00:45,20,2,18,
23. Jul. 2021 01:00,23,5,18,
23. Jul. 2021 01:15,28,10,18,
23. Jul. 2021 01:30,10,5,5,
23. Jul. 2021 01:45,16,9,7,
23. Jul. 2021 02:00,14,7,7,
23. Jul. 2021 02:15,10,3,7,
23. Jul. 2021 02:30,9,6,3,
23. Jul. 2021 02:45,17,12,5,
23. Jul. 2021 03:00,2,1,1,
23. Jul. 2021 03:15,12,2,10,
23. Jul. 2021 03:30,11,8,3,
23. Jul. 2021 03:45,1,0,1,
23. Jul. 2021 04:00,2,0,2,
23. Jul. 2021 04:15,5,4,1,
23. Jul. 2021 04:30,3,3,0,
23. Jul. 2021 04:45,6,2,4,
23. Jul. 2021 05:00,12,7,5,
23. Jul. 2021 05:15,15,7,8,
23. Jul. 2021 05:30,24,14,10,
23. Jul. 2021 05:45,30,14,16,
23. Jul. 2021 06:00,33,17,16,
23. Jul. 2021 06:15,33,20,13,
23. Jul. 2021 06:30,36,27,9,
23. Jul. 2021 06:45,92,52,40,
23. Jul. 2021 07:00,74,36,38,
23. Jul. 2021 07:15,211,156,55,
23. Jul. 2021 07:30,433,319,114,
23. Jul. 2021 07:45,234,136,98,
23. Jul. 2021 08:00,211,124,87,
23. Jul. 2021 08:15,213,121,92,
23. Jul. 2021 08:30,222,119,103,
23. Jul. 2021 08:45,208,122,86,
23. Jul. 2021 09:00,204,112,92,
23. Jul. 2021 09:15,283,176,107,
23. Jul. 2021 09:30,208,103,105,
23. Jul. 2021 09:45,216,122,94,
23. Jul. 2021 10:00,196,104,92,
23. Jul. 2021 10:15,228,115,113,
23. Jul. 2021 10:30,198,99,99,
23. Jul. 2021 10:45,214,111,103,
23. Jul. 2021 11:00,236,110,126,
23. Jul. 2021 11:15,228,102,126,
23. Jul. 2021 11:30,239,129,110,
23. Jul. 2021 11:45,218,101,117,
23. Jul. 2021 12:00,237,101,136,
23. Jul. 2021 12:15,305,151,154,
23. Jul. 2021 12:30,240,110,130,
23. Jul. 2021 12:45,313,117,196,
23. Jul. 2021 13:00,374,140,234,
23. Jul. 2021 13:15,264,110,154,
23. Jul. 2021 13:30,243,133,110,
23. Jul. 2021 13:45,251,108,143,
23. Jul. 2021 14:00,305,140,165,
23. Jul. 2021 14:15,240,114,126,
23. Jul. 2021 14:30,290,112,178,
23. Jul. 2021 14:45,279,151,128,
23. Jul. 2021 15:00,267,119,148,
23. Jul. 2021 15:15,292,148,144,
23. Jul. 2021 15:30,241,109,132,
23. Jul. 2021 15:45,264,126,138,
23. Jul. 2021 16:00,232,109,123,
23. Jul. 2021 16:15,228,99,129,
23. Jul. 2021 16:30,272,143,129,
23. Jul. 2021 16:45,272,139,133,
23. Jul. 2021 17:00,269,135,134,
23. Jul. 2021 17:15,252,118,134,
23. Jul. 2021 17:30,227,121,106,
23. Jul. 2021 17:45,252,134,118,
23. Jul. 2021 18:00,227,110,117,
23. Jul. 2021 18:15,244,120,124,
23. Jul. 2021 18:30,270,105,165,
23. Jul. 2021 18:45,251,126,125,
23. Jul. 2021 19:00,269,142,127,
23. Jul. 2021 19:15,240,124,116,
23. Jul. 2021 19:30,216,116,100,
23. Jul. 2021 19:45,167,87,80,
23. Jul. 2021 20:00,196,103,93,
23. Jul. 2021 20:15,179,94,85,
23. Jul. 2021 20:30,170,75,95,
23. Jul. 2021 20:45,148,75,73,
23. Jul. 2021 21:00,154,70,84,
23. Jul. 2021 21:15,130,58,72,
23. Jul. 2021 21:30,150,70,80,
23. Jul. 2021 21:45,169,68,101,
23. Jul. 2021 22:00,135,59,76,
23. Jul. 2021 22:15,110,54,56,
23. Jul. 2021 22:30,82,30,52,
23. Jul. 2021 22:45,90,47,43,
23. Jul. 2021 23:00,121,42,79,
23. Jul. 2021 23:15,98,36,62,
23. Jul. 2021 23:30,83,41,42,
23. Jul. 2021 23:45,73,23,50,
24. Jul. 2021 00:00,122,44,78,
24. Jul. 2021 00:15,74,19,55,
24. Jul. 2021 00:30,65,24,41,
24. Jul. 2021 00:45,61,12,49,
24. Jul. 2021 01:00,73,16,57,
24. Jul. 2021 01:15,49,11,38,
24. Jul. 2021 01:30,59,22,37,
24. Jul. 2021 01:45,37,8,29,
24. Jul. 2021 02:00,50,21,29,
24. Jul. 2021 02:15,33,7,26,
24. Jul. 2021 02:30,49,21,28,
24. Jul. 2021 02:45,28,6,22,
24. Jul. 2021 03:00,39,11,28,
24. Jul. 2021 03:15,22,11,11,
24. Jul. 2021 03:30,20,3,17,
24. Jul. 2021 03:45,19,6,13,
24. Jul. 2021 04:00,15,6,9,
24. Jul. 2021 04:15,10,2,8,
24. Jul. 2021 04:30,13,9,4,
24. Jul. 2021 04:45,8,3,5,
24. Jul. 2021 05:00,10,3,7,
24. Jul. 2021 05:15,12,5,7,
24. Jul. 2021 05:30,6,0,6,
24. Jul. 2021 05:45,22,17,5,
24. Jul. 2021 06:00,22,17,5,
24. Jul. 2021 06:15,17,11,6,
24. Jul. 2021 06:30,28,14,14,
24. Jul. 2021 06:45,28,8,20,
24. Jul. 2021 07:00,15,7,8,
24. Jul. 2021 07:15,14,4,10,
24. Jul. 2021 07:30,26,10,16,
24. Jul. 2021 07:45,28,16,12,
24. Jul. 2021 08:00,19,10,9,
24. Jul. 2021 08:15,36,22,14,
24. Jul. 2021 08:30,43,28,15,
24. Jul. 2021 08:45,70,32,38,
24. Jul. 2021 09:00,38,22,16,
24. Jul. 2021 09:15,52,33,19,
24. Jul. 2021 09:30,72,36,36,
24. Jul. 2021 09:45,117,67,50,
24. Jul. 2021 10:00,91,46,45,
24. Jul. 2021 10:15,111,58,53,
24. Jul. 2021 10:30,93,44,49,
24. Jul. 2021 10:45,135,85,50,
24. Jul. 2021 11:00,133,78,55,
24. Jul. 2021 11:15,149,97,52,
24. Jul. 2021 11:30,170,88,82,
24. Jul. 2021 11:45,155,81,74,
24. Jul. 2021 12:00,131,72,59,
24. Jul. 2021 12:15,157,83,74,
24. Jul. 2021 12:30,161,95,66,
24. Jul. 2021 12:45,159,93,66,
24. Jul. 2021 13:00,150,73,77,
24. Jul. 2021 13:15,164,86,78,
24. Jul. 2021 13:30,184,86,98,
24. Jul. 2021 13:45,197,95,102,
24. Jul. 2021 14:00,190,87,103,
24. Jul. 2021 14:15,160,81,79,
24. Jul. 2021 14:30,165,72,93,
24. Jul. 2021 14:45,181,96,85,
24. Jul. 2021 15:00,157,84,73,
24. Jul. 2021 15:15,165,76,89,
24. Jul. 2021 15:30,165,87,78,
24. Jul. 2021 15:45,199,88,111,
24. Jul. 2021 16:00,203,96,107,
24. Jul. 2021 16:15,247,83,164,
24. Jul. 2021 16:30,111,43,68,
24. Jul. 2021 16:45,45,14,31,
24. Jul. 2021 17:00,91,26,65,
24. Jul. 2021 17:15,108,46,62,
24. Jul. 2021 17:30,68,26,42,
24. Jul. 2021 17:45,88,45,43,
24. Jul. 2021 18:00,89,39,50,
24. Jul. 2021 18:15,100,39,61,
24. Jul. 2021 18:30,86,41,45,
24. Jul. 2021 18:45,96,45,51,
24. Jul. 2021 19:00,78,48,30,
24. Jul. 2021 19:15,88,45,43,
24. Jul. 2021 19:30,75,39,36,
24. Jul. 2021 19:45,73,37,36,
24. Jul. 2021 20:00,64,33,31,
24. Jul. 2021 20:15,51,29,22,
24. Jul. 2021 20:30,74,43,31,
24. Jul. 2021 20:45,77,44,33,
24. Jul. 2021 21:00,50,27,23,
24. Jul. 2021 21:15,58,38,20,
24. Jul. 2021 21:30,69,38,31,
24. Jul. 2021 21:45,78,42,36,
24. Jul. 2021 22:00,47,23,24,
24. Jul. 2021 22:15,24,9,15,
24. Jul. 2021 22:30,45,27,18,
24. Jul. 2021 22:45,41,15,26,
24. Jul. 2021 23:00,41,16,25,
24. Jul. 2021 23:15,34,15,19,
24. Jul. 2021 23:30,35,16,19,
24. Jul. 2021 23:45,50,22,28,
25. Jul. 2021 00:00,42,10,32,
25. Jul. 2021 00:15,39,10,29,
25. Jul. 2021 00:30,24,5,19,
25. Jul. 2021 00:45,28,18,10,
25. Jul. 2021 01:00,26,9,17,
25. Jul. 2021 01:15,22,4,18,
25. Jul. 2021 01:30,34,11,23,
25. Jul. 2021 01:45,26,11,15,
25. Jul. 2021 02:00,16,6,10,
25. Jul. 2021 02:15,17,7,10,
25. Jul. 2021 02:30,16,4,12,
25. Jul. 2021 02:45,21,4,17,
25. Jul. 2021 03:00,18,4,14,
25. Jul. 2021 03:15,10,2,8,
25. Jul. 2021 03:30,7,1,6,
25. Jul. 2021 03:45,13,6,7,
25. Jul. 2021 04:00,5,1,4,
25. Jul. 2021 04:15,9,5,4,
25. Jul. 2021 04:30,11,2,9,
25. Jul. 2021 04:45,7,1,6,
25. Jul. 2021 05:00,10,6,4,
25. Jul. 2021 05:15,5,2,3,
25. Jul. 2021 05:30,4,2,2,
25. Jul. 2021 05:45,9,2,7,
25. Jul. 2021 06:00,8,6,2,
25. Jul. 2021 06:15,10,7,3,
25. Jul. 2021 06:30,7,2,5,
25. Jul. 2021 06:45,2,1,1,
25. Jul. 2021 07:00,13,7,6,
25. Jul. 2021 07:15,9,3,6,
25. Jul. 2021 07:30,14,6,8,
25. Jul. 2021 07:45,9,8,1,
25. Jul. 2021 08:00,17,6,11,
25. Jul. 2021 08:15,21,11,10,
25. Jul. 2021 08:30,24,6,18,
25. Jul. 2021 08:45,44,21,23,
25. Jul. 2021 09:00,42,22,20,
25. Jul. 2021 09:15,58,30,28,
25. Jul. 2021 09:30,56,20,36,
25. Jul. 2021 09:45,70,42,28,
25. Jul. 2021 10:00,67,32,35,
25. Jul. 2021 10:15,89,40,49,
25. Jul. 2021 10:30,89,38,51,
25. Jul. 2021 10:45,97,54,43,
25. Jul. 2021 11:00,82,38,44,
25. Jul. 2021 11:15,80,44,36,
25. Jul. 2021 11:30,111,50,61,
25. Jul. 2021 11:45,112,57,55,
25. Jul. 2021 12:00,119,56,63,
25. Jul. 2021 12:15,112,54,58,
25. Jul. 2021 12:30,103,57,46,
25. Jul. 2021 12:45,112,61,51,
25. Jul. 2021 13:00,146,59,87,
25. Jul. 2021 13:15,101,40,61,
25. Jul. 2021 13:30,138,83,55,
25. Jul. 2021 13:45,109,47,62,
25. Jul. 2021 14:00,78,29,49,
25. Jul. 2021 14:15,72,22,50,
25. Jul. 2021 14:30,45,20,25,
25. Jul. 2021 14:45,48,11,37,
25. Jul. 2021 15:00,55,28,27,
25. Jul. 2021 15:15,65,25,40,
25. Jul. 2021 15:30,88,44,44,
25. Jul. 2021 15:45,104,79,25,
25. Jul. 2021 16:00,91,54,37,
25. Jul. 2021 16:15,77,48,29,
25. Jul. 2021 16:30,105,34,71,
25. Jul. 2021 16:45,107,49,58,
25. Jul. 2021 17:00,101,47,54,
25. Jul. 2021 17:15,92,40,52,
25. Jul. 2021 17:30,61,29,32,
25. Jul. 2021 17:45,86,41,45,
25. Jul. 2021 18:00,74,38,36,
25. Jul. 2021 18:15,105,59,46,
25. Jul. 2021 18:30,75,32,43,
25. Jul. 2021 18:45,120,62,58,
25. Jul. 2021 19:00,78,39,39,
25. Jul. 2021 19:15,61,31,30,
25. Jul. 2021 19:30,57,33,24,
25. Jul. 2021 19:45,68,35,33,
25. Jul. 2021 20:00,60,35,25,
25. Jul. 2021 20:15,39,18,21,
25. Jul. 2021 20:30,64,34,30,
25. Jul. 2021 20:45,61,19,42,
25. Jul. 2021 21:00,56,22,34,
25. Jul. 2021 21:15,71,38,33,
25. Jul. 2021 21:30,60,25,35,
25. Jul. 2021 21:45,41,16,25,
25. Jul. 2021 22:00,47,21,26,
25. Jul. 2021 22:15,30,11,19,
25. Jul. 2021 22:30,41,12,29,
25. Jul. 2021 22:45,22,10,12,
25. Jul. 2021 23:00,37,11,26,
25. Jul. 2021 23:15,27,8,19,
25. Jul. 2021 23:30,23,9,14,
25. Jul. 2021 23:45,16,7,9,
26. Jul. 2021 00:00,21,3,18,
26. Jul. 2021 00:15,21,10,11,
26. Jul. 2021 00:30,13,7,6,
26. Jul. 2021 00:45,7,4,3,
26. Jul. 2021 01:00,16,11,5,
26. Jul. 2021 01:15,4,2,2,
26. Jul. 2021 01:30,5,0,5,
26. Jul. 2021 01:45,2,1,1,
26. Jul. 2021 02:00,11,2,9,
26. Jul. 2021 02:15,1,0,1,
26. Jul. 2021 02:30,4,2,2,
26. Jul. 2021 02:45,5,2,3,
26. Jul. 2021 03:00,3,1,2,
26. Jul. 2021 03:15,2,2,0,
26. Jul. 2021 03:30,1,0,1,
26. Jul. 2021 03:45,1,0,1,
26. Jul. 2021 04:00,2,0,2,
26. Jul. 2021 04:15,0,0,0,
26. Jul. 2021 04:30,4,1,3,
26. Jul. 2021 04:45,3,2,1,
26. Jul. 2021 05:00,5,3,2,
26. Jul. 2021 05:15,2,1,1,
26. Jul. 2021 05:30,12,5,7,
26. Jul. 2021 05:45,20,10,10,
26. Jul. 2021 06:00,22,15,7,
26. Jul. 2021 06:15,32,24,8,
26. Jul. 2021 06:30,40,23,17,
26. Jul. 2021 06:45,64,38,26,
26. Jul. 2021 07:00,74,32,42,
26. Jul. 2021 07:15,176,119,57,
26. Jul. 2021 07:30,377,264,113,
26. Jul. 2021 07:45,204,110,94,
26. Jul. 2021 08:00,191,85,106,
26. Jul. 2021 08:15,226,138,88,
26. Jul. 2021 08:30,174,94,80,
26. Jul. 2021 08:45,206,120,86,
26. Jul. 2021 09:00,173,105,68,
26. Jul. 2021 09:15,206,133,73,
26. Jul. 2021 09:30,147,72,75,
26. Jul. 2021 09:45,151,84,67,
26. Jul. 2021 10:00,142,74,68,
26. Jul. 2021 10:15,164,91,73,
26. Jul. 2021 10:30,162,93,69,
26. Jul. 2021 10:45,155,83,72,
26. Jul. 2021 11:00,133,68,65,
26. Jul. 2021 11:15,188,109,79,
26. Jul. 2021 11:30,146,71,75,
26. Jul. 2021 11:45,169,88,81,
26. Jul. 2021 12:00,195,97,98,
26. Jul. 2021 12:15,167,67,100,
26. Jul. 2021 12:30,193,96,97,
26. Jul. 2021 12:45,232,110,122,
26. Jul. 2021 13:00,370,120,250,
26. Jul. 2021 13:15,233,117,116,
26. Jul. 2021 13:30,198,111,87,
26. Jul. 2021 13:45,208,91,117,
26. Jul. 2021 14:00,225,87,138,
26. Jul. 2021 14:15,207,102,105,
26. Jul. 2021 14:30,219,121,98,
26. Jul. 2021 14:45,260,136,124,
26. Jul. 2021 15:00,235,116,119,
26. Jul. 2021 15:15,254,117,137,
26. Jul. 2021 15:30,301,152,149,
26. Jul. 2021 15:45,246,113,133,
26. Jul. 2021 16:00,308,134,174,
26. Jul. 2021 16:15,231,102,129,
26. Jul. 2021 16:30,204,105,99,
26. Jul. 2021 16:45,155,75,80,
26. Jul. 2021 17:00,160,72,88,
26. Jul. 2021 17:15,177,98,79,
26. Jul. 2021 17:30,170,64,106,
26. Jul. 2021 17:45,226,108,118,
26. Jul. 2021 18:00,216,87,129,
26. Jul. 2021 18:15,204,84,120,
26. Jul. 2021 18:30,178,65,113,
26. Jul. 2021 18:45,192,88,104,
26. Jul. 2021 19:00,169,71,98,
26. Jul. 2021 19:15,142,76,66,
26. Jul. 2021 19:30,125,62,63,
26. Jul. 2021 19:45,110,52,58,
26. Jul. 2021 20:00,107,48,59,
26. Jul. 2021 20:15,106,47,59,
26. Jul. 2021 20:30,90,46,44,
26. Jul. 2021 20:45,73,36,37,
26. Jul. 2021 21:00,64,30,34,
26. Jul. 2021 21:15,54,28,26,
26. Jul. 2021 21:30,102,39,63,
26. Jul. 2021 21:45,43,19,24,
26. Jul. 2021 22:00,58,25,33,
26. Jul. 2021 22:15,43,23,20,
26. Jul. 2021 22:30,33,18,15,
26. Jul. 2021 22:45,33,15,18,
26. Jul. 2021 23:00,40,15,25,
26. Jul. 2021 23:15,34,10,24,
26. Jul. 2021 23:30,24,12,12,
26. Jul. 2021 23:45,34,17,17,
27. Jul. 2021 00:00,11,4,7,
27. Jul. 2021 00:15,29,12,17,
27. Jul. 2021 00:30,21,6,15,
27. Jul. 2021 00:45,16,9,7,
27. Jul. 2021 01:00,30,4,26,
27. Jul. 2021 01:15,13,8,5,
27. Jul. 2021 01:30,9,2,7,
27. Jul. 2021 01:45,7,4,3,
27. Jul. 2021 02:00,3,1,2,
27. Jul. 2021 02:15,9,6,3,
27. Jul. 2021 02:30,6,3,3,
27. Jul. 2021 02:45,3,0,3,
27. Jul. 2021 03:00,1,0,1,
27. Jul. 2021 03:15,1,1,0,
27. Jul. 2021 03:30,6,1,5,
27. Jul. 2021 03:45,5,1,4,
27. Jul. 2021 04:00,2,0,2,
27. Jul. 2021 04:15,3,1,2,
27. Jul. 2021 04:30,5,3,2,
27. Jul. 2021 04:45,3,2,1,
27. Jul. 2021 05:00,3,2,1,
27. Jul. 2021 05:15,9,2,7,
27. Jul. 2021 05:30,17,9,8,
27. Jul. 2021 05:45,25,15,10,
27. Jul. 2021 06:00,24,12,12,
27. Jul. 2021 06:15,41,29,12,
27. Jul. 2021 06:30,59,27,32,
27. Jul. 2021 06:45,85,49,36,
27. Jul. 2021 07:00,82,46,36,
27. Jul. 2021 07:15,134,72,62,
27. Jul. 2021 07:30,309,193,116,
27. Jul. 2021 07:45,263,131,132,
27. Jul. 2021 08:00,242,122,120,
27. Jul. 2021 08:15,291,174,117,
27. Jul. 2021 08:30,251,147,104,
27. Jul. 2021 08:45,230,129,101,
27. Jul. 2021 09:00,223,133,90,
27. Jul. 2021 09:15,189,111,78,
27. Jul. 2021 09:30,179,84,95,
27. Jul. 2021 09:45,198,96,102,
27. Jul. 2021 10:00,169,89,80,
27. Jul. 2021 10:15,167,91,76,
27. Jul. 2021 10:30,154,81,73,
27. Jul. 2021 10:45,172,91,81,
27. Jul. 2021 11:00,167,85,82,
27. Jul. 2021 11:15,189,108,81,
27. Jul. 2021 11:30,178,80,98,
27. Jul. 2021 11:45,180,93,87,
27. Jul. 2021 12:00,187,82,105,
27. Jul. 2021 12:15,234,91,143,
27. Jul. 2021 12:30,225,103,122,
27. Jul. 2021 12:45,255,111,144,
27. Jul. 2021 13:00,287,120,167,
27. Jul. 2021 13:15,236,102,134,
27. Jul. 2021 13:30,205,116,89,
27. Jul. 2021 13:45,240,116,124,
27. Jul. 2021 14:00,235,120,115,
27. Jul. 2021 14:15,220,113,107,
27. Jul. 2021 14:30,204,101,103,
27. Jul. 2021 14:45,238,116,122,
27. Jul. 2021 15:00,274,130,144,
27. Jul. 2021 15:15,229,132,97,
27. Jul. 2021 15:30,301,161,140,
27. Jul. 2021 15:45,266,105,161,
27. Jul. 2021 16:00,246,115,131,
27. Jul. 2021 16:15,276,137,139,
27. Jul. 2021 16:30,284,145,139,
27. Jul. 2021 16:45,295,128,167,
27. Jul. 2021 17:00,284,129,155,
27. Jul. 2021 17:15,292,138,154,
27. Jul. 2021 17:30,295,130,165,
27. Jul. 2021 17:45,286,148,138,
27. Jul. 2021 18:00,298,132,166,
27. Jul. 2021 18:15,292,124,168,
27. Jul. 2021 18:30,287,110,177,
27. Jul. 2021 18:45,294,141,153,
27. Jul. 2021 19:00,271,96,175,
27. Jul. 2021 19:15,181,86,95,
27. Jul. 2021 19:30,106,44,62,
27. Jul. 2021 19:45,111,45,66,
27. Jul. 2021 20:00,94,44,50,
27. Jul. 2021 20:15,111,56,55,
27. Jul. 2021 20:30,116,52,64,
27. Jul. 2021 20:45,108,55,53,
27. Jul. 2021 21:00,75,36,39,
27. Jul. 2021 21:15,62,31,31,
27. Jul. 2021 21:30,74,36,38,
27. Jul. 2021 21:45,63,29,34,
27. Jul. 2021 22:00,61,25,36,
27. Jul. 2021 22:15,40,19,21,
27. Jul. 2021 22:30,51,18,33,
27. Jul. 2021 22:45,35,13,22,
27. Jul. 2021 23:00,51,29,22,
27. Jul. 2021 23:15,29,8,21,
27. Jul. 2021 23:30,36,10,26,
27. Jul. 2021 23:45,17,9,8,
28. Jul. 2021 00:00,27,10,17,
28. Jul. 2021 00:15,16,9,7,
28. Jul. 2021 00:30,21,7,14,
28. Jul. 2021 00:45,19,4,15,
28. Jul. 2021 01:00,23,6,17,
28. Jul. 2021 01:15,14,6,8,
28. Jul. 2021 01:30,16,3,13,
28. Jul. 2021 01:45,14,4,10,
28. Jul. 2021 02:00,18,1,17,
28. Jul. 2021 02:15,12,9,3,
28. Jul. 2021 02:30,5,4,1,
28. Jul. 2021 02:45,4,1,3,
28. Jul. 2021 03:00,5,0,5,
28. Jul. 2021 03:15,9,2,7,
28. Jul. 2021 03:30,3,1,2,
28. Jul. 2021 03:45,2,0,2,
28. Jul. 2021 04:00,0,0,0,
28. Jul. 2021 04:15,5,4,1,
28. Jul. 2021 04:30,5,3,2,
28. Jul. 2021 04:45,2,1,1,
28. Jul. 2021 05:00,5,4,1,
28. Jul. 2021 05:15,9,5,4,
28. Jul. 2021 05:30,19,10,9,
28. Jul. 2021 05:45,24,12,12,
28. Jul. 2021 06:00,23,12,11,
28. Jul. 2021 06:15,30,20,10,
28. Jul. 2021 06:30,54,31,23,
28. Jul. 2021 06:45,61,36,25,
28. Jul. 2021 07:00,78,41,37,
28. Jul. 2021 07:15,148,99,49,
28. Jul. 2021 07:30,327,209,118,
28. Jul. 2021 07:45,204,96,108,
28. Jul. 2021 08:00,175,101,74,
28. Jul. 2021 08:15,191,97,94,
28. Jul. 2021 08:30,162,100,62,
28. Jul. 2021 08:45,162,83,79,
28. Jul. 2021 09:00,118,78,40,
28. Jul. 2021 09:15,148,97,51,
28. Jul. 2021 09:30,116,78,38,
28. Jul. 2021 09:45,96,53,43,
28. Jul. 2021 10:00,79,31,48,
28. Jul. 2021 10:15,224,32,192,
28. Jul. 2021 10:30,116,50,66,
28. Jul. 2021 10:45,113,55,58,
28. Jul. 2021 11:00,118,65,53,
28. Jul. 2021 11:15,142,97,45,
28. Jul. 2021 11:30,119,84,35,
28. Jul. 2021 11:45,84,35,49,
28. Jul. 2021 12:00,88,36,52,
28. Jul. 2021 12:15,99,38,61,
28. Jul. 2021 12:30,80,35,45,
28. Jul. 2021 12:45,107,45,62,
28. Jul. 2021 13:00,117,56,61,
28. Jul. 2021 13:15,105,49,56,
28. Jul. 2021 13:30,118,52,66,
28. Jul. 2021 13:45,124,58,66,
28. Jul. 2021 14:00,144,73,71,
28. Jul. 2021 14:15,168,90,78,
28. Jul. 2021 14:30,183,80,103,
28. Jul. 2021 14:45,172,96,76,
28. Jul. 2021 15:00,188,93,95,
28. Jul. 2021 15:15,160,72,88,
28. Jul. 2021 15:30,161,75,86,
28. Jul. 2021 15:45,229,115,114,
28. Jul. 2021 16:00,210,110,100,
28. Jul. 2021 16:15,222,114,108,
28. Jul. 2021 16:30,196,113,83,
28. Jul. 2021 16:45,227,97,130,
28. Jul. 2021 17:00,215,98,117,
28. Jul. 2021 17:15,242,113,129,
28. Jul. 2021 17:30,214,108,106,
28. Jul. 2021 17:45,277,132,145,
28. Jul. 2021 18:00,244,129,115,
28. Jul. 2021 18:15,223,95,128,
28. Jul. 2021 18:30,228,120,108,
28. Jul. 2021 18:45,239,108,131,
28. Jul. 2021 19:00,206,108,98,
28. Jul. 2021 19:15,203,99,104,
28. Jul. 2021 19:30,184,80,104,
28. Jul. 2021 19:45,168,78,90,
28. Jul. 2021 20:00,175,95,80,
28. Jul. 2021 20:15,168,98,70,
28. Jul. 2021 20:30,153,84,69,
28. Jul. 2021 20:45,138,69,69,
28. Jul. 2021 21:00,128,60,68,
28. Jul. 2021 21:15,114,53,61,
28. Jul. 2021 21:30,120,67,53,
28. Jul. 2021 21:45,108,47,61,
28. Jul. 2021 22:00,104,47,57,
28. Jul. 2021 22:15,107,52,55,
28. Jul. 2021 22:30,91,38,53,
28. Jul. 2021 22:45,88,36,52,
28. Jul. 2021 23:00,81,40,41,
28. Jul. 2021 23:15,56,19,37,
28. Jul. 2021 23:30,55,17,38,
28. Jul. 2021 23:45,59,11,48,
29. Jul. 2021 00:00,47,13,34,
29. Jul. 2021 00:15,52,12,40,
29. Jul. 2021 00:30,45,7,38,
29. Jul. 2021 00:45,43,15,28,
29. Jul. 2021 01:00,39,14,25,
29. Jul. 2021 01:15,46,12,34,
29. Jul. 2021 01:30,28,6,22,
29. Jul. 2021 01:45,20,6,14,
29. Jul. 2021 02:00,21,10,11,
29. Jul. 2021 02:15,11,4,7,
29. Jul. 2021 02:30,12,3,9,
29. Jul. 2021 02:45,9,2,7,
29. Jul. 2021 03:00,11,6,5,
29. Jul. 2021 03:15,10,1,9,
29. Jul. 2021 03:30,15,4,11,
29. Jul. 2021 03:45,6,1,5,
29. Jul. 2021 04:00,1,0,1,
29. Jul. 2021 04:15,5,3,2,
29. Jul. 2021 04:30,7,3,4,
29. Jul. 2021 04:45,3,2,1,
29. Jul. 2021 05:00,7,5,2,
29. Jul. 2021 05:15,12,8,4,
29. Jul. 2021 05:30,19,9,10,
29. Jul. 2021 05:45,29,17,12,
29. Jul. 2021 06:00,25,13,12,
29. Jul. 2021 06:15,45,27,18,
29. Jul. 2021 06:30,47,25,22,
29. Jul. 2021 06:45,75,41,34,
29. Jul. 2021 07:00,59,34,25,
29. Jul. 2021 07:15,91,57,34,
29. Jul. 2021 07:30,124,69,55,
29. Jul. 2021 07:45,170,91,79,
29. Jul. 2021 08:00,160,77,83,
29. Jul. 2021 08:15,174,84,90,
29. Jul. 2021 08:30,195,119,76,
29. Jul. 2021 08:45,235,127,108,
29. Jul. 2021 09:00,163,89,74,
29. Jul. 2021 09:15,179,106,73,
29. Jul. 2021 09:30,147,83,64,
29. Jul. 2021 09:45,185,100,85,
29. Jul. 2021 10:00,158,95,63,
29. Jul. 2021 10:15,198,88,110,
29. Jul. 2021 10:30,171,93,78,
29. Jul. 2021 10:45,202,102,100,
29. Jul. 2021 11:00,202,93,109,
29. Jul. 2021 11:15,233,110,123,
29. Jul. 2021 11:30,207,100,107,
29. Jul. 2021 11:45,210,106,104,
29. Jul. 2021 12:00,226,105,121,
29. Jul. 2021 12:15,209,101,108,
29. Jul. 2021 12:30,265,119,146,
29. Jul. 2021 12:45,217,103,114,
29. Jul. 2021 13:00,211,103,108,
29. Jul. 2021 13:15,227,127,100,
29. Jul. 2021 13:30,213,99,114,
29. Jul. 2021 13:45,222,102,120,
29. Jul. 2021 14:00,233,119,114,
29. Jul. 2021 14:15,215,98,117,
29. Jul. 2021 14:30,260,114,146,
29. Jul. 2021 14:45,224,110,114,
29. Jul. 2021 15:00,213,125,88,
29. Jul. 2021 15:15,241,124,117,
29. Jul. 2021 15:30,223,107,116,
29. Jul. 2021 15:45,231,118,113,
29. Jul. 2021 16:00,268,104,164,
29. Jul. 2021 16:15,247,129,118,
29. Jul. 2021 16:30,256,125,131,
29. Jul. 2021 16:45,258,125,133,
29. Jul. 2021 17:00,265,131,134,
29. Jul. 2021 17:15,271,152,119,
29. Jul. 2021 17:30,285,136,149,
29. Jul. 2021 17:45,297,153,144,
29. Jul. 2021 18:00,268,123,145,
29. Jul. 2021 18:15,282,128,154,
29. Jul. 2021 18:30,248,125,123,
29. Jul. 2021 18:45,250,107,143,
29. Jul. 2021 19:00,203,113,90,
29. Jul. 2021 19:15,188,95,93,
29. Jul. 2021 19:30,173,77,96,
29. Jul. 2021 19:45,193,97,96,
29. Jul. 2021 20:00,187,75,112,
29. Jul. 2021 20:15,220,99,121,
29. Jul. 2021 20:30,132,62,70,
29. Jul. 2021 20:45,139,69,70,
29. Jul. 2021 21:00,143,64,79,
29. Jul. 2021 21:15,120,61,59,
29. Jul. 2021 21:30,133,55,78,
29. Jul. 2021 21:45,135,46,89,
29. Jul. 2021 22:00,90,37,53,
29. Jul. 2021 22:15,91,31,60,
29. Jul. 2021 22:30,82,24,58,
29. Jul. 2021 22:45,80,33,47,
29. Jul. 2021 23:00,64,18,46,
29. Jul. 2021 23:15,58,29,29,
29. Jul. 2021 23:30,53,28,25,
29. Jul. 2021 23:45,50,16,34,
30. Jul. 2021 00:00,36,12,24,
30. Jul. 2021 00:15,42,9,33,
30. Jul. 2021 00:30,26,5,21,
30. Jul. 2021 00:45,27,3,24,
30. Jul. 2021 01:00,26,2,24,
30. Jul. 2021 01:15,25,8,17,
30. Jul. 2021 01:30,15,4,11,
30. Jul. 2021 01:45,8,1,7,
30. Jul. 2021 02:00,19,7,12,
30. Jul. 2021 02:15,15,5,10,
30. Jul. 2021 02:30,11,1,10,
30. Jul. 2021 02:45,5,5,0,
30. Jul. 2021 03:00,6,2,4,
30. Jul. 2021 03:15,5,1,4,
30. Jul. 2021 03:30,6,0,6,
30. Jul. 2021 03:45,10,3,7,
30. Jul. 2021 04:00,7,0,7,
30. Jul. 2021 04:15,7,2,5,
30. Jul. 2021 04:30,3,3,0,
30. Jul. 2021 04:45,2,2,0,
30. Jul. 2021 05:00,1,0,1,
30. Jul. 2021 05:15,13,8,5,
30. Jul. 2021 05:30,15,8,7,
30. Jul. 2021 05:45,29,17,12,
30. Jul. 2021 06:00,28,16,12,
30. Jul. 2021 06:15,39,27,12,
30. Jul. 2021 06:30,42,21,21,
30. Jul. 2021 06:45,63,35,28,
30. Jul. 2021 07:00,70,43,27,
30. Jul. 2021 07:15,84,44,40,
30. Jul. 2021 07:30,103,59,44,
30. Jul. 2021 07:45,142,63,79,
30. Jul. 2021 08:00,158,87,71,
30. Jul. 2021 08:15,169,101,68,
30. Jul. 2021 08:30,175,104,71,
30. Jul. 2021 08:45,222,143,79,
30. Jul. 2021 09:00,166,88,78,
30. Jul. 2021 09:15,181,112,69,
30. Jul. 2021 09:30,179,96,83,
30. Jul. 2021 09:45,236,128,108,
30. Jul. 2021 10:00,175,97,78,
30. Jul. 2021 10:15,202,120,82,
30. Jul. 2021 10:30,214,123,91,
30. Jul. 2021 10:45,167,96,71,
30. Jul. 2021 11:00,170,98,72,
30. Jul. 2021 11:15,174,96,78,
30. Jul. 2021 11:30,204,95,109,
30. Jul. 2021 11:45,204,84,120,
30. Jul. 2021 12:00,205,81,124,
30. Jul. 2021 12:15,194,87,107,
30. Jul. 2021 12:30,251,115,136,
30. Jul. 2021 12:45,221,103,118,
30. Jul. 2021 13:00,215,95,120,
30. Jul. 2021 13:15,200,92,108,
30. Jul. 2021 13:30,231,105,126,
30. Jul. 2021 13:45,202,81,121,
30. Jul. 2021 14:00,199,106,93,
30. Jul. 2021 14:15,238,104,134,
30. Jul. 2021 14:30,198,93,105,
30. Jul. 2021 14:45,234,95,139,
30. Jul. 2021 15:00,193,97,96,
30. Jul. 2021 15:15,230,132,98,
30. Jul. 2021 15:30,232,127,105,
30. Jul. 2021 15:45,226,122,104,
30. Jul. 2021 16:00,221,94,127,
30. Jul. 2021 16:15,226,104,122,
30. Jul. 2021 16:30,225,113,112,
30. Jul. 2021 16:45,232,104,128,
30. Jul. 2021 17:00,237,105,132,
30. Jul. 2021 17:15,306,130,176,
30. Jul. 2021 17:30,228,110,118,
30. Jul. 2021 17:45,169,83,86,
30. Jul. 2021 18:00,151,63,88,
30. Jul. 2021 18:15,127,56,71,
30. Jul. 2021 18:30,130,71,59,
30. Jul. 2021 18:45,136,67,69,
30. Jul. 2021 19:00,150,62,88,
30. Jul. 2021 19:15,89,45,44,
30. Jul. 2021 19:30,104,54,50,
30. Jul. 2021 19:45,90,45,45,
30. Jul. 2021 20:00,106,49,57,
30. Jul. 2021 20:15,88,38,50,
30. Jul. 2021 20:30,86,46,40,
30. Jul. 2021 20:45,57,20,37,
30. Jul. 2021 21:00,55,23,32,
30. Jul. 2021 21:15,59,28,31,
30. Jul. 2021 21:30,65,34,31,
30. Jul. 2021 21:45,61,33,28,
30. Jul. 2021 22:00,63,42,21,
30. Jul. 2021 22:15,49,10,39,
30. Jul. 2021 22:30,44,16,28,
30. Jul. 2021 22:45,46,18,28,
30. Jul. 2021 23:00,38,12,26,
30. Jul. 2021 23:15,41,8,33,
30. Jul. 2021 23:30,33,13,20,
30. Jul. 2021 23:45,34,15,19,
31. Jul. 2021 00:00,30,13,17,
31. Jul. 2021 00:15,33,12,21,
31. Jul. 2021 00:30,23,5,18,
31. Jul. 2021 00:45,30,5,25,
31. Jul. 2021 01:00,24,13,11,
31. Jul. 2021 01:15,24,8,16,
31. Jul. 2021 01:30,35,9,26,
31. Jul. 2021 01:45,26,8,18,
31. Jul. 2021 02:00,25,10,15,
31. Jul. 2021 02:15,15,5,10,
31. Jul. 2021 02:30,17,8,9,
31. Jul. 2021 02:45,18,5,13,
31. Jul. 2021 03:00,13,5,8,
31. Jul. 2021 03:15,19,4,15,
31. Jul. 2021 03:30,13,2,11,
31. Jul. 2021 03:45,3,0,3,
31. Jul. 2021 04:00,17,8,9,
31. Jul. 2021 04:15,7,2,5,
31. Jul. 2021 04:30,7,0,7,
31. Jul. 2021 04:45,8,2,6,
31. Jul. 2021 05:00,6,4,2,
31. Jul. 2021 05:15,9,4,5,
31. Jul. 2021 05:30,9,4,5,
31. Jul. 2021 05:45,14,7,7,
31. Jul. 2021 06:00,9,6,3,
31. Jul. 2021 06:15,13,10,3,
31. Jul. 2021 06:30,12,6,6,
31. Jul. 2021 06:45,21,13,8,
31. Jul. 2021 07:00,10,5,5,
31. Jul. 2021 07:15,22,9,13,
31. Jul. 2021 07:30,22,12,10,
31. Jul. 2021 07:45,31,10,21,
31. Jul. 2021 08:00,33,17,16,
31. Jul. 2021 08:15,43,21,22,
31. Jul. 2021 08:30,46,25,21,
31. Jul. 2021 08:45,72,42,30,
31. Jul. 2021 09:00,61,27,34,
31. Jul. 2021 09:15,90,52,38,
31. Jul. 2021 09:30,109,63,46,
31. Jul. 2021 09:45,118,69,49,
31. Jul. 2021 10:00,123,66,57,
31. Jul. 2021 10:15,123,69,54,
31. Jul. 2021 10:30,163,75,88,
31. Jul. 2021 10:45,177,113,64,
31. Jul. 2021 11:00,154,79,75,
31. Jul. 2021 11:15,133,81,52,
31. Jul. 2021 11:30,175,93,82,
31. Jul. 2021 11:45,165,92,73,
31. Jul. 2021 12:00,169,70,99,
31. Jul. 2021 12:15,177,113,64,
31. Jul. 2021 12:30,158,89,69,
31. Jul. 2021 12:45,167,85,82,
31. Jul. 2021 13:00,159,72,87,
31. Jul. 2021 13:15,172,78,94,
31. Jul. 2021 13:30,216,108,108,
31. Jul. 2021 13:45,199,102,97,
31. Jul. 2021 14:00,173,96,77,
31. Jul. 2021 14:15,203,113,90,
31. Jul. 2021 14:30,182,107,75,
31. Jul. 2021 14:45,191,96,95,
31. Jul. 2021 15:00,179,94,85,
31. Jul. 2021 15:15,168,80,88,
31. Jul. 2021 15:30,177,84,93,
31. Jul. 2021 15:45,175,89,86,
31. Jul. 2021 16:00,170,76,94,
31. Jul. 2021 16:15,179,89,90,
31. Jul. 2021 16:30,170,94,76,
31. Jul. 2021 16:45,184,92,92,
31. Jul. 2021 17:00,191,99,92,
31. Jul. 2021 17:15,161,91,70,
31. Jul. 2021 17:30,190,87,103,
31. Jul. 2021 17:45,158,73,85,
31. Jul. 2021 18:00,184,84,100,
31. Jul. 2021 18:15,163,78,85,
31. Jul. 2021 18:30,191,96,95,
31. Jul. 2021 18:45,180,63,117,
31. Jul. 2021 19:00,165,86,79,
31. Jul. 2021 19:15,116,55,61,
31. Jul. 2021 19:30,126,54,72,
31. Jul. 2021 19:45,134,71,63,
31. Jul. 2021 20:00,125,58,67,
31. Jul. 2021 20:15,115,53,62,
31. Jul. 2021 20:30,96,54,42,
31. Jul. 2021 20:45,70,40,30,
31. Jul. 2021 21:00,94,48,46,
31. Jul. 2021 21:15,81,29,52,
31. Jul. 2021 21:30,83,33,50,
31. Jul. 2021 21:45,83,38,45,
31. Jul. 2021 22:00,80,35,45,
31. Jul. 2021 22:15,64,26,38,
31. Jul. 2021 22:30,44,15,29,
31. Jul. 2021 22:45,30,4,26,
31. Jul. 2021 23:00,48,25,23,
31. Jul. 2021 23:15,44,11,33,
31. Jul. 2021 23:30,45,16,29,
31. Jul. 2021 23:45,49,16,33,
1. Aug. 2021 00:00,35,17,18,
1. Aug. 2021 00:15,32,9,23,
1. Aug. 2021 00:30,29,3,26,
1. Aug. 2021 00:45,29,14,15,
1. Aug. 2021 01:00,33,19,14,
1. Aug. 2021 01:15,16,5,11,
1. Aug. 2021 01:30,29,8,21,
1. Aug. 2021 01:45,13,2,11,
1. Aug. 2021 02:00,23,5,18,
1. Aug. 2021 02:15,16,8,8,
1. Aug. 2021 02:30,15,4,11,
1. Aug. 2021 02:45,15,0,15,
1. Aug. 2021 03:00,19,3,16,
1. Aug. 2021 03:15,19,0,19,
1. Aug. 2021 03:30,13,2,11,
1. Aug. 2021 03:45,11,4,7,
1. Aug. 2021 04:00,10,3,7,
1. Aug. 2021 04:15,4,2,2,
1. Aug. 2021 04:30,6,4,2,
1. Aug. 2021 04:45,11,2,9,
1. Aug. 2021 05:00,5,2,3,
1. Aug. 2021 05:15,2,1,1,
1. Aug. 2021 05:30,4,2,2,
1. Aug. 2021 05:45,7,3,4,
1. Aug. 2021 06:00,7,6,1,
1. Aug. 2021 06:15,5,3,2,
1. Aug. 2021 06:30,12,6,6,
1. Aug. 2021 06:45,7,6,1,
1. Aug. 2021 07:00,9,4,5,
1. Aug. 2021 07:15,6,1,5,
1. Aug. 2021 07:30,7,3,4,
1. Aug. 2021 07:45,6,2,4,
1. Aug. 2021 08:00,9,3,6,
1. Aug. 2021 08:15,13,7,6,
1. Aug. 2021 08:30,15,8,7,
1. Aug. 2021 08:45,15,7,8,
1. Aug. 2021 09:00,20,6,14,
1. Aug. 2021 09:15,40,12,28,
1. Aug. 2021 09:30,27,12,15,
1. Aug. 2021 09:45,36,20,16,
1. Aug. 2021 10:00,35,15,20,
1. Aug. 2021 10:15,26,14,12,
1. Aug. 2021 10:30,22,9,13,
1. Aug. 2021 10:45,22,11,11,
1. Aug. 2021 11:00,24,13,11,
1. Aug. 2021 11:15,22,8,14,
1. Aug. 2021 11:30,40,21,19,
1. Aug. 2021 11:45,27,14,13,
1. Aug. 2021 12:00,48,14,34,
1. Aug. 2021 12:15,40,21,19,
1. Aug. 2021 12:30,29,15,14,
1. Aug. 2021 12:45,37,20,17,
1. Aug. 2021 13:00,30,19,11,
1. Aug. 2021 13:15,21,8,13,
1. Aug. 2021 13:30,30,11,19,
1. Aug. 2021 13:45,31,18,13,
1. Aug. 2021 14:00,34,18,16,
1. Aug. 2021 14:15,29,11,18,
1. Aug. 2021 14:30,44,11,33,
1. Aug. 2021 14:45,44,30,14,
1. Aug. 2021 15:00,58,28,30,
1. Aug. 2021 15:15,60,29,31,
1. Aug. 2021 15:30,55,18,37,
1. Aug. 2021 15:45,65,41,24,
1. Aug. 2021 16:00,57,29,28,
1. Aug. 2021 16:15,64,34,30,
1. Aug. 2021 16:30,79,39,40,
1. Aug. 2021 16:45,80,35,45,
1. Aug. 2021 17:00,72,40,32,
1. Aug. 2021 17:15,66,32,34,
1. Aug. 2021 17:30,67,29,38,
1. Aug. 2021 17:45,81,40,41,
1. Aug. 2021 18:00,75,38,37,
1. Aug. 2021 18:15,81,44,37,
1. Aug. 2021 18:30,53,28,25,
1. Aug. 2021 18:45,87,50,37,
1. Aug. 2021 19:00,61,33,28,
1. Aug. 2021 19:15,57,33,24,
1. Aug. 2021 19:30,54,20,34,
1. Aug. 2021 19:45,61,40,21,
1. Aug. 2021 20:00,66,28,38,
1. Aug. 2021 20:15,63,31,32,
1. Aug. 2021 20:30,51,33,18,
1. Aug. 2021 20:45,44,16,28,
1. Aug. 2021 21:00,49,20,29,
1. Aug. 2021 21:15,32,16,16,
1. Aug. 2021 21:30,45,15,30,
1. Aug. 2021 21:45,39,7,32,
1. Aug. 2021 22:00,34,20,14,
1. Aug. 2021 22:15,27,6,21,
1. Aug. 2021 22:30,27,9,18,
1. Aug. 2021 22:45,28,10,18,
1. Aug. 2021 23:00,17,6,11,
1. Aug. 2021 23:15,21,10,11,
1. Aug. 2021 23:30,22,11,11,
1. Aug. 2021 23:45,14,6,8,
2. Aug. 2021 00:00,15,6,9,
2. Aug. 2021 00:15,9,0,9,
2. Aug. 2021 00:30,16,5,11,
2. Aug. 2021 00:45,7,4,3,
2. Aug. 2021 01:00,4,2,2,
2. Aug. 2021 01:15,5,2,3,
2. Aug. 2021 01:30,2,1,1,
2. Aug. 2021 01:45,7,2,5,
2. Aug. 2021 02:00,1,0,1,
2. Aug. 2021 02:15,0,0,0,
2. Aug. 2021 02:30,2,1,1,
2. Aug. 2021 02:45,1,1,0,
2. Aug. 2021 03:00,2,0,2,
2. Aug. 2021 03:15,0,0,0,
2. Aug. 2021 03:30,1,1,0,
2. Aug. 2021 03:45,4,2,2,
2. Aug. 2021 04:00,3,1,2,
2. Aug. 2021 04:15,1,1,0,
2. Aug. 2021 04:30,2,1,1,
2. Aug. 2021 04:45,4,3,1,
2. Aug. 2021 05:00,2,2,0,
2. Aug. 2021 05:15,5,2,3,
2. Aug. 2021 05:30,18,10,8,
2. Aug. 2021 05:45,19,6,13,
2. Aug. 2021 06:00,23,15,8,
2. Aug. 2021 06:15,31,26,5,
2. Aug. 2021 06:30,46,30,16,
2. Aug. 2021 06:45,49,26,23,
2. Aug. 2021 07:00,57,31,26,
2. Aug. 2021 07:15,77,54,23,
2. Aug. 2021 07:30,95,49,46,
2. Aug. 2021 07:45,152,83,69,
2. Aug. 2021 08:00,141,73,68,
2. Aug. 2021 08:15,151,77,74,
2. Aug. 2021 08:30,153,91,62,
2. Aug. 2021 08:45,147,85,62,
2. Aug. 2021 09:00,131,78,53,
2. Aug. 2021 09:15,121,72,49,
2. Aug. 2021 09:30,108,66,42,
2. Aug. 2021 09:45,151,82,69,
2. Aug. 2021 10:00,125,76,49,
2. Aug. 2021 10:15,135,79,56,
2. Aug. 2021 10:30,156,100,56,
2. Aug. 2021 10:45,146,76,70,
2. Aug. 2021 11:00,145,71,74,
2. Aug. 2021 11:15,146,81,65,
2. Aug. 2021 11:30,163,95,68,
2. Aug. 2021 11:45,191,94,97,
2. Aug. 2021 12:00,199,114,85,
2. Aug. 2021 12:15,193,88,105,
2. Aug. 2021 12:30,177,98,79,
2. Aug. 2021 12:45,163,78,85,
2. Aug. 2021 13:00,193,84,109,
2. Aug. 2021 13:15,185,81,104,
2. Aug. 2021 13:30,184,110,74,
2. Aug. 2021 13:45,191,87,104,
2. Aug. 2021 14:00,185,86,99,
2. Aug. 2021 14:15,187,96,91,
2. Aug. 2021 14:30,187,99,88,
2. Aug. 2021 14:45,205,114,91,
2. Aug. 2021 15:00,222,100,122,
2. Aug. 2021 15:15,237,138,99,
2. Aug. 2021 15:30,234,118,116,
2. Aug. 2021 15:45,225,104,121,
2. Aug. 2021 16:00,233,102,131,
2. Aug. 2021 16:15,271,131,140,
2. Aug. 2021 16:30,252,118,134,
2. Aug. 2021 16:45,289,135,154,
2. Aug. 2021 17:00,303,141,162,
2. Aug. 2021 17:15,264,120,144,
2. Aug. 2021 17:30,267,114,153,
2. Aug. 2021 17:45,310,144,166,
2. Aug. 2021 18:00,266,108,158,
2. Aug. 2021 18:15,237,121,116,
2. Aug. 2021 18:30,212,105,107,
2. Aug. 2021 18:45,206,100,106,
2. Aug. 2021 19:00,171,71,100,
2. Aug. 2021 19:15,180,74,106,
2. Aug. 2021 19:30,179,101,78,
2. Aug. 2021 19:45,132,63,69,
2. Aug. 2021 20:00,155,72,83,
2. Aug. 2021 20:15,154,82,72,
2. Aug. 2021 20:30,147,57,90,
2. Aug. 2021 20:45,102,52,50,
2. Aug. 2021 21:00,104,34,70,
2. Aug. 2021 21:15,99,43,56,
2. Aug. 2021 21:30,104,37,67,
2. Aug. 2021 21:45,80,33,47,
2. Aug. 2021 22:00,55,18,37,
2. Aug. 2021 22:15,64,25,39,
2. Aug. 2021 22:30,76,16,60,
2. Aug. 2021 22:45,47,12,35,
2. Aug. 2021 23:00,36,11,25,
2. Aug. 2021 23:15,46,15,31,
2. Aug. 2021 23:30,42,12,30,
2. Aug. 2021 23:45,34,18,16,
3. Aug. 2021 00:00,33,13,20,
3. Aug. 2021 00:15,24,3,21,
3. Aug. 2021 00:30,15,1,14,
3. Aug. 2021 00:45,9,0,9,
3. Aug. 2021 01:00,16,8,8,
3. Aug. 2021 01:15,19,10,9,
3. Aug. 2021 01:30,14,3,11,
3. Aug. 2021 01:45,7,2,5,
3. Aug. 2021 02:00,14,4,10,
3. Aug. 2021 02:15,5,1,4,
3. Aug. 2021 02:30,9,2,7,
3. Aug. 2021 02:45,10,0,10,
3. Aug. 2021 03:00,2,0,2,
3. Aug. 2021 03:15,2,1,1,
3. Aug. 2021 03:30,2,1,1,
3. Aug. 2021 03:45,1,0,1,
3. Aug. 2021 04:00,1,0,1,
3. Aug. 2021 04:15,6,3,3,
3. Aug. 2021 04:30,6,3,3,
3. Aug. 2021 04:45,3,3,0,
3. Aug. 2021 05:00,5,4,1,
3. Aug. 2021 05:15,6,4,2,
3. Aug. 2021 05:30,17,9,8,
3. Aug. 2021 05:45,32,20,12,
3. Aug. 2021 06:00,34,19,15,
3. Aug. 2021 06:15,37,26,11,
3. Aug. 2021 06:30,52,33,19,
3. Aug. 2021 06:45,65,32,33,
3. Aug. 2021 07:00,66,42,24,
3. Aug. 2021 07:15,105,48,57,
3. Aug. 2021 07:30,117,66,51,
3. Aug. 2021 07:45,155,92,63,
3. Aug. 2021 08:00,161,89,72,
3. Aug. 2021 08:15,164,90,74,
3. Aug. 2021 08:30,184,103,81,
3. Aug. 2021 08:45,185,116,69,
3. Aug. 2021 09:00,118,68,50,
3. Aug. 2021 09:15,176,108,68,
3. Aug. 2021 09:30,134,89,45,
3. Aug. 2021 09:45,180,107,73,
3. Aug. 2021 10:00,131,82,49,
3. Aug. 2021 10:15,163,80,83,
3. Aug. 2021 10:30,181,106,75,
3. Aug. 2021 10:45,145,81,64,
3. Aug. 2021 11:00,160,91,69,
3. Aug. 2021 11:15,179,107,72,
3. Aug. 2021 11:30,176,98,78,
3. Aug. 2021 11:45,181,93,88,
3. Aug. 2021 12:00,194,85,109,
3. Aug. 2021 12:15,164,68,96,
3. Aug. 2021 12:30,178,91,87,
3. Aug. 2021 12:45,195,99,96,
3. Aug. 2021 13:00,161,82,79,
3. Aug. 2021 13:15,135,56,79,
3. Aug. 2021 13:30,188,77,111,
3. Aug. 2021 13:45,213,97,116,
3. Aug. 2021 14:00,192,95,97,
3. Aug. 2021 14:15,205,110,95,
3. Aug. 2021 14:30,250,119,131,
3. Aug. 2021 14:45,187,72,115,
3. Aug. 2021 15:00,146,69,77,
3. Aug. 2021 15:15,148,70,78,
3. Aug. 2021 15:30,181,59,122,
3. Aug. 2021 15:45,195,89,106,
3. Aug. 2021 16:00,202,104,98,
3. Aug. 2021 16:15,189,75,114,
3. Aug. 2021 16:30,210,92,118,
3. Aug. 2021 16:45,205,111,94,
3. Aug. 2021 17:00,213,93,120,
3. Aug. 2021 17:15,203,104,99,
3. Aug. 2021 17:30,222,112,110,
3. Aug. 2021 17:45,207,91,116,
3. Aug. 2021 18:00,152,60,92,
3. Aug. 2021 18:15,201,86,115,
3. Aug. 2021 18:30,148,61,87,
3. Aug. 2021 18:45,160,63,97,
3. Aug. 2021 19:00,160,75,85,
3. Aug. 2021 19:15,146,57,89,
3. Aug. 2021 19:30,113,59,54,
3. Aug. 2021 19:45,111,48,63,
3. Aug. 2021 20:00,87,32,55,
3. Aug. 2021 20:15,117,46,71,
3. Aug. 2021 20:30,83,43,40,
3. Aug. 2021 20:45,81,49,32,
3. Aug. 2021 21:00,60,30,30,
3. Aug. 2021 21:15,61,41,20,
3. Aug. 2021 21:30,68,28,40,
3. Aug. 2021 21:45,64,29,35,
3. Aug. 2021 22:00,54,26,28,
3. Aug. 2021 22:15,43,16,27,
3. Aug. 2021 22:30,34,15,19,
3. Aug. 2021 22:45,26,14,12,
3. Aug. 2021 23:00,41,15,26,
3. Aug. 2021 23:15,30,5,25,
3. Aug. 2021 23:30,26,7,19,
3. Aug. 2021 23:45,23,5,18,
4. Aug. 2021 00:00,27,10,17,
4. Aug. 2021 00:15,6,2,4,
4. Aug. 2021 00:30,19,4,15,
4. Aug. 2021 00:45,13,0,13,
4. Aug. 2021 01:00,14,3,11,
4. Aug. 2021 01:15,13,7,6,
4. Aug. 2021 01:30,7,1,6,
4. Aug. 2021 01:45,6,2,4,
4. Aug. 2021 02:00,12,6,6,
4. Aug. 2021 02:15,7,5,2,
4. Aug. 2021 02:30,6,2,4,
4. Aug. 2021 02:45,0,0,0,
4. Aug. 2021 03:00,4,0,4,
4. Aug. 2021 03:15,1,0,1,
4. Aug. 2021 03:30,0,0,0,
4. Aug. 2021 03:45,3,0,3,
4. Aug. 2021 04:00,7,1,6,
4. Aug. 2021 04:15,1,1,0,
4. Aug. 2021 04:30,6,2,4,
4. Aug. 2021 04:45,4,3,1,
4. Aug. 2021 05:00,5,4,1,
4. Aug. 2021 05:15,9,5,4,
4. Aug. 2021 05:30,16,9,7,
4. Aug. 2021 05:45,19,9,10,
4. Aug. 2021 06:00,25,15,10,
4. Aug. 2021 06:15,28,21,7,
4. Aug. 2021 06:30,32,17,15,
4. Aug. 2021 06:45,53,28,25,
4. Aug. 2021 07:00,54,35,19,
4. Aug. 2021 07:15,89,47,42,
4. Aug. 2021 07:30,115,69,46,
4. Aug. 2021 07:45,144,73,71,
4. Aug. 2021 08:00,121,61,60,
4. Aug. 2021 08:15,138,67,71,
4. Aug. 2021 08:30,165,102,63,
4. Aug. 2021 08:45,183,102,81,
4. Aug. 2021 09:00,130,89,41,
4. Aug. 2021 09:15,151,101,50,
4. Aug. 2021 09:30,103,61,42,
4. Aug. 2021 09:45,142,103,39,
4. Aug. 2021 10:00,95,56,39,
4. Aug. 2021 10:15,133,72,61,
4. Aug. 2021 10:30,124,65,59,
4. Aug. 2021 10:45,129,71,58,
4. Aug. 2021 11:00,130,68,62,
4. Aug. 2021 11:15,113,62,51,
4. Aug. 2021 11:30,132,69,63,
4. Aug. 2021 11:45,165,76,89,
4. Aug. 2021 12:00,173,92,81,
4. Aug. 2021 12:15,164,79,85,
4. Aug. 2021 12:30,138,69,69,
4. Aug. 2021 12:45,154,68,86,
4. Aug. 2021 13:00,121,75,46,
4. Aug. 2021 13:15,151,77,74,
4. Aug. 2021 13:30,144,68,76,
4. Aug. 2021 13:45,154,77,77,
4. Aug. 2021 14:00,125,62,63,
4. Aug. 2021 14:15,132,76,56,
4. Aug. 2021 14:30,134,62,72,
4. Aug. 2021 14:45,143,70,73,
4. Aug. 2021 15:00,157,58,99,
4. Aug. 2021 15:15,126,57,69,
4. Aug. 2021 15:30,140,65,75,
4. Aug. 2021 15:45,158,52,106,
4. Aug. 2021 16:00,161,75,86,
4. Aug. 2021 16:15,157,79,78,
4. Aug. 2021 16:30,133,56,77,
4. Aug. 2021 16:45,160,74,86,
4. Aug. 2021 17:00,145,68,77,
4. Aug. 2021 17:15,171,78,93,
4. Aug. 2021 17:30,147,59,88,
4. Aug. 2021 17:45,133,49,84,
4. Aug. 2021 18:00,154,72,82,
4. Aug. 2021 18:15,148,67,81,
4. Aug. 2021 18:30,136,63,73,
4. Aug. 2021 18:45,132,60,72,
4. Aug. 2021 19:00,96,42,54,
4. Aug. 2021 19:15,116,59,57,
4. Aug. 2021 19:30,109,53,56,
4. Aug. 2021 19:45,90,47,43,
4. Aug. 2021 20:00,86,33,53,
4. Aug. 2021 20:15,72,35,37,
4. Aug. 2021 20:30,69,34,35,
4. Aug. 2021 20:45,92,48,44,
4. Aug. 2021 21:00,49,16,33,
4. Aug. 2021 21:15,50,20,30,
4. Aug. 2021 21:30,41,18,23,
4. Aug. 2021 21:45,36,13,23,
4. Aug. 2021 22:00,54,33,21,
4. Aug. 2021 22:15,48,18,30,
4. Aug. 2021 22:30,37,22,15,
4. Aug. 2021 22:45,32,13,19,
4. Aug. 2021 23:00,29,10,19,
4. Aug. 2021 23:15,37,16,21,
4. Aug. 2021 23:30,20,5,15,
4. Aug. 2021 23:45,27,5,22,
5. Aug. 2021 00:00,20,9,11,
5. Aug. 2021 00:15,25,13,12,
5. Aug. 2021 00:30,15,6,9,
5. Aug. 2021 00:45,16,9,7,
5. Aug. 2021 01:00,12,4,8,
5. Aug. 2021 01:15,16,5,11,
5. Aug. 2021 01:30,12,5,7,
5. Aug. 2021 01:45,5,2,3,
5. Aug. 2021 02:00,15,9,6,
5. Aug. 2021 02:15,7,5,2,
5. Aug. 2021 02:30,8,3,5,
5. Aug. 2021 02:45,3,1,2,
5. Aug. 2021 03:00,5,3,2,
5. Aug. 2021 03:15,2,1,1,
5. Aug. 2021 03:30,6,3,3,
5. Aug. 2021 03:45,2,0,2,
5. Aug. 2021 04:00,1,0,1,
5. Aug. 2021 04:15,4,2,2,
5. Aug. 2021 04:30,4,3,1,
5. Aug. 2021 04:45,6,4,2,
5. Aug. 2021 05:00,1,1,0,
5. Aug. 2021 05:15,9,8,1,
5. Aug. 2021 05:30,15,8,7,
5. Aug. 2021 05:45,21,10,11,
5. Aug. 2021 06:00,25,11,14,
5. Aug. 2021 06:15,29,21,8,
5. Aug. 2021 06:30,42,23,19,
5. Aug. 2021 06:45,50,26,24,
5. Aug. 2021 07:00,50,32,18,
5. Aug. 2021 07:15,81,40,41,
5. Aug. 2021 07:30,99,60,39,
5. Aug. 2021 07:45,161,75,86,
5. Aug. 2021 08:00,127,65,62,
5. Aug. 2021 08:15,129,67,62,
5. Aug. 2021 08:30,137,81,56,
5. Aug. 2021 08:45,146,94,52,
5. Aug. 2021 09:00,116,69,47,
5. Aug. 2021 09:15,159,97,62,
5. Aug. 2021 09:30,127,74,53,
5. Aug. 2021 09:45,140,78,62,
5. Aug. 2021 10:00,93,54,39,
5. Aug. 2021 10:15,136,77,59,
5. Aug. 2021 10:30,99,67,32,
5. Aug. 2021 10:45,143,80,63,
5. Aug. 2021 11:00,154,86,68,
5. Aug. 2021 11:15,147,74,73,
5. Aug. 2021 11:30,144,82,62,
5. Aug. 2021 11:45,153,82,71,
5. Aug. 2021 12:00,162,86,76,
5. Aug. 2021 12:15,154,72,82,
5. Aug. 2021 12:30,153,77,76,
5. Aug. 2021 12:45,175,76,99,
5. Aug. 2021 13:00,172,73,99,
5. Aug. 2021 13:15,156,72,84,
5. Aug. 2021 13:30,182,77,105,
5. Aug. 2021 13:45,160,86,74,
5. Aug. 2021 14:00,186,98,88,
5. Aug. 2021 14:15,184,112,72,
5. Aug. 2021 14:30,161,85,76,
5. Aug. 2021 14:45,173,86,87,
5. Aug. 2021 15:00,195,89,106,
5. Aug. 2021 15:15,222,106,116,
5. Aug. 2021 15:30,165,65,100,
5. Aug. 2021 15:45,151,56,95,
5. Aug. 2021 16:00,165,83,82,
5. Aug. 2021 16:15,186,102,84,
5. Aug. 2021 16:30,183,100,83,
5. Aug. 2021 16:45,189,78,111,
5. Aug. 2021 17:00,194,94,100,
5. Aug. 2021 17:15,209,98,111,
5. Aug. 2021 17:30,189,80,109,
5. Aug. 2021 17:45,211,101,110,
5. Aug. 2021 18:00,175,87,88,
5. Aug. 2021 18:15,221,96,125,
5. Aug. 2021 18:30,189,86,103,
5. Aug. 2021 18:45,169,85,84,
5. Aug. 2021 19:00,147,72,75,
5. Aug. 2021 19:15,118,48,70,
5. Aug. 2021 19:30,117,46,71,
5. Aug. 2021 19:45,163,88,75,
5. Aug. 2021 20:00,130,54,76,
5. Aug. 2021 20:15,111,50,61,
5. Aug. 2021 20:30,103,38,65,
5. Aug. 2021 20:45,87,37,50,
5. Aug. 2021 21:00,97,38,59,
5. Aug. 2021 21:15,54,19,35,
5. Aug. 2021 21:30,66,26,40,
5. Aug. 2021 21:45,57,27,30,
5. Aug. 2021 22:00,70,32,38,
5. Aug. 2021 22:15,61,22,39,
5. Aug. 2021 22:30,38,12,26,
5. Aug. 2021 22:45,47,15,32,
5. Aug. 2021 23:00,43,15,28,
5. Aug. 2021 23:15,42,19,23,
5. Aug. 2021 23:30,38,9,29,
5. Aug. 2021 23:45,37,10,27,
6. Aug. 2021 00:00,46,20,26,
6. Aug. 2021 00:15,26,8,18,
6. Aug. 2021 00:30,12,6,6,
6. Aug. 2021 00:45,23,9,14,
6. Aug. 2021 01:00,16,7,9,
6. Aug. 2021 01:15,16,4,12,
6. Aug. 2021 01:30,13,6,7,
6. Aug. 2021 01:45,8,5,3,
6. Aug. 2021 02:00,13,7,6,
6. Aug. 2021 02:15,10,1,9,
6. Aug. 2021 02:30,3,1,2,
6. Aug. 2021 02:45,4,2,2,
6. Aug. 2021 03:00,6,2,4,
6. Aug. 2021 03:15,2,0,2,
6. Aug. 2021 03:30,0,0,0,
6. Aug. 2021 03:45,1,1,0,
6. Aug. 2021 04:00,1,0,1,
6. Aug. 2021 04:15,2,2,0,
6. Aug. 2021 04:30,6,6,0,
6. Aug. 2021 04:45,7,6,1,
6. Aug. 2021 05:00,2,2,0,
6. Aug. 2021 05:15,4,3,1,
6. Aug. 2021 05:30,13,4,9,
6. Aug. 2021 05:45,23,14,9,
6. Aug. 2021 06:00,26,17,9,
6. Aug. 2021 06:15,29,21,8,
6. Aug. 2021 06:30,42,23,19,
6. Aug. 2021 06:45,42,25,17,
6. Aug. 2021 07:00,35,19,16,
6. Aug. 2021 07:15,51,29,22,
6. Aug. 2021 07:30,81,54,27,
6. Aug. 2021 07:45,118,58,60,
6. Aug. 2021 08:00,89,48,41,
6. Aug. 2021 08:15,104,57,47,
6. Aug. 2021 08:30,139,89,50,
6. Aug. 2021 08:45,160,113,47,
6. Aug. 2021 09:00,122,64,58,
6. Aug. 2021 09:15,131,82,49,
6. Aug. 2021 09:30,110,63,47,
6. Aug. 2021 09:45,166,103,63,
6. Aug. 2021 10:00,117,69,48,
6. Aug. 2021 10:15,127,74,53,
6. Aug. 2021 10:30,150,95,55,
6. Aug. 2021 10:45,143,74,69,
6. Aug. 2021 11:00,123,65,58,
6. Aug. 2021 11:15,137,74,63,
6. Aug. 2021 11:30,165,80,85,
6. Aug. 2021 11:45,169,73,96,
6. Aug. 2021 12:00,193,95,98,
6. Aug. 2021 12:15,147,72,75,
6. Aug. 2021 12:30,155,68,87,
6. Aug. 2021 12:45,176,77,99,
6. Aug. 2021 13:00,159,69,90,
6. Aug. 2021 13:15,176,73,103,
6. Aug. 2021 13:30,191,84,107,
6. Aug. 2021 13:45,172,90,82,
6. Aug. 2021 14:00,158,87,71,
6. Aug. 2021 14:15,155,64,91,
6. Aug. 2021 14:30,196,96,100,
6. Aug. 2021 14:45,195,111,84,
6. Aug. 2021 15:00,201,95,106,
6. Aug. 2021 15:15,216,129,87,
6. Aug. 2021 15:30,224,107,117,
6. Aug. 2021 15:45,175,88,87,
6. Aug. 2021 16:00,190,74,116,
6. Aug. 2021 16:15,185,83,102,
6. Aug. 2021 16:30,187,96,91,
6. Aug. 2021 16:45,205,105,100,
6. Aug. 2021 17:00,214,113,101,
6. Aug. 2021 17:15,213,107,106,
6. Aug. 2021 17:30,182,101,81,
6. Aug. 2021 17:45,202,86,116,
6. Aug. 2021 18:00,202,102,100,
6. Aug. 2021 18:15,167,74,93,
6. Aug. 2021 18:30,167,92,75,
6. Aug. 2021 18:45,211,87,124,
6. Aug. 2021 19:00,215,99,116,
6. Aug. 2021 19:15,181,81,100,
6. Aug. 2021 19:30,161,77,84,
6. Aug. 2021 19:45,147,81,66,
6. Aug. 2021 20:00,113,53,60,
6. Aug. 2021 20:15,134,69,65,
6. Aug. 2021 20:30,103,47,56,
6. Aug. 2021 20:45,117,69,48,
6. Aug. 2021 21:00,100,48,52,
6. Aug. 2021 21:15,121,54,67,
6. Aug. 2021 21:30,79,33,46,
6. Aug. 2021 21:45,92,43,49,
6. Aug. 2021 22:00,76,38,38,
6. Aug. 2021 22:15,80,39,41,
6. Aug. 2021 22:30,56,17,39,
6. Aug. 2021 22:45,65,22,43,
6. Aug. 2021 23:00,66,20,46,
6. Aug. 2021 23:15,57,18,39,
6. Aug. 2021 23:30,54,15,39,
6. Aug. 2021 23:45,62,27,35,
7. Aug. 2021 00:00,51,16,35,
7. Aug. 2021 00:15,65,17,48,
7. Aug. 2021 00:30,46,15,31,
7. Aug. 2021 00:45,54,30,24,
7. Aug. 2021 01:00,46,15,31,
7. Aug. 2021 01:15,23,5,18,
7. Aug. 2021 01:30,30,17,13,
7. Aug. 2021 01:45,27,9,18,
7. Aug. 2021 02:00,48,23,25,
7. Aug. 2021 02:15,17,7,10,
7. Aug. 2021 02:30,14,2,12,
7. Aug. 2021 02:45,42,17,25,
7. Aug. 2021 03:00,23,10,13,
7. Aug. 2021 03:15,32,13,19,
7. Aug. 2021 03:30,18,6,12,
7. Aug. 2021 03:45,12,1,11,
7. Aug. 2021 04:00,18,5,13,
7. Aug. 2021 04:15,12,5,7,
7. Aug. 2021 04:30,14,6,8,
7. Aug. 2021 04:45,7,1,6,
7. Aug. 2021 05:00,3,2,1,
7. Aug. 2021 05:15,13,5,8,
7. Aug. 2021 05:30,13,7,6,
7. Aug. 2021 05:45,17,8,9,
7. Aug. 2021 06:00,12,6,6,
7. Aug. 2021 06:15,13,8,5,
7. Aug. 2021 06:30,16,13,3,
7. Aug. 2021 06:45,20,11,9,
7. Aug. 2021 07:00,12,5,7,
7. Aug. 2021 07:15,27,18,9,
7. Aug. 2021 07:30,21,6,15,
7. Aug. 2021 07:45,23,11,12,
7. Aug. 2021 08:00,32,15,17,
7. Aug. 2021 08:15,44,25,19,
7. Aug. 2021 08:30,55,29,26,
7. Aug. 2021 08:45,78,49,29,
7. Aug. 2021 09:00,88,41,47,
7. Aug. 2021 09:15,88,71,17,
7. Aug. 2021 09:30,103,57,46,
7. Aug. 2021 09:45,103,59,44,
7. Aug. 2021 10:00,94,52,42,
7. Aug. 2021 10:15,123,46,77,
7. Aug. 2021 10:30,126,72,54,
7. Aug. 2021 10:45,130,65,65,
7. Aug. 2021 11:00,149,80,69,
7. Aug. 2021 11:15,155,81,74,
7. Aug. 2021 11:30,152,76,76,
7. Aug. 2021 11:45,146,77,69,
7. Aug. 2021 12:00,128,62,66,
7. Aug. 2021 12:15,164,103,61,
7. Aug. 2021 12:30,138,72,66,
7. Aug. 2021 12:45,147,76,71,
7. Aug. 2021 13:00,112,56,56,
7. Aug. 2021 13:15,137,66,71,
7. Aug. 2021 13:30,122,55,67,
7. Aug. 2021 13:45,137,58,79,
7. Aug. 2021 14:00,139,53,86,
7. Aug. 2021 14:15,144,69,75,
7. Aug. 2021 14:30,157,73,84,
7. Aug. 2021 14:45,97,57,40,
7. Aug. 2021 15:00,90,41,49,
7. Aug. 2021 15:15,79,21,58,
7. Aug. 2021 15:30,73,42,31,
7. Aug. 2021 15:45,55,26,29,
7. Aug. 2021 16:00,72,32,40,
7. Aug. 2021 16:15,60,24,36,
7. Aug. 2021 16:30,84,44,40,
7. Aug. 2021 16:45,68,31,37,
7. Aug. 2021 17:00,58,32,26,
7. Aug. 2021 17:15,58,24,34,
7. Aug. 2021 17:30,52,19,33,
7. Aug. 2021 17:45,49,20,29,
7. Aug. 2021 18:00,45,15,30,
7. Aug. 2021 18:15,47,15,32,
7. Aug. 2021 18:30,40,18,22,
7. Aug. 2021 18:45,63,23,40,
7. Aug. 2021 19:00,55,29,26,
7. Aug. 2021 19:15,53,25,28,
7. Aug. 2021 19:30,54,28,26,
7. Aug. 2021 19:45,38,20,18,
7. Aug. 2021 20:00,22,6,16,
7. Aug. 2021 20:15,48,29,19,
7. Aug. 2021 20:30,26,13,13,
7. Aug. 2021 20:45,52,23,29,
7. Aug. 2021 21:00,42,21,21,
7. Aug. 2021 21:15,46,18,28,
7. Aug. 2021 21:30,51,30,21,
7. Aug. 2021 21:45,34,20,14,
7. Aug. 2021 22:00,38,24,14,
7. Aug. 2021 22:15,25,14,11,
7. Aug. 2021 22:30,16,5,11,
7. Aug. 2021 22:45,29,13,16,
7. Aug. 2021 23:00,30,14,16,
7. Aug. 2021 23:15,25,11,14,
7. Aug. 2021 23:30,26,6,20,
7. Aug. 2021 23:45,29,10,19,
8. Aug. 2021 00:00,43,16,27,
8. Aug. 2021 00:15,29,13,16,
8. Aug. 2021 00:30,12,1,11,
8. Aug. 2021 00:45,14,2,12,
8. Aug. 2021 01:00,17,6,11,
8. Aug. 2021 01:15,13,6,7,
8. Aug. 2021 01:30,19,5,14,
8. Aug. 2021 01:45,16,2,14,
8. Aug. 2021 02:00,22,2,20,
8. Aug. 2021 02:15,17,8,9,
8. Aug. 2021 02:30,13,6,7,
8. Aug. 2021 02:45,12,5,7,
8. Aug. 2021 03:00,20,1,19,
8. Aug. 2021 03:15,27,12,15,
8. Aug. 2021 03:30,11,4,7,
8. Aug. 2021 03:45,8,3,5,
8. Aug. 2021 04:00,13,1,12,
8. Aug. 2021 04:15,4,0,4,
8. Aug. 2021 04:30,5,1,4,
8. Aug. 2021 04:45,5,2,3,
8. Aug. 2021 05:00,6,2,4,
8. Aug. 2021 05:15,1,0,1,
8. Aug. 2021 05:30,5,1,4,
8. Aug. 2021 05:45,13,6,7,
8. Aug. 2021 06:00,8,2,6,
8. Aug. 2021 06:15,13,9,4,
8. Aug. 2021 06:30,13,7,6,
8. Aug. 2021 06:45,14,7,7,
8. Aug. 2021 07:00,8,5,3,
8. Aug. 2021 07:15,8,4,4,
8. Aug. 2021 07:30,13,8,5,
8. Aug. 2021 07:45,11,8,3,
8. Aug. 2021 08:00,12,4,8,
8. Aug. 2021 08:15,10,6,4,
8. Aug. 2021 08:30,22,6,16,
8. Aug. 2021 08:45,28,18,10,
8. Aug. 2021 09:00,38,12,26,
8. Aug. 2021 09:15,32,18,14,
8. Aug. 2021 09:30,54,26,28,
8. Aug. 2021 09:45,81,38,43,
8. Aug. 2021 10:00,64,33,31,
8. Aug. 2021 10:15,76,42,34,
8. Aug. 2021 10:30,68,36,32,
8. Aug. 2021 10:45,95,45,50,
8. Aug. 2021 11:00,106,47,59,
8. Aug. 2021 11:15,82,51,31,
8. Aug. 2021 11:30,93,54,39,
8. Aug. 2021 11:45,91,57,34,
8. Aug. 2021 12:00,111,61,50,
8. Aug. 2021 12:15,106,53,53,
8. Aug. 2021 12:30,76,32,44,
8. Aug. 2021 12:45,87,46,41,
8. Aug. 2021 13:00,126,54,72,
8. Aug. 2021 13:15,128,50,78,
8. Aug. 2021 13:30,86,46,40,
8. Aug. 2021 13:45,117,53,64,
8. Aug. 2021 14:00,91,42,49,
8. Aug. 2021 14:15,133,65,68,
8. Aug. 2021 14:30,108,43,65,
8. Aug. 2021 14:45,106,52,54,
8. Aug. 2021 15:00,103,55,48,
8. Aug. 2021 15:15,110,60,50,
8. Aug. 2021 15:30,113,55,58,
8. Aug. 2021 15:45,102,52,50,
8. Aug. 2021 16:00,127,58,69,
8. Aug. 2021 16:15,83,38,45,
8. Aug. 2021 16:30,106,49,57,
8. Aug. 2021 16:45,115,64,51,
8. Aug. 2021 17:00,104,49,55,
8. Aug. 2021 17:15,113,70,43,
8. Aug. 2021 17:30,116,51,65,
8. Aug. 2021 17:45,142,82,60,
8. Aug. 2021 18:00,109,68,41,
8. Aug. 2021 18:15,150,73,77,
8. Aug. 2021 18:30,106,60,46,
8. Aug. 2021 18:45,119,68,51,
8. Aug. 2021 19:00,103,33,70,
8. Aug. 2021 19:15,99,46,53,
8. Aug. 2021 19:30,92,45,47,
8. Aug. 2021 19:45,97,42,55,
8. Aug. 2021 20:00,73,40,33,
8. Aug. 2021 20:15,93,43,50,
8. Aug. 2021 20:30,91,40,51,
8. Aug. 2021 20:45,74,25,49,
8. Aug. 2021 21:00,55,15,40,
8. Aug. 2021 21:15,62,15,47,
8. Aug. 2021 21:30,29,9,20,
8. Aug. 2021 21:45,45,16,29,
8. Aug. 2021 22:00,56,18,38,
8. Aug. 2021 22:15,43,11,32,
8. Aug. 2021 22:30,42,17,25,
8. Aug. 2021 22:45,18,11,7,
8. Aug. 2021 23:00,36,18,18,
8. Aug. 2021 23:15,21,12,9,
8. Aug. 2021 23:30,16,5,11,
8. Aug. 2021 23:45,14,7,7,
9. Aug. 2021 00:00,12,6,6,
9. Aug. 2021 00:15,24,6,18,
9. Aug. 2021 00:30,17,1,16,
9. Aug. 2021 00:45,7,1,6,
9. Aug. 2021 01:00,6,5,1,
9. Aug. 2021 01:15,5,1,4,
9. Aug. 2021 01:30,10,7,3,
9. Aug. 2021 01:45,2,0,2,
9. Aug. 2021 02:00,5,1,4,
9. Aug. 2021 02:15,3,2,1,
9. Aug. 2021 02:30,8,3,5,
9. Aug. 2021 02:45,5,2,3,
9. Aug. 2021 03:00,0,0,0,
9. Aug. 2021 03:15,0,0,0,
9. Aug. 2021 03:30,2,2,0,
9. Aug. 2021 03:45,2,2,0,
9. Aug. 2021 04:00,1,0,1,
9. Aug. 2021 04:15,2,2,0,
9. Aug. 2021 04:30,2,2,0,
9. Aug. 2021 04:45,5,2,3,
9. Aug. 2021 05:00,0,0,0,
9. Aug. 2021 05:15,8,4,4,
9. Aug. 2021 05:30,17,9,8,
9. Aug. 2021 05:45,24,14,10,
9. Aug. 2021 06:00,20,8,12,
9. Aug. 2021 06:15,37,30,7,
9. Aug. 2021 06:30,45,23,22,
9. Aug. 2021 06:45,63,43,20,
9. Aug. 2021 07:00,47,29,18,
9. Aug. 2021 07:15,76,40,36,
9. Aug. 2021 07:30,91,52,39,
9. Aug. 2021 07:45,124,71,53,
9. Aug. 2021 08:00,101,55,46,
9. Aug. 2021 08:15,124,72,52,
9. Aug. 2021 08:30,161,95,66,
9. Aug. 2021 08:45,159,113,46,
9. Aug. 2021 09:00,115,64,51,
9. Aug. 2021 09:15,121,71,50,
9. Aug. 2021 09:30,131,80,51,
9. Aug. 2021 09:45,126,78,48,
9. Aug. 2021 10:00,139,86,53,
9. Aug. 2021 10:15,162,88,74,
9. Aug. 2021 10:30,132,68,64,
9. Aug. 2021 10:45,160,96,64,
9. Aug. 2021 11:00,154,75,79,
9. Aug. 2021 11:15,194,88,106,
9. Aug. 2021 11:30,205,109,96,
9. Aug. 2021 11:45,148,78,70,
9. Aug. 2021 12:00,177,89,88,
9. Aug. 2021 12:15,165,82,83,
9. Aug. 2021 12:30,198,92,106,
9. Aug. 2021 12:45,188,92,96,
9. Aug. 2021 13:00,172,79,93,
9. Aug. 2021 13:15,165,93,72,
9. Aug. 2021 13:30,176,81,95,
9. Aug. 2021 13:45,178,99,79,
9. Aug. 2021 14:00,186,99,87,
9. Aug. 2021 14:15,192,91,101,
9. Aug. 2021 14:30,217,112,105,
9. Aug. 2021 14:45,196,94,102,
9. Aug. 2021 15:00,198,89,109,
9. Aug. 2021 15:15,215,110,105,
9. Aug. 2021 15:30,198,79,119,
9. Aug. 2021 15:45,210,121,89,
9. Aug. 2021 16:00,244,107,137,
9. Aug. 2021 16:15,274,128,146,
9. Aug. 2021 16:30,225,99,126,
9. Aug. 2021 16:45,265,108,157,
9. Aug. 2021 17:00,249,125,124,
9. Aug. 2021 17:15,226,95,131,
9. Aug. 2021 17:30,239,122,117,
9. Aug. 2021 17:45,243,97,146,
9. Aug. 2021 18:00,193,74,119,
9. Aug. 2021 18:15,223,104,119,
9. Aug. 2021 18:30,187,82,105,
9. Aug. 2021 18:45,189,78,111,
9. Aug. 2021 19:00,173,86,87,
9. Aug. 2021 19:15,182,80,102,
9. Aug. 2021 19:30,109,51,58,
9. Aug. 2021 19:45,143,66,77,
9. Aug. 2021 20:00,109,46,63,
9. Aug. 2021 20:15,115,66,49,
9. Aug. 2021 20:30,112,46,66,
9. Aug. 2021 20:45,83,30,53,
9. Aug. 2021 21:00,85,38,47,
9. Aug. 2021 21:15,84,40,44,
9. Aug. 2021 21:30,61,28,33,
9. Aug. 2021 21:45,61,17,44,
9. Aug. 2021 22:00,56,28,28,
9. Aug. 2021 22:15,47,19,28,
9. Aug. 2021 22:30,44,18,26,
9. Aug. 2021 22:45,36,9,27,
9. Aug. 2021 23:00,40,16,24,
9. Aug. 2021 23:15,35,18,17,
9. Aug. 2021 23:30,32,18,14,
9. Aug. 2021 23:45,10,4,6,
10. Aug. 2021 00:00,27,8,19,
10. Aug. 2021 00:15,17,9,8,
10. Aug. 2021 00:30,7,3,4,
10. Aug. 2021 00:45,7,5,2,
10. Aug. 2021 01:00,19,7,12,
10. Aug. 2021 01:15,9,0,9,
10. Aug. 2021 01:30,8,3,5,
10. Aug. 2021 01:45,1,0,1,
10. Aug. 2021 02:00,0,0,0,
10. Aug. 2021 02:15,6,3,3,
10. Aug. 2021 02:30,6,2,4,
10. Aug. 2021 02:45,2,1,1,
10. Aug. 2021 03:00,0,0,0,
10. Aug. 2021 03:15,4,1,3,
10. Aug. 2021 03:30,3,2,1,
10. Aug. 2021 03:45,7,2,5,
10. Aug. 2021 04:00,3,3,0,
10. Aug. 2021 04:15,4,3,1,
10. Aug. 2021 04:30,5,5,0,
10. Aug. 2021 04:45,7,6,1,
10. Aug. 2021 05:00,3,1,2,
10. Aug. 2021 05:15,9,6,3,
10. Aug. 2021 05:30,16,9,7,
10. Aug. 2021 05:45,20,10,10,
10. Aug. 2021 06:00,23,8,15,
10. Aug. 2021 06:15,38,31,7,
10. Aug. 2021 06:30,56,28,28,
10. Aug. 2021 06:45,63,42,21,
10. Aug. 2021 07:00,56,34,22,
10. Aug. 2021 07:15,87,46,41,
10. Aug. 2021 07:30,133,70,63,
10. Aug. 2021 07:45,134,81,53,
10. Aug. 2021 08:00,128,70,58,
10. Aug. 2021 08:15,129,78,51,
10. Aug. 2021 08:30,160,97,63,
10. Aug. 2021 08:45,189,113,76,
10. Aug. 2021 09:00,130,69,61,
10. Aug. 2021 09:15,153,93,60,
10. Aug. 2021 09:30,118,68,50,
10. Aug. 2021 09:45,150,88,62,
10. Aug. 2021 10:00,145,73,72,
10. Aug. 2021 10:15,174,99,75,
10. Aug. 2021 10:30,157,91,66,
10. Aug. 2021 10:45,196,113,83,
10. Aug. 2021 11:00,181,106,75,
10. Aug. 2021 11:15,173,83,90,
10. Aug. 2021 11:30,189,85,104,
10. Aug. 2021 11:45,185,101,84,
10. Aug. 2021 12:00,212,98,114,
10. Aug. 2021 12:15,197,87,110,
10. Aug. 2021 12:30,186,100,86,
10. Aug. 2021 12:45,176,83,93,
10. Aug. 2021 13:00,174,102,72,
10. Aug. 2021 13:15,180,64,116,
10. Aug. 2021 13:30,144,68,76,
10. Aug. 2021 13:45,177,98,79,
10. Aug. 2021 14:00,191,90,101,
10. Aug. 2021 14:15,178,84,94,
10. Aug. 2021 14:30,229,111,118,
10. Aug. 2021 14:45,205,99,106,
10. Aug. 2021 15:00,168,72,96,
10. Aug. 2021 15:15,225,122,103,
10. Aug. 2021 15:30,225,127,98,
10. Aug. 2021 15:45,241,125,116,
10. Aug. 2021 16:00,233,105,128,
10. Aug. 2021 16:15,218,111,107,
10. Aug. 2021 16:30,246,124,122,
10. Aug. 2021 16:45,230,115,115,
10. Aug. 2021 17:00,253,112,141,
10. Aug. 2021 17:15,270,142,128,
10. Aug. 2021 17:30,285,141,144,
10. Aug. 2021 17:45,261,134,127,
10. Aug. 2021 18:00,278,113,165,
10. Aug. 2021 18:15,239,118,121,
10. Aug. 2021 18:30,240,113,127,
10. Aug. 2021 18:45,229,108,121,
10. Aug. 2021 19:00,239,114,125,
10. Aug. 2021 19:15,204,96,108,
10. Aug. 2021 19:30,184,106,78,
10. Aug. 2021 19:45,170,66,104,
10. Aug. 2021 20:00,151,63,88,
10. Aug. 2021 20:15,170,74,96,
10. Aug. 2021 20:30,132,63,69,
10. Aug. 2021 20:45,109,52,57,
10. Aug. 2021 21:00,112,60,52,
10. Aug. 2021 21:15,103,45,58,
10. Aug. 2021 21:30,81,41,40,
10. Aug. 2021 21:45,67,29,38,
10. Aug. 2021 22:00,61,22,39,
10. Aug. 2021 22:15,83,19,64,
10. Aug. 2021 22:30,56,16,40,
10. Aug. 2021 22:45,51,13,38,
10. Aug. 2021 23:00,37,14,23,
10. Aug. 2021 23:15,30,12,18,
10. Aug. 2021 23:30,36,17,19,
10. Aug. 2021 23:45,34,6,28,
11. Aug. 2021 00:00,26,9,17,
11. Aug. 2021 00:15,28,7,21,
11. Aug. 2021 00:30,12,1,11,
11. Aug. 2021 00:45,13,1,12,
11. Aug. 2021 01:00,22,7,15,
11. Aug. 2021 01:15,16,6,10,
11. Aug. 2021 01:30,7,2,5,
11. Aug. 2021 01:45,6,3,3,
11. Aug. 2021 02:00,4,4,0,
11. Aug. 2021 02:15,3,1,2,
11. Aug. 2021 02:30,11,2,9,
11. Aug. 2021 02:45,1,0,1,
11. Aug. 2021 03:00,5,1,4,
11. Aug. 2021 03:15,6,0,6,
11. Aug. 2021 03:30,2,1,1,
11. Aug. 2021 03:45,2,0,2,
11. Aug. 2021 04:00,1,1,0,
11. Aug. 2021 04:15,1,0,1,
11. Aug. 2021 04:30,4,4,0,
11. Aug. 2021 04:45,6,4,2,
11. Aug. 2021 05:00,4,3,1,
11. Aug. 2021 05:15,11,7,4,
11. Aug. 2021 05:30,15,10,5,
11. Aug. 2021 05:45,21,8,13,
11. Aug. 2021 06:00,32,20,12,
11. Aug. 2021 06:15,27,18,9,
11. Aug. 2021 06:30,40,26,14,
11. Aug. 2021 06:45,64,35,29,
11. Aug. 2021 07:00,64,38,26,
11. Aug. 2021 07:15,84,45,39,
11. Aug. 2021 07:30,111,55,56,
11. Aug. 2021 07:45,133,76,57,
11. Aug. 2021 08:00,99,50,49,
11. Aug. 2021 08:15,151,93,58,
11. Aug. 2021 08:30,167,101,66,
11. Aug. 2021 08:45,187,117,70,
11. Aug. 2021 09:00,135,82,53,
11. Aug. 2021 09:15,137,74,63,
11. Aug. 2021 09:30,147,75,72,
11. Aug. 2021 09:45,183,114,69,
11. Aug. 2021 10:00,127,68,59,
11. Aug. 2021 10:15,167,93,74,
11. Aug. 2021 10:30,176,110,66,
11. Aug. 2021 10:45,189,107,82,
11. Aug. 2021 11:00,163,97,66,
11. Aug. 2021 11:15,171,81,90,
11. Aug. 2021 11:30,191,96,95,
11. Aug. 2021 11:45,215,105,110,
11. Aug. 2021 12:00,170,74,96,
11. Aug. 2021 12:15,176,77,99,
11. Aug. 2021 12:30,210,91,119,
11. Aug. 2021 12:45,204,90,114,
11. Aug. 2021 13:00,173,81,92,
11. Aug. 2021 13:15,178,85,93,
11. Aug. 2021 13:30,201,89,112,
11. Aug. 2021 13:45,179,86,93,
11. Aug. 2021 14:00,186,103,83,
11. Aug. 2021 14:15,200,96,104,
11. Aug. 2021 14:30,252,116,136,
11. Aug. 2021 14:45,215,106,109,
11. Aug. 2021 15:00,219,111,108,
11. Aug. 2021 15:15,200,108,92,
11. Aug. 2021 15:30,208,98,110,
11. Aug. 2021 15:45,208,101,107,
11. Aug. 2021 16:00,235,124,111,
11. Aug. 2021 16:15,197,108,89,
11. Aug. 2021 16:30,245,129,116,
11. Aug. 2021 16:45,214,115,99,
11. Aug. 2021 17:00,262,123,139,
11. Aug. 2021 17:15,256,131,125,
11. Aug. 2021 17:30,272,144,128,
11. Aug. 2021 17:45,290,139,151,
11. Aug. 2021 18:00,266,125,141,
11. Aug. 2021 18:15,309,136,173,
11. Aug. 2021 18:30,227,100,127,
11. Aug. 2021 18:45,242,132,110,
11. Aug. 2021 19:00,188,90,98,
11. Aug. 2021 19:15,164,71,93,
11. Aug. 2021 19:30,223,92,131,
11. Aug. 2021 19:45,178,91,87,
11. Aug. 2021 20:00,179,74,105,
11. Aug. 2021 20:15,184,87,97,
11. Aug. 2021 20:30,176,73,103,
11. Aug. 2021 20:45,147,62,85,
11. Aug. 2021 21:00,127,47,80,
11. Aug. 2021 21:15,123,38,85,
11. Aug. 2021 21:30,106,47,59,
11. Aug. 2021 21:45,83,43,40,
11. Aug. 2021 22:00,80,36,44,
11. Aug. 2021 22:15,78,24,54,
11. Aug. 2021 22:30,87,35,52,
11. Aug. 2021 22:45,75,21,54,
11. Aug. 2021 23:00,56,22,34,
11. Aug. 2021 23:15,43,18,25,
11. Aug. 2021 23:30,44,12,32,
11. Aug. 2021 23:45,36,7,29,
12. Aug. 2021 00:00,46,20,26,
12. Aug. 2021 00:15,30,9,21,
12. Aug. 2021 00:30,25,11,14,
12. Aug. 2021 00:45,30,10,20,
12. Aug. 2021 01:00,21,5,16,
12. Aug. 2021 01:15,30,9,21,
12. Aug. 2021 01:30,15,9,6,
12. Aug. 2021 01:45,18,3,15,
12. Aug. 2021 02:00,19,5,14,
12. Aug. 2021 02:15,6,1,5,
12. Aug. 2021 02:30,12,4,8,
12. Aug. 2021 02:45,11,7,4,
12. Aug. 2021 03:00,2,1,1,
12. Aug. 2021 03:15,7,4,3,
12. Aug. 2021 03:30,4,1,3,
12. Aug. 2021 03:45,8,2,6,
12. Aug. 2021 04:00,2,1,1,
12. Aug. 2021 04:15,3,2,1,
12. Aug. 2021 04:30,3,3,0,
12. Aug. 2021 04:45,6,5,1,
12. Aug. 2021 05:00,4,3,1,
12. Aug. 2021 05:15,5,4,1,
12. Aug. 2021 05:30,13,11,2,
12. Aug. 2021 05:45,22,11,11,
12. Aug. 2021 06:00,19,12,7,
12. Aug. 2021 06:15,32,26,6,
12. Aug. 2021 06:30,49,28,21,
12. Aug. 2021 06:45,66,35,31,
12. Aug. 2021 07:00,61,33,28,
12. Aug. 2021 07:15,80,44,36,
12. Aug. 2021 07:30,106,59,47,
12. Aug. 2021 07:45,141,70,71,
12. Aug. 2021 08:00,115,70,45,
12. Aug. 2021 08:15,133,83,50,
12. Aug. 2021 08:30,149,93,56,
12. Aug. 2021 08:45,174,102,72,
12. Aug. 2021 09:00,123,64,59,
12. Aug. 2021 09:15,138,76,62,
12. Aug. 2021 09:30,170,107,63,
12. Aug. 2021 09:45,159,73,86,
12. Aug. 2021 10:00,135,72,63,
12. Aug. 2021 10:15,138,71,67,
12. Aug. 2021 10:30,147,83,64,
12. Aug. 2021 10:45,166,94,72,
12. Aug. 2021 11:00,165,88,77,
12. Aug. 2021 11:15,164,101,63,
12. Aug. 2021 11:30,187,100,87,
12. Aug. 2021 11:45,163,82,81,
12. Aug. 2021 12:00,203,107,96,
12. Aug. 2021 12:15,181,79,102,
12. Aug. 2021 12:30,182,61,121,
12. Aug. 2021 12:45,190,86,104,
12. Aug. 2021 13:00,182,77,105,
12. Aug. 2021 13:15,176,72,104,
12. Aug. 2021 13:30,186,89,97,
12. Aug. 2021 13:45,202,102,100,
12. Aug. 2021 14:00,177,84,93,
12. Aug. 2021 14:15,168,78,90,
12. Aug. 2021 14:30,206,83,123,
12. Aug. 2021 14:45,170,92,78,
12. Aug. 2021 15:00,183,97,86,
12. Aug. 2021 15:15,171,67,104,
12. Aug. 2021 15:30,196,96,100,
12. Aug. 2021 15:45,198,107,91,
12. Aug. 2021 16:00,216,118,98,
12. Aug. 2021 16:15,199,91,108,
12. Aug. 2021 16:30,204,100,104,
12. Aug. 2021 16:45,241,130,111,
12. Aug. 2021 17:00,209,87,122,
12. Aug. 2021 17:15,224,106,118,
12. Aug. 2021 17:30,253,137,116,
12. Aug. 2021 17:45,246,123,123,
12. Aug. 2021 18:00,265,127,138,
12. Aug. 2021 18:15,266,115,151,
12. Aug. 2021 18:30,205,113,92,
12. Aug. 2021 18:45,233,118,115,
12. Aug. 2021 19:00,232,128,104,
12. Aug. 2021 19:15,175,94,81,
12. Aug. 2021 19:30,159,67,92,
12. Aug. 2021 19:45,201,88,113,
12. Aug. 2021 20:00,179,64,115,
12. Aug. 2021 20:15,167,75,92,
12. Aug. 2021 20:30,160,75,85,
12. Aug. 2021 20:45,121,49,72,
12. Aug. 2021 21:00,152,50,102,
12. Aug. 2021 21:15,151,61,90,
12. Aug. 2021 21:30,107,45,62,
12. Aug. 2021 21:45,84,33,51,
12. Aug. 2021 22:00,94,36,58,
12. Aug. 2021 22:15,87,31,56,
12. Aug. 2021 22:30,84,22,62,
12. Aug. 2021 22:45,66,24,42,
12. Aug. 2021 23:00,65,32,33,
12. Aug. 2021 23:15,59,21,38,
12. Aug. 2021 23:30,41,16,25,
12. Aug. 2021 23:45,33,11,22,
13. Aug. 2021 00:00,23,7,16,
13. Aug. 2021 00:15,43,16,27,
13. Aug. 2021 00:30,15,4,11,
13. Aug. 2021 00:45,24,8,16,
13. Aug. 2021 01:00,29,14,15,
13. Aug. 2021 01:15,20,5,15,
13. Aug. 2021 01:30,19,4,15,
13. Aug. 2021 01:45,20,5,15,
13. Aug. 2021 02:00,19,9,10,
13. Aug. 2021 02:15,10,3,7,
13. Aug. 2021 02:30,7,3,4,
13. Aug. 2021 02:45,8,6,2,
13. Aug. 2021 03:00,12,4,8,
13. Aug. 2021 03:15,4,2,2,
13. Aug. 2021 03:30,3,0,3,
13. Aug. 2021 03:45,6,3,3,
13. Aug. 2021 04:00,3,2,1,
13. Aug. 2021 04:15,0,0,0,
13. Aug. 2021 04:30,5,5,0,
13. Aug. 2021 04:45,5,3,2,
13. Aug. 2021 05:00,3,3,0,
13. Aug. 2021 05:15,7,3,4,
13. Aug. 2021 05:30,16,9,7,
13. Aug. 2021 05:45,17,6,11,
13. Aug. 2021 06:00,25,17,8,
13. Aug. 2021 06:15,26,17,9,
13. Aug. 2021 06:30,33,18,15,
13. Aug. 2021 06:45,56,34,22,
13. Aug. 2021 07:00,53,32,21,
13. Aug. 2021 07:15,87,48,39,
13. Aug. 2021 07:30,91,57,34,
13. Aug. 2021 07:45,132,67,65,
13. Aug. 2021 08:00,106,65,41,
13. Aug. 2021 08:15,108,66,42,
13. Aug. 2021 08:30,137,86,51,
13. Aug. 2021 08:45,176,111,65,
13. Aug. 2021 09:00,124,67,57,
13. Aug. 2021 09:15,145,97,48,
13. Aug. 2021 09:30,140,88,52,
13. Aug. 2021 09:45,173,111,62,
13. Aug. 2021 10:00,138,86,52,
13. Aug. 2021 10:15,190,103,87,
13. Aug. 2021 10:30,164,101,63,
13. Aug. 2021 10:45,178,107,71,
13. Aug. 2021 11:00,166,83,83,
13. Aug. 2021 11:15,174,92,82,
13. Aug. 2021 11:30,199,109,90,
13. Aug. 2021 11:45,210,95,115,
13. Aug. 2021 12:00,204,98,106,
13. Aug. 2021 12:15,201,97,104,
13. Aug. 2021 12:30,198,76,122,
13. Aug. 2021 12:45,196,79,117,
13. Aug. 2021 13:00,168,75,93,
13. Aug. 2021 13:15,182,85,97,
13. Aug. 2021 13:30,174,83,91,
13. Aug. 2021 13:45,168,84,84,
13. Aug. 2021 14:00,219,119,100,
13. Aug. 2021 14:15,227,109,118,
13. Aug. 2021 14:30,207,113,94,
13. Aug. 2021 14:45,191,98,93,
13. Aug. 2021 15:00,157,69,88,
13. Aug. 2021 15:15,187,90,97,
13. Aug. 2021 15:30,197,92,105,
13. Aug. 2021 15:45,195,94,101,
13. Aug. 2021 16:00,195,98,97,
13. Aug. 2021 16:15,173,83,90,
13. Aug. 2021 16:30,180,99,81,
13. Aug. 2021 16:45,236,122,114,
13. Aug. 2021 17:00,208,106,102,
13. Aug. 2021 17:15,206,101,105,
13. Aug. 2021 17:30,191,93,98,
13. Aug. 2021 17:45,187,82,105,
13. Aug. 2021 18:00,208,95,113,
13. Aug. 2021 18:15,214,111,103,
13. Aug. 2021 18:30,193,89,104,
13. Aug. 2021 18:45,201,90,111,
13. Aug. 2021 19:00,189,82,107,
13. Aug. 2021 19:15,172,99,73,
13. Aug. 2021 19:30,161,86,75,
13. Aug. 2021 19:45,158,82,76,
13. Aug. 2021 20:00,154,69,85,
13. Aug. 2021 20:15,132,63,69,
13. Aug. 2021 20:30,160,86,74,
13. Aug. 2021 20:45,139,58,81,
13. Aug. 2021 21:00,107,43,64,
13. Aug. 2021 21:15,115,39,76,
13. Aug. 2021 21:30,88,36,52,
13. Aug. 2021 21:45,101,50,51,
13. Aug. 2021 22:00,70,33,37,
13. Aug. 2021 22:15,68,31,37,
13. Aug. 2021 22:30,87,36,51,
13. Aug. 2021 22:45,69,20,49,
13. Aug. 2021 23:00,77,28,49,
13. Aug. 2021 23:15,59,26,33,
13. Aug. 2021 23:30,45,11,34,
13. Aug. 2021 23:45,51,17,34,
14. Aug. 2021 00:00,42,20,22,
14. Aug. 2021 00:15,49,15,34,
14. Aug. 2021 00:30,47,15,32,
14. Aug. 2021 00:45,26,10,16,
14. Aug. 2021 01:00,48,24,24,
14. Aug. 2021 01:15,39,11,28,
14. Aug. 2021 01:30,17,4,13,
14. Aug. 2021 01:45,19,8,11,
14. Aug. 2021 02:00,20,5,15,
14. Aug. 2021 02:15,17,8,9,
14. Aug. 2021 02:30,22,3,19,
14. Aug. 2021 02:45,26,11,15,
14. Aug. 2021 03:00,21,4,17,
14. Aug. 2021 03:15,21,2,19,
14. Aug. 2021 03:30,14,3,11,
14. Aug. 2021 03:45,20,8,12,
14. Aug. 2021 04:00,7,2,5,
14. Aug. 2021 04:15,5,3,2,
14. Aug. 2021 04:30,7,0,7,
14. Aug. 2021 04:45,7,5,2,
14. Aug. 2021 05:00,8,4,4,
14. Aug. 2021 05:15,7,3,4,
14. Aug. 2021 05:30,17,8,9,
14. Aug. 2021 05:45,18,11,7,
14. Aug. 2021 06:00,18,10,8,
14. Aug. 2021 06:15,19,11,8,
14. Aug. 2021 06:30,12,6,6,
14. Aug. 2021 06:45,17,11,6,
14. Aug. 2021 07:00,10,5,5,
14. Aug. 2021 07:15,28,13,15,
14. Aug. 2021 07:30,28,5,23,
14. Aug. 2021 07:45,34,18,16,
14. Aug. 2021 08:00,31,13,18,
14. Aug. 2021 08:15,70,40,30,
14. Aug. 2021 08:30,61,35,26,
14. Aug. 2021 08:45,96,51,45,
14. Aug. 2021 09:00,76,44,32,
14. Aug. 2021 09:15,89,62,27,
14. Aug. 2021 09:30,123,75,48,
14. Aug. 2021 09:45,172,107,65,
14. Aug. 2021 10:00,123,63,60,
14. Aug. 2021 10:15,159,101,58,
14. Aug. 2021 10:30,147,66,81,
14. Aug. 2021 10:45,178,112,66,
14. Aug. 2021 11:00,163,76,87,
14. Aug. 2021 11:15,214,92,122,
14. Aug. 2021 11:30,184,91,93,
14. Aug. 2021 11:45,153,71,82,
14. Aug. 2021 12:00,164,69,95,
14. Aug. 2021 12:15,157,67,90,
14. Aug. 2021 12:30,171,76,95,
14. Aug. 2021 12:45,160,62,98,
14. Aug. 2021 13:00,137,61,76,
14. Aug. 2021 13:15,143,88,55,
14. Aug. 2021 13:30,132,72,60,
14. Aug. 2021 13:45,173,83,90,
14. Aug. 2021 14:00,162,78,84,
14. Aug. 2021 14:15,176,79,97,
14. Aug. 2021 14:30,172,70,102,
14. Aug. 2021 14:45,173,85,88,
14. Aug. 2021 15:00,203,83,120,
14. Aug. 2021 15:15,153,77,76,
14. Aug. 2021 15:30,135,78,57,
14. Aug. 2021 15:45,167,64,103,
14. Aug. 2021 16:00,131,59,72,
14. Aug. 2021 16:15,114,51,63,
14. Aug. 2021 16:30,129,63,66,
14. Aug. 2021 16:45,144,59,85,
14. Aug. 2021 17:00,158,72,86,
14. Aug. 2021 17:15,165,89,76,
14. Aug. 2021 17:30,158,91,67,
14. Aug. 2021 17:45,174,84,90,
14. Aug. 2021 18:00,147,58,89,
14. Aug. 2021 18:15,179,94,85,
14. Aug. 2021 18:30,147,73,74,
14. Aug. 2021 18:45,185,95,90,
14. Aug. 2021 19:00,156,79,77,
14. Aug. 2021 19:15,182,92,90,
14. Aug. 2021 19:30,114,61,53,
14. Aug. 2021 19:45,146,90,56,
14. Aug. 2021 20:00,144,63,81,
14. Aug. 2021 20:15,157,88,69,
14. Aug. 2021 20:30,153,94,59,
14. Aug. 2021 20:45,116,59,57,
14. Aug. 2021 21:00,166,78,88,
14. Aug. 2021 21:15,103,53,50,
14. Aug. 2021 21:30,107,48,59,
14. Aug. 2021 21:45,96,50,46,
14. Aug. 2021 22:00,65,35,30,
14. Aug. 2021 22:15,85,33,52,
14. Aug. 2021 22:30,51,23,28,
14. Aug. 2021 22:45,61,27,34,
14. Aug. 2021 23:00,60,22,38,
14. Aug. 2021 23:15,64,28,36,
14. Aug. 2021 23:30,60,30,30,
14. Aug. 2021 23:45,59,18,41,
15. Aug. 2021 00:00,61,14,47,
15. Aug. 2021 00:15,39,9,30,
15. Aug. 2021 00:30,33,17,16,
15. Aug. 2021 00:45,33,12,21,
15. Aug. 2021 01:00,33,16,17,
15. Aug. 2021 01:15,35,13,22,
15. Aug. 2021 01:30,30,9,21,
15. Aug. 2021 01:45,35,6,29,
15. Aug. 2021 02:00,27,7,20,
15. Aug. 2021 02:15,24,12,12,
15. Aug. 2021 02:30,24,2,22,
15. Aug. 2021 02:45,19,5,14,
15. Aug. 2021 03:00,12,2,10,
15. Aug. 2021 03:15,22,8,14,
15. Aug. 2021 03:30,14,4,10,
15. Aug. 2021 03:45,16,2,14,
15. Aug. 2021 04:00,18,8,10,
15. Aug. 2021 04:15,7,1,6,
15. Aug. 2021 04:30,12,1,11,
15. Aug. 2021 04:45,7,1,6,
15. Aug. 2021 05:00,1,0,1,
15. Aug. 2021 05:15,6,4,2,
15. Aug. 2021 05:30,10,2,8,
15. Aug. 2021 05:45,9,3,6,
15. Aug. 2021 06:00,13,6,7,
15. Aug. 2021 06:15,16,13,3,
15. Aug. 2021 06:30,12,4,8,
15. Aug. 2021 06:45,9,5,4,
15. Aug. 2021 07:00,10,6,4,
15. Aug. 2021 07:15,21,11,10,
15. Aug. 2021 07:30,23,9,14,
15. Aug. 2021 07:45,26,18,8,
15. Aug. 2021 08:00,32,15,17,
15. Aug. 2021 08:15,28,16,12,
15. Aug. 2021 08:30,35,11,24,
15. Aug. 2021 08:45,48,20,28,
15. Aug. 2021 09:00,44,26,18,
15. Aug. 2021 09:15,68,39,29,
15. Aug. 2021 09:30,90,46,44,
15. Aug. 2021 09:45,111,69,42,
15. Aug. 2021 10:00,82,51,31,
15. Aug. 2021 10:15,86,33,53,
15. Aug. 2021 10:30,95,43,52,
15. Aug. 2021 10:45,122,60,62,
15. Aug. 2021 11:00,102,34,68,
15. Aug. 2021 11:15,103,43,60,
15. Aug. 2021 11:30,141,76,65,
15. Aug. 2021 11:45,98,40,58,
15. Aug. 2021 12:00,112,56,56,
15. Aug. 2021 12:15,110,46,64,
15. Aug. 2021 12:30,116,59,57,
15. Aug. 2021 12:45,155,70,85,
15. Aug. 2021 13:00,127,52,75,
15. Aug. 2021 13:15,123,53,70,
15. Aug. 2021 13:30,135,68,67,
15. Aug. 2021 13:45,180,113,67,
15. Aug. 2021 14:00,150,96,54,
15. Aug. 2021 14:15,146,72,74,
15. Aug. 2021 14:30,85,53,32,
15. Aug. 2021 14:45,101,54,47,
15. Aug. 2021 15:00,87,43,44,
15. Aug. 2021 15:15,92,44,48,
15. Aug. 2021 15:30,100,36,64,
15. Aug. 2021 15:45,116,65,51,
15. Aug. 2021 16:00,105,59,46,
15. Aug. 2021 16:15,127,61,66,
15. Aug. 2021 16:30,128,66,62,
15. Aug. 2021 16:45,125,61,64,
15. Aug. 2021 17:00,137,69,68,
15. Aug. 2021 17:15,138,74,64,
15. Aug. 2021 17:30,117,54,63,
15. Aug. 2021 17:45,136,65,71,
15. Aug. 2021 18:00,150,61,89,
15. Aug. 2021 18:15,103,58,45,
15. Aug. 2021 18:30,122,56,66,
15. Aug. 2021 18:45,148,72,76,
15. Aug. 2021 19:00,110,42,68,
15. Aug. 2021 19:15,108,49,59,
15. Aug. 2021 19:30,100,54,46,
15. Aug. 2021 19:45,104,54,50,
15. Aug. 2021 20:00,92,42,50,
15. Aug. 2021 20:15,82,49,33,
15. Aug. 2021 20:30,93,42,51,
15. Aug. 2021 20:45,100,36,64,
15. Aug. 2021 21:00,74,37,37,
15. Aug. 2021 21:15,73,20,53,
15. Aug. 2021 21:30,63,29,34,
15. Aug. 2021 21:45,48,18,30,
15. Aug. 2021 22:00,61,26,35,
15. Aug. 2021 22:15,34,13,21,
15. Aug. 2021 22:30,39,14,25,
15. Aug. 2021 22:45,20,9,11,
15. Aug. 2021 23:00,36,19,17,
15. Aug. 2021 23:15,27,9,18,
15. Aug. 2021 23:30,17,10,7,
15. Aug. 2021 23:45,15,5,10,
16. Aug. 2021 00:00,26,9,17,
16. Aug. 2021 00:15,18,8,10,
16. Aug. 2021 00:30,9,4,5,
16. Aug. 2021 00:45,7,3,4,
16. Aug. 2021 01:00,6,3,3,
16. Aug. 2021 01:15,13,6,7,
16. Aug. 2021 01:30,4,1,3,
16. Aug. 2021 01:45,2,1,1,
16. Aug. 2021 02:00,8,2,6,
16. Aug. 2021 02:15,3,3,0,
16. Aug. 2021 02:30,5,3,2,
16. Aug. 2021 02:45,0,0,0,
16. Aug. 2021 03:00,7,2,5,
16. Aug. 2021 03:15,1,0,1,
16. Aug. 2021 03:30,1,0,1,
16. Aug. 2021 03:45,4,3,1,
16. Aug. 2021 04:00,1,0,1,
16. Aug. 2021 04:15,0,0,0,
16. Aug. 2021 04:30,1,1,0,
16. Aug. 2021 04:45,5,3,2,
16. Aug. 2021 05:00,6,5,1,
16. Aug. 2021 05:15,4,3,1,
16. Aug. 2021 05:30,8,4,4,
16. Aug. 2021 05:45,14,8,6,
16. Aug. 2021 06:00,27,13,14,
16. Aug. 2021 06:15,26,19,7,
16. Aug. 2021 06:30,39,25,14,
16. Aug. 2021 06:45,53,33,20,
16. Aug. 2021 07:00,58,38,20,
16. Aug. 2021 07:15,73,44,29,
16. Aug. 2021 07:30,83,49,34,
16. Aug. 2021 07:45,102,53,49,
16. Aug. 2021 08:00,82,39,43,
16. Aug. 2021 08:15,92,55,37,
16. Aug. 2021 08:30,97,55,42,
16. Aug. 2021 08:45,128,72,56,
16. Aug. 2021 09:00,119,62,57,
16. Aug. 2021 09:15,93,66,27,
16. Aug. 2021 09:30,128,72,56,
16. Aug. 2021 09:45,118,79,39,
16. Aug. 2021 10:00,126,67,59,
16. Aug. 2021 10:15,110,57,53,
16. Aug. 2021 10:30,120,68,52,
16. Aug. 2021 10:45,129,71,58,
16. Aug. 2021 11:00,102,50,52,
16. Aug. 2021 11:15,114,62,52,
16. Aug. 2021 11:30,135,60,75,
16. Aug. 2021 11:45,80,33,47,
16. Aug. 2021 12:00,78,20,58,
16. Aug. 2021 12:15,82,38,44,
16. Aug. 2021 12:30,121,55,66,
16. Aug. 2021 12:45,83,37,46,
16. Aug. 2021 13:00,87,40,47,
16. Aug. 2021 13:15,107,51,56,
16. Aug. 2021 13:30,90,38,52,
16. Aug. 2021 13:45,104,60,44,
16. Aug. 2021 14:00,98,56,42,
16. Aug. 2021 14:15,109,69,40,
16. Aug. 2021 14:30,102,46,56,
16. Aug. 2021 14:45,111,63,48,
16. Aug. 2021 15:00,93,46,47,
16. Aug. 2021 15:15,115,60,55,
16. Aug. 2021 15:30,124,62,62,
16. Aug. 2021 15:45,151,72,79,
16. Aug. 2021 16:00,124,67,57,
16. Aug. 2021 16:15,167,88,79,
16. Aug. 2021 16:30,134,61,73,
16. Aug. 2021 16:45,174,88,86,
16. Aug. 2021 17:00,143,64,79,
16. Aug. 2021 17:15,198,103,95,
16. Aug. 2021 17:30,197,88,109,
16. Aug. 2021 17:45,177,82,95,
16. Aug. 2021 18:00,187,77,110,
16. Aug. 2021 18:15,161,95,66,
16. Aug. 2021 18:30,171,74,97,
16. Aug. 2021 18:45,128,65,63,
16. Aug. 2021 19:00,123,51,72,
16. Aug. 2021 19:15,156,82,74,
16. Aug. 2021 19:30,86,42,44,
16. Aug. 2021 19:45,90,48,42,
16. Aug. 2021 20:00,96,43,53,
16. Aug. 2021 20:15,97,50,47,
16. Aug. 2021 20:30,98,46,52,
16. Aug. 2021 20:45,73,32,41,
16. Aug. 2021 21:00,66,26,40,
16. Aug. 2021 21:15,50,22,28,
16. Aug. 2021 21:30,53,24,29,
16. Aug. 2021 21:45,33,11,22,
16. Aug. 2021 22:00,41,18,23,
16. Aug. 2021 22:15,59,28,31,
16. Aug. 2021 22:30,35,14,21,
16. Aug. 2021 22:45,25,10,15,
16. Aug. 2021 23:00,32,10,22,
16. Aug. 2021 23:15,29,5,24,
16. Aug. 2021 23:30,20,5,15,
16. Aug. 2021 23:45,19,10,9,
17. Aug. 2021 00:00,29,7,22,
17. Aug. 2021 00:15,19,4,15,
17. Aug. 2021 00:30,8,4,4,
17. Aug. 2021 00:45,10,4,6,
17. Aug. 2021 01:00,8,7,1,
17. Aug. 2021 01:15,15,2,13,
17. Aug. 2021 01:30,4,2,2,
17. Aug. 2021 01:45,11,1,10,
17. Aug. 2021 02:00,2,0,2,
17. Aug. 2021 02:15,6,5,1,
17. Aug. 2021 02:30,7,4,3,
17. Aug. 2021 02:45,4,2,2,
17. Aug. 2021 03:00,0,0,0,
17. Aug. 2021 03:15,4,3,1,
17. Aug. 2021 03:30,4,3,1,
17. Aug. 2021 03:45,7,4,3,
17. Aug. 2021 04:00,0,0,0,
17. Aug. 2021 04:15,0,0,0,
17. Aug. 2021 04:30,2,1,1,
17. Aug. 2021 04:45,6,4,2,
17. Aug. 2021 05:00,1,1,0,
17. Aug. 2021 05:15,5,2,3,
17. Aug. 2021 05:30,13,5,8,
17. Aug. 2021 05:45,18,9,9,
17. Aug. 2021 06:00,24,16,8,
17. Aug. 2021 06:15,21,17,4,
17. Aug. 2021 06:30,50,33,17,
17. Aug. 2021 06:45,66,39,27,
17. Aug. 2021 07:00,55,34,21,
17. Aug. 2021 07:15,87,49,38,
17. Aug. 2021 07:30,93,47,46,
17. Aug. 2021 07:45,120,72,48,
17. Aug. 2021 08:00,96,58,38,
17. Aug. 2021 08:15,95,59,36,
17. Aug. 2021 08:30,105,64,41,
17. Aug. 2021 08:45,167,103,64,
17. Aug. 2021 09:00,91,55,36,
17. Aug. 2021 09:15,135,93,42,
17. Aug. 2021 09:30,125,79,46,
17. Aug. 2021 09:45,184,119,65,
17. Aug. 2021 10:00,133,85,48,
17. Aug. 2021 10:15,143,86,57,
17. Aug. 2021 10:30,134,78,56,
17. Aug. 2021 10:45,178,104,74,
17. Aug. 2021 11:00,170,103,67,
17. Aug. 2021 11:15,166,92,74,
17. Aug. 2021 11:30,179,97,82,
17. Aug. 2021 11:45,165,82,83,
17. Aug. 2021 12:00,212,96,116,
17. Aug. 2021 12:15,179,85,94,
17. Aug. 2021 12:30,188,82,106,
17. Aug. 2021 12:45,173,90,83,
17. Aug. 2021 13:00,150,69,81,
17. Aug. 2021 13:15,191,90,101,
17. Aug. 2021 13:30,201,106,95,
17. Aug. 2021 13:45,198,120,78,
17. Aug. 2021 14:00,175,87,88,
17. Aug. 2021 14:15,149,84,65,
17. Aug. 2021 14:30,190,102,88,
17. Aug. 2021 14:45,184,71,113,
17. Aug. 2021 15:00,207,104,103,
17. Aug. 2021 15:15,191,100,91,
17. Aug. 2021 15:30,208,117,91,
17. Aug. 2021 15:45,188,82,106,
17. Aug. 2021 16:00,193,97,96,
17. Aug. 2021 16:15,201,82,119,
17. Aug. 2021 16:30,234,127,107,
17. Aug. 2021 16:45,230,135,95,
17. Aug. 2021 17:00,235,104,131,
17. Aug. 2021 17:15,228,101,127,
17. Aug. 2021 17:30,246,112,134,
17. Aug. 2021 17:45,243,109,134,
17. Aug. 2021 18:00,229,91,138,
17. Aug. 2021 18:15,220,97,123,
17. Aug. 2021 18:30,197,70,127,
17. Aug. 2021 18:45,240,128,112,
17. Aug. 2021 19:00,188,82,106,
17. Aug. 2021 19:15,169,83,86,
17. Aug. 2021 19:30,133,62,71,
17. Aug. 2021 19:45,154,60,94,
17. Aug. 2021 20:00,126,61,65,
17. Aug. 2021 20:15,93,50,43,
17. Aug. 2021 20:30,101,44,57,
17. Aug. 2021 20:45,87,42,45,
17. Aug. 2021 21:00,74,31,43,
17. Aug. 2021 21:15,88,31,57,
17. Aug. 2021 21:30,72,31,41,
17. Aug. 2021 21:45,75,31,44,
17. Aug. 2021 22:00,70,29,41,
17. Aug. 2021 22:15,61,19,42,
17. Aug. 2021 22:30,58,20,38,
17. Aug. 2021 22:45,48,10,38,
17. Aug. 2021 23:00,54,22,32,
17. Aug. 2021 23:15,54,5,49,
17. Aug. 2021 23:30,17,4,13,
17. Aug. 2021 23:45,32,5,27,
18. Aug. 2021 00:00,19,4,15,
18. Aug. 2021 00:15,17,5,12,
18. Aug. 2021 00:30,13,5,8,
18. Aug. 2021 00:45,15,6,9,
18. Aug. 2021 01:00,22,2,20,
18. Aug. 2021 01:15,17,7,10,
18. Aug. 2021 01:30,12,5,7,
18. Aug. 2021 01:45,10,6,4,
18. Aug. 2021 02:00,3,3,0,
18. Aug. 2021 02:15,5,0,5,
18. Aug. 2021 02:30,6,1,5,
18. Aug. 2021 02:45,0,0,0,
18. Aug. 2021 03:00,8,2,6,
18. Aug. 2021 03:15,8,4,4,
18. Aug. 2021 03:30,5,4,1,
18. Aug. 2021 03:45,1,1,0,
18. Aug. 2021 04:00,2,1,1,
18. Aug. 2021 04:15,4,2,2,
18. Aug. 2021 04:30,3,3,0,
18. Aug. 2021 04:45,3,1,2,
18. Aug. 2021 05:00,8,6,2,
18. Aug. 2021 05:15,12,9,3,
18. Aug. 2021 05:30,17,8,9,
18. Aug. 2021 05:45,18,9,9,
18. Aug. 2021 06:00,18,13,5,
18. Aug. 2021 06:15,22,18,4,
18. Aug. 2021 06:30,46,31,15,
18. Aug. 2021 06:45,56,37,19,
18. Aug. 2021 07:00,56,32,24,
18. Aug. 2021 07:15,66,32,34,
18. Aug. 2021 07:30,64,36,28,
18. Aug. 2021 07:45,104,62,42,
18. Aug. 2021 08:00,112,66,46,
18. Aug. 2021 08:15,93,58,35,
18. Aug. 2021 08:30,118,70,48,
18. Aug. 2021 08:45,148,88,60,
18. Aug. 2021 09:00,125,69,56,
18. Aug. 2021 09:15,131,80,51,
18. Aug. 2021 09:30,124,73,51,
18. Aug. 2021 09:45,136,82,54,
18. Aug. 2021 10:00,97,56,41,
18. Aug. 2021 10:15,123,74,49,
18. Aug. 2021 10:30,139,67,72,
18. Aug. 2021 10:45,129,76,53,
18. Aug. 2021 11:00,132,65,67,
18. Aug. 2021 11:15,134,75,59,
18. Aug. 2021 11:30,143,75,68,
18. Aug. 2021 11:45,175,92,83,
18. Aug. 2021 12:00,158,63,95,
18. Aug. 2021 12:15,161,79,82,
18. Aug. 2021 12:30,173,96,77,
18. Aug. 2021 12:45,150,71,79,
18. Aug. 2021 13:00,171,86,85,
18. Aug. 2021 13:15,169,93,76,
18. Aug. 2021 13:30,159,100,59,
18. Aug. 2021 13:45,168,83,85,
18. Aug. 2021 14:00,197,94,103,
18. Aug. 2021 14:15,172,96,76,
18. Aug. 2021 14:30,177,94,83,
18. Aug. 2021 14:45,185,80,105,
18. Aug. 2021 15:00,181,79,102,
18. Aug. 2021 15:15,174,84,90,
18. Aug. 2021 15:30,203,110,93,
18. Aug. 2021 15:45,198,95,103,
18. Aug. 2021 16:00,191,79,112,
18. Aug. 2021 16:15,206,102,104,
18. Aug. 2021 16:30,239,121,118,
18. Aug. 2021 16:45,204,101,103,
18. Aug. 2021 17:00,214,86,128,
18. Aug. 2021 17:15,234,109,125,
18. Aug. 2021 17:30,221,114,107,
18. Aug. 2021 17:45,222,99,123,
18. Aug. 2021 18:00,227,101,126,
18. Aug. 2021 18:15,235,103,132,
18. Aug. 2021 18:30,212,80,132,
18. Aug. 2021 18:45,200,89,111,
18. Aug. 2021 19:00,170,62,108,
18. Aug. 2021 19:15,208,97,111,
18. Aug. 2021 19:30,142,63,79,
18. Aug. 2021 19:45,156,81,75,
18. Aug. 2021 20:00,106,47,59,
18. Aug. 2021 20:15,110,55,55,
18. Aug. 2021 20:30,117,50,67,
18. Aug. 2021 20:45,93,38,55,
18. Aug. 2021 21:00,102,40,62,
18. Aug. 2021 21:15,98,51,47,
18. Aug. 2021 21:30,73,26,47,
18. Aug. 2021 21:45,65,23,42,
18. Aug. 2021 22:00,75,36,39,
18. Aug. 2021 22:15,74,25,49,
18. Aug. 2021 22:30,46,17,29,
18. Aug. 2021 22:45,42,6,36,
18. Aug. 2021 23:00,65,24,41,
18. Aug. 2021 23:15,46,19,27,
18. Aug. 2021 23:30,43,14,29,
18. Aug. 2021 23:45,19,9,10,
19. Aug. 2021 00:00,24,5,19,
19. Aug. 2021 00:15,27,4,23,
19. Aug. 2021 00:30,20,9,11,
19. Aug. 2021 00:45,22,8,14,
19. Aug. 2021 01:00,16,6,10,
19. Aug. 2021 01:15,12,5,7,
19. Aug. 2021 01:30,27,4,23,
19. Aug. 2021 01:45,10,7,3,
19. Aug. 2021 02:00,11,6,5,
19. Aug. 2021 02:15,1,0,1,
19. Aug. 2021 02:30,2,0,2,
19. Aug. 2021 02:45,6,3,3,
19. Aug. 2021 03:00,3,1,2,
19. Aug. 2021 03:15,1,0,1,
19. Aug. 2021 03:30,11,5,6,
19. Aug. 2021 03:45,3,1,2,
19. Aug. 2021 04:00,1,1,0,
19. Aug. 2021 04:15,1,1,0,
19. Aug. 2021 04:30,4,1,3,
19. Aug. 2021 04:45,2,1,1,
19. Aug. 2021 05:00,5,4,1,
19. Aug. 2021 05:15,8,5,3,
19. Aug. 2021 05:30,16,8,8,
19. Aug. 2021 05:45,30,19,11,
19. Aug. 2021 06:00,22,12,10,
19. Aug. 2021 06:15,29,20,9,
19. Aug. 2021 06:30,46,27,19,
19. Aug. 2021 06:45,68,45,23,
19. Aug. 2021 07:00,43,23,20,
19. Aug. 2021 07:15,76,48,28,
19. Aug. 2021 07:30,79,43,36,
19. Aug. 2021 07:45,122,66,56,
19. Aug. 2021 08:00,91,59,32,
19. Aug. 2021 08:15,101,55,46,
19. Aug. 2021 08:30,110,65,45,
19. Aug. 2021 08:45,150,98,52,
19. Aug. 2021 09:00,105,68,37,
19. Aug. 2021 09:15,113,67,46,
19. Aug. 2021 09:30,124,74,50,
19. Aug. 2021 09:45,110,59,51,
19. Aug. 2021 10:00,132,82,50,
19. Aug. 2021 10:15,167,101,66,
19. Aug. 2021 10:30,142,84,58,
19. Aug. 2021 10:45,157,96,61,
19. Aug. 2021 11:00,137,82,55,
19. Aug. 2021 11:15,159,76,83,
19. Aug. 2021 11:30,152,88,64,
19. Aug. 2021 11:45,173,102,71,
19. Aug. 2021 12:00,166,88,78,
19. Aug. 2021 12:15,151,75,76,
19. Aug. 2021 12:30,178,89,89,
19. Aug. 2021 12:45,154,81,73,
19. Aug. 2021 13:00,158,79,79,
19. Aug. 2021 13:15,190,91,99,
19. Aug. 2021 13:30,134,79,55,
19. Aug. 2021 13:45,160,76,84,
19. Aug. 2021 14:00,210,119,91,
19. Aug. 2021 14:15,212,98,114,
19. Aug. 2021 14:30,194,94,100,
19. Aug. 2021 14:45,192,99,93,
19. Aug. 2021 15:00,218,121,97,
19. Aug. 2021 15:15,213,104,109,
19. Aug. 2021 15:30,208,106,102,
19. Aug. 2021 15:45,206,83,123,
19. Aug. 2021 16:00,202,100,102,
19. Aug. 2021 16:15,199,97,102,
19. Aug. 2021 16:30,229,104,125,
19. Aug. 2021 16:45,237,120,117,
19. Aug. 2021 17:00,217,104,113,
19. Aug. 2021 17:15,257,137,120,
19. Aug. 2021 17:30,230,115,115,
19. Aug. 2021 17:45,267,139,128,
19. Aug. 2021 18:00,198,81,117,
19. Aug. 2021 18:15,200,90,110,
19. Aug. 2021 18:30,199,87,112,
19. Aug. 2021 18:45,185,91,94,
19. Aug. 2021 19:00,174,76,98,
19. Aug. 2021 19:15,176,84,92,
19. Aug. 2021 19:30,122,51,71,
19. Aug. 2021 19:45,139,62,77,
19. Aug. 2021 20:00,118,38,80,
19. Aug. 2021 20:15,134,64,70,
19. Aug. 2021 20:30,98,38,60,
19. Aug. 2021 20:45,104,43,61,
19. Aug. 2021 21:00,78,35,43,
19. Aug. 2021 21:15,69,36,33,
19. Aug. 2021 21:30,65,30,35,
19. Aug. 2021 21:45,83,42,41,
19. Aug. 2021 22:00,66,34,32,
19. Aug. 2021 22:15,78,28,50,
19. Aug. 2021 22:30,74,27,47,
19. Aug. 2021 22:45,55,13,42,
19. Aug. 2021 23:00,53,19,34,
19. Aug. 2021 23:15,53,24,29,
19. Aug. 2021 23:30,49,12,37,
19. Aug. 2021 23:45,33,16,17,
20. Aug. 2021 00:00,33,10,23,
20. Aug. 2021 00:15,23,8,15,
20. Aug. 2021 00:30,30,17,13,
20. Aug. 2021 00:45,37,4,33,
20. Aug. 2021 01:00,15,8,7,
20. Aug. 2021 01:15,26,4,22,
20. Aug. 2021 01:30,14,3,11,
20. Aug. 2021 01:45,16,7,9,
20. Aug. 2021 02:00,7,0,7,
20. Aug. 2021 02:15,11,7,4,
20. Aug. 2021 02:30,7,0,7,
20. Aug. 2021 02:45,7,3,4,
20. Aug. 2021 03:00,10,3,7,
20. Aug. 2021 03:15,5,3,2,
20. Aug. 2021 03:30,1,0,1,
20. Aug. 2021 03:45,6,5,1,
20. Aug. 2021 04:00,3,2,1,
20. Aug. 2021 04:15,0,0,0,
20. Aug. 2021 04:30,5,4,1,
20. Aug. 2021 04:45,8,6,2,
20. Aug. 2021 05:00,4,3,1,
20. Aug. 2021 05:15,14,11,3,
20. Aug. 2021 05:30,13,6,7,
20. Aug. 2021 05:45,21,11,10,
20. Aug. 2021 06:00,22,16,6,
20. Aug. 2021 06:15,28,18,10,
20. Aug. 2021 06:30,45,27,18,
20. Aug. 2021 06:45,50,36,14,
20. Aug. 2021 07:00,52,33,19,
20. Aug. 2021 07:15,56,35,21,
20. Aug. 2021 07:30,74,41,33,
20. Aug. 2021 07:45,107,62,45,
20. Aug. 2021 08:00,72,48,24,
20. Aug. 2021 08:15,115,65,50,
20. Aug. 2021 08:30,108,61,47,
20. Aug. 2021 08:45,129,85,44,
20. Aug. 2021 09:00,97,50,47,
20. Aug. 2021 09:15,136,95,41,
20. Aug. 2021 09:30,160,105,55,
20. Aug. 2021 09:45,154,90,64,
20. Aug. 2021 10:00,153,87,66,
20. Aug. 2021 10:15,195,117,78,
20. Aug. 2021 10:30,190,114,76,
20. Aug. 2021 10:45,165,100,65,
20. Aug. 2021 11:00,186,93,93,
20. Aug. 2021 11:15,182,89,93,
20. Aug. 2021 11:30,207,114,93,
20. Aug. 2021 11:45,209,109,100,
20. Aug. 2021 12:00,199,104,95,
20. Aug. 2021 12:15,158,77,81,
20. Aug. 2021 12:30,226,112,114,
20. Aug. 2021 12:45,161,82,79,
20. Aug. 2021 13:00,170,78,92,
20. Aug. 2021 13:15,188,88,100,
20. Aug. 2021 13:30,191,92,99,
20. Aug. 2021 13:45,178,100,78,
20. Aug. 2021 14:00,202,105,97,
20. Aug. 2021 14:15,200,114,86,
20. Aug. 2021 14:30,212,101,111,
20. Aug. 2021 14:45,230,98,132,
20. Aug. 2021 15:00,207,100,107,
20. Aug. 2021 15:15,168,82,86,
20. Aug. 2021 15:30,168,77,91,
20. Aug. 2021 15:45,175,91,84,
20. Aug. 2021 16:00,181,76,105,
20. Aug. 2021 16:15,209,97,112,
20. Aug. 2021 16:30,200,92,108,
20. Aug. 2021 16:45,177,85,92,
20. Aug. 2021 17:00,194,88,106,
20. Aug. 2021 17:15,185,93,92,
20. Aug. 2021 17:30,246,120,126,
20. Aug. 2021 17:45,243,104,139,
20. Aug. 2021 18:00,220,102,118,
20. Aug. 2021 18:15,208,96,112,
20. Aug. 2021 18:30,178,91,87,
20. Aug. 2021 18:45,187,87,100,
20. Aug. 2021 19:00,177,87,90,
20. Aug. 2021 19:15,181,84,97,
20. Aug. 2021 19:30,154,77,77,
20. Aug. 2021 19:45,149,75,74,
20. Aug. 2021 20:00,154,72,82,
20. Aug. 2021 20:15,126,50,76,
20. Aug. 2021 20:30,117,58,59,
20. Aug. 2021 20:45,109,61,48,
20. Aug. 2021 21:00,97,43,54,
20. Aug. 2021 21:15,94,32,62,
20. Aug. 2021 21:30,81,38,43,
20. Aug. 2021 21:45,109,47,62,
20. Aug. 2021 22:00,57,26,31,
20. Aug. 2021 22:15,71,31,40,
20. Aug. 2021 22:30,59,19,40,
20. Aug. 2021 22:45,66,23,43,
20. Aug. 2021 23:00,66,26,40,
20. Aug. 2021 23:15,47,18,29,
20. Aug. 2021 23:30,60,26,34,
20. Aug. 2021 23:45,51,19,32,
21. Aug. 2021 00:00,48,26,22,
21. Aug. 2021 00:15,58,23,35,
21. Aug. 2021 00:30,36,12,24,
21. Aug. 2021 00:45,39,6,33,
21. Aug. 2021 01:00,27,11,16,
21. Aug. 2021 01:15,34,6,28,
21. Aug. 2021 01:30,24,7,17,
21. Aug. 2021 01:45,28,11,17,
21. Aug. 2021 02:00,30,5,25,
21. Aug. 2021 02:15,22,12,10,
21. Aug. 2021 02:30,6,5,1,
21. Aug. 2021 02:45,20,8,12,
21. Aug. 2021 03:00,17,8,9,
21. Aug. 2021 03:15,26,3,23,
21. Aug. 2021 03:30,14,2,12,
21. Aug. 2021 03:45,4,2,2,
21. Aug. 2021 04:00,10,6,4,
21. Aug. 2021 04:15,4,1,3,
21. Aug. 2021 04:30,14,4,10,
21. Aug. 2021 04:45,13,7,6,
21. Aug. 2021 05:00,4,4,0,
21. Aug. 2021 05:15,7,4,3,
21. Aug. 2021 05:30,12,5,7,
21. Aug. 2021 05:45,13,9,4,
21. Aug. 2021 06:00,11,8,3,
21. Aug. 2021 06:15,10,10,0,
21. Aug. 2021 06:30,27,17,10,
21. Aug. 2021 06:45,20,14,6,
21. Aug. 2021 07:00,9,3,6,
21. Aug. 2021 07:15,22,13,9,
21. Aug. 2021 07:30,24,9,15,
21. Aug. 2021 07:45,32,20,12,
21. Aug. 2021 08:00,29,18,11,
21. Aug. 2021 08:15,69,45,24,
21. Aug. 2021 08:30,73,42,31,
21. Aug. 2021 08:45,88,52,36,
21. Aug. 2021 09:00,97,56,41,
21. Aug. 2021 09:15,103,51,52,
21. Aug. 2021 09:30,119,75,44,
21. Aug. 2021 09:45,133,71,62,
21. Aug. 2021 10:00,163,78,85,
21. Aug. 2021 10:15,153,69,84,
21. Aug. 2021 10:30,157,98,59,
21. Aug. 2021 10:45,173,103,70,
21. Aug. 2021 11:00,151,82,69,
21. Aug. 2021 11:15,181,91,90,
21. Aug. 2021 11:30,179,92,87,
21. Aug. 2021 11:45,181,106,75,
21. Aug. 2021 12:00,179,93,86,
21. Aug. 2021 12:15,167,89,78,
21. Aug. 2021 12:30,205,118,87,
21. Aug. 2021 12:45,158,76,82,
21. Aug. 2021 13:00,189,99,90,
21. Aug. 2021 13:15,182,80,102,
21. Aug. 2021 13:30,153,84,69,
21. Aug. 2021 13:45,163,68,95,
21. Aug. 2021 14:00,190,101,89,
21. Aug. 2021 14:15,194,89,105,
21. Aug. 2021 14:30,187,91,96,
21. Aug. 2021 14:45,221,101,120,
21. Aug. 2021 15:00,219,92,127,
21. Aug. 2021 15:15,208,106,102,
21. Aug. 2021 15:30,175,87,88,
21. Aug. 2021 15:45,171,79,92,
21. Aug. 2021 16:00,163,68,95,
21. Aug. 2021 16:15,158,69,89,
21. Aug. 2021 16:30,195,101,94,
21. Aug. 2021 16:45,169,84,85,
21. Aug. 2021 17:00,180,90,90,
21. Aug. 2021 17:15,146,70,76,
21. Aug. 2021 17:30,178,82,96,
21. Aug. 2021 17:45,218,100,118,
21. Aug. 2021 18:00,197,111,86,
21. Aug. 2021 18:15,209,91,118,
21. Aug. 2021 18:30,158,89,69,
21. Aug. 2021 18:45,166,67,99,
21. Aug. 2021 19:00,152,52,100,
21. Aug. 2021 19:15,168,80,88,
21. Aug. 2021 19:30,117,51,66,
21. Aug. 2021 19:45,161,92,69,
21. Aug. 2021 20:00,145,81,64,
21. Aug. 2021 20:15,121,53,68,
21. Aug. 2021 20:30,148,82,66,
21. Aug. 2021 20:45,87,50,37,
21. Aug. 2021 21:00,105,53,52,
21. Aug. 2021 21:15,106,56,50,
21. Aug. 2021 21:30,79,33,46,
21. Aug. 2021 21:45,73,41,32,
21. Aug. 2021 22:00,61,35,26,
21. Aug. 2021 22:15,68,42,26,
21. Aug. 2021 22:30,68,21,47,
21. Aug. 2021 22:45,71,30,41,
21. Aug. 2021 23:00,58,19,39,
21. Aug. 2021 23:15,47,22,25,
21. Aug. 2021 23:30,53,19,34,
21. Aug. 2021 23:45,39,18,21,
22. Aug. 2021 00:00,75,25,50,
22. Aug. 2021 00:15,43,6,37,
22. Aug. 2021 00:30,51,15,36,
22. Aug. 2021 00:45,20,3,17,
22. Aug. 2021 01:00,35,7,28,
22. Aug. 2021 01:15,28,5,23,
22. Aug. 2021 01:30,34,6,28,
22. Aug. 2021 01:45,24,6,18,
22. Aug. 2021 02:00,25,8,17,
22. Aug. 2021 02:15,30,9,21,
22. Aug. 2021 02:30,21,6,15,
22. Aug. 2021 02:45,27,9,18,
22. Aug. 2021 03:00,28,11,17,
22. Aug. 2021 03:15,16,10,6,
22. Aug. 2021 03:30,11,2,9,
22. Aug. 2021 03:45,11,3,8,
22. Aug. 2021 04:00,11,3,8,
22. Aug. 2021 04:15,5,0,5,
22. Aug. 2021 04:30,15,8,7,
22. Aug. 2021 04:45,4,0,4,
22. Aug. 2021 05:00,6,3,3,
22. Aug. 2021 05:15,5,2,3,
22. Aug. 2021 05:30,24,5,19,
22. Aug. 2021 05:45,13,4,9,
22. Aug. 2021 06:00,6,4,2,
22. Aug. 2021 06:15,9,6,3,
22. Aug. 2021 06:30,7,2,5,
22. Aug. 2021 06:45,9,4,5,
22. Aug. 2021 07:00,11,4,7,
22. Aug. 2021 07:15,9,4,5,
22. Aug. 2021 07:30,10,4,6,
22. Aug. 2021 07:45,19,5,14,
22. Aug. 2021 08:00,21,11,10,
22. Aug. 2021 08:15,18,11,7,
22. Aug. 2021 08:30,19,10,9,
22. Aug. 2021 08:45,37,30,7,
22. Aug. 2021 09:00,21,9,12,
22. Aug. 2021 09:15,36,22,14,
22. Aug. 2021 09:30,28,13,15,
22. Aug. 2021 09:45,64,37,27,
22. Aug. 2021 10:00,54,26,28,
22. Aug. 2021 10:15,55,22,33,
22. Aug. 2021 10:30,70,36,34,
22. Aug. 2021 10:45,77,50,27,
22. Aug. 2021 11:00,54,29,25,
22. Aug. 2021 11:15,86,38,48,
22. Aug. 2021 11:30,70,44,26,
22. Aug. 2021 11:45,80,55,25,
22. Aug. 2021 12:00,84,40,44,
22. Aug. 2021 12:15,96,47,49,
22. Aug. 2021 12:30,86,36,50,
22. Aug. 2021 12:45,65,28,37,
22. Aug. 2021 13:00,33,23,10,
22. Aug. 2021 13:15,45,20,25,
22. Aug. 2021 13:30,41,23,18,
22. Aug. 2021 13:45,57,26,31,
22. Aug. 2021 14:00,51,18,33,
22. Aug. 2021 14:15,59,31,28,
22. Aug. 2021 14:30,67,38,29,
22. Aug. 2021 14:45,53,29,24,
22. Aug. 2021 15:00,37,17,20,
22. Aug. 2021 15:15,54,30,24,
22. Aug. 2021 15:30,54,26,28,
22. Aug. 2021 15:45,68,38,30,
22. Aug. 2021 16:00,63,26,37,
22. Aug. 2021 16:15,72,32,40,
22. Aug. 2021 16:30,51,26,25,
22. Aug. 2021 16:45,70,39,31,
22. Aug. 2021 17:00,74,36,38,
22. Aug. 2021 17:15,68,34,34,
22. Aug. 2021 17:30,81,41,40,
22. Aug. 2021 17:45,52,28,24,
22. Aug. 2021 18:00,52,28,24,
22. Aug. 2021 18:15,69,34,35,
22. Aug. 2021 18:30,54,26,28,
22. Aug. 2021 18:45,48,23,25,
22. Aug. 2021 19:00,55,30,25,
22. Aug. 2021 19:15,51,18,33,
22. Aug. 2021 19:30,58,30,28,
22. Aug. 2021 19:45,48,23,25,
22. Aug. 2021 20:00,66,27,39,
22. Aug. 2021 20:15,54,19,35,
22. Aug. 2021 20:30,25,10,15,
22. Aug. 2021 20:45,28,16,12,
22. Aug. 2021 21:00,29,9,20,
22. Aug. 2021 21:15,31,9,22,
22. Aug. 2021 21:30,22,10,12,
22. Aug. 2021 21:45,41,26,15,
22. Aug. 2021 22:00,26,8,18,
22. Aug. 2021 22:15,18,8,10,
22. Aug. 2021 22:30,21,6,15,
22. Aug. 2021 22:45,13,8,5,
22. Aug. 2021 23:00,12,9,3,
22. Aug. 2021 23:15,11,4,7,
22. Aug. 2021 23:30,8,4,4,
22. Aug. 2021 23:45,12,2,10,
23. Aug. 2021 00:00,6,0,6,
23. Aug. 2021 00:15,9,6,3,
23. Aug. 2021 00:30,15,5,10,
23. Aug. 2021 00:45,8,3,5,
23. Aug. 2021 01:00,5,1,4,
23. Aug. 2021 01:15,0,0,0,
23. Aug. 2021 01:30,6,1,5,
23. Aug. 2021 01:45,2,1,1,
23. Aug. 2021 02:00,1,0,1,
23. Aug. 2021 02:15,2,0,2,
23. Aug. 2021 02:30,1,0,1,
23. Aug. 2021 02:45,3,0,3,
23. Aug. 2021 03:00,10,5,5,
23. Aug. 2021 03:15,5,4,1,
23. Aug. 2021 03:30,2,1,1,
23. Aug. 2021 03:45,3,2,1,
23. Aug. 2021 04:00,1,1,0,
23. Aug. 2021 04:15,1,0,1,
23. Aug. 2021 04:30,3,1,2,
23. Aug. 2021 04:45,7,3,4,
23. Aug. 2021 05:00,5,3,2,
23. Aug. 2021 05:15,7,4,3,
23. Aug. 2021 05:30,13,7,6,
23. Aug. 2021 05:45,22,15,7,
23. Aug. 2021 06:00,28,16,12,
23. Aug. 2021 06:15,30,21,9,
23. Aug. 2021 06:30,42,33,9,
23. Aug. 2021 06:45,61,41,20,
23. Aug. 2021 07:00,65,34,31,
23. Aug. 2021 07:15,71,41,30,
23. Aug. 2021 07:30,79,50,29,
23. Aug. 2021 07:45,134,76,58,
23. Aug. 2021 08:00,104,59,45,
23. Aug. 2021 08:15,127,77,50,
23. Aug. 2021 08:30,116,63,53,
23. Aug. 2021 08:45,151,97,54,
23. Aug. 2021 09:00,100,58,42,
23. Aug. 2021 09:15,119,71,48,
23. Aug. 2021 09:30,109,71,38,
23. Aug. 2021 09:45,131,78,53,
23. Aug. 2021 10:00,124,67,57,
23. Aug. 2021 10:15,149,79,70,
23. Aug. 2021 10:30,124,69,55,
23. Aug. 2021 10:45,122,62,60,
23. Aug. 2021 11:00,152,86,66,
23. Aug. 2021 11:15,160,83,77,
23. Aug. 2021 11:30,195,79,116,
23. Aug. 2021 11:45,159,89,70,
23. Aug. 2021 12:00,171,91,80,
23. Aug. 2021 12:15,162,88,74,
23. Aug. 2021 12:30,182,91,91,
23. Aug. 2021 12:45,149,78,71,
23. Aug. 2021 13:00,169,67,102,
23. Aug. 2021 13:15,172,77,95,
23. Aug. 2021 13:30,181,94,87,
23. Aug. 2021 13:45,202,106,96,
23. Aug. 2021 14:00,149,71,78,
23. Aug. 2021 14:15,158,80,78,
23. Aug. 2021 14:30,201,103,98,
23. Aug. 2021 14:45,193,95,98,
23. Aug. 2021 15:00,168,89,79,
23. Aug. 2021 15:15,159,88,71,
23. Aug. 2021 15:30,174,89,85,
23. Aug. 2021 15:45,200,99,101,
23. Aug. 2021 16:00,190,87,103,
23. Aug. 2021 16:15,196,95,101,
23. Aug. 2021 16:30,204,92,112,
23. Aug. 2021 16:45,226,107,119,
23. Aug. 2021 17:00,230,118,112,
23. Aug. 2021 17:15,203,78,125,
23. Aug. 2021 17:30,234,86,148,
23. Aug. 2021 17:45,237,106,131,
23. Aug. 2021 18:00,242,100,142,
23. Aug. 2021 18:15,196,85,111,
23. Aug. 2021 18:30,202,95,107,
23. Aug. 2021 18:45,154,65,89,
23. Aug. 2021 19:00,171,51,120,
23. Aug. 2021 19:15,177,78,99,
23. Aug. 2021 19:30,101,59,42,
23. Aug. 2021 19:45,99,48,51,
23. Aug. 2021 20:00,105,40,65,
23. Aug. 2021 20:15,111,41,70,
23. Aug. 2021 20:30,87,40,47,
23. Aug. 2021 20:45,100,43,57,
23. Aug. 2021 21:00,86,34,52,
23. Aug. 2021 21:15,63,30,33,
23. Aug. 2021 21:30,58,25,33,
23. Aug. 2021 21:45,55,35,20,
23. Aug. 2021 22:00,44,19,25,
23. Aug. 2021 22:15,53,19,34,
23. Aug. 2021 22:30,58,30,28,
23. Aug. 2021 22:45,39,16,23,
23. Aug. 2021 23:00,18,9,9,
23. Aug. 2021 23:15,22,6,16,
23. Aug. 2021 23:30,21,9,12,
23. Aug. 2021 23:45,24,7,17,
24. Aug. 2021 00:00,28,10,18,
24. Aug. 2021 00:15,15,3,12,
24. Aug. 2021 00:30,17,7,10,
24. Aug. 2021 00:45,23,7,16,
24. Aug. 2021 01:00,20,3,17,
24. Aug. 2021 01:15,20,4,16,
24. Aug. 2021 01:30,1,1,0,
24. Aug. 2021 01:45,7,1,6,
24. Aug. 2021 02:00,7,5,2,
24. Aug. 2021 02:15,5,0,5,
24. Aug. 2021 02:30,5,1,4,
24. Aug. 2021 02:45,6,2,4,
24. Aug. 2021 03:00,5,3,2,
24. Aug. 2021 03:15,3,2,1,
24. Aug. 2021 03:30,1,0,1,
24. Aug. 2021 03:45,1,0,1,
24. Aug. 2021 04:00,3,1,2,
24. Aug. 2021 04:15,3,1,2,
24. Aug. 2021 04:30,3,2,1,
24. Aug. 2021 04:45,6,5,1,
24. Aug. 2021 05:00,2,2,0,
24. Aug. 2021 05:15,8,3,5,
24. Aug. 2021 05:30,10,4,6,
24. Aug. 2021 05:45,29,18,11,
24. Aug. 2021 06:00,26,14,12,
24. Aug. 2021 06:15,34,26,8,
24. Aug. 2021 06:30,50,34,16,
24. Aug. 2021 06:45,76,51,25,
24. Aug. 2021 07:00,68,39,29,
24. Aug. 2021 07:15,80,45,35,
24. Aug. 2021 07:30,89,49,40,
24. Aug. 2021 07:45,128,81,47,
24. Aug. 2021 08:00,105,66,39,
24. Aug. 2021 08:15,139,76,63,
24. Aug. 2021 08:30,131,81,50,
24. Aug. 2021 08:45,159,102,57,
24. Aug. 2021 09:00,101,61,40,
24. Aug. 2021 09:15,129,55,74,
24. Aug. 2021 09:30,107,65,42,
24. Aug. 2021 09:45,151,86,65,
24. Aug. 2021 10:00,144,78,66,
24. Aug. 2021 10:15,146,82,64,
24. Aug. 2021 10:30,138,82,56,
24. Aug. 2021 10:45,154,91,63,
24. Aug. 2021 11:00,162,88,74,
24. Aug. 2021 11:15,157,69,88,
24. Aug. 2021 11:30,151,78,73,
24. Aug. 2021 11:45,185,86,99,
24. Aug. 2021 12:00,154,84,70,
24. Aug. 2021 12:15,168,55,113,
24. Aug. 2021 12:30,140,72,68,
24. Aug. 2021 12:45,166,71,95,
24. Aug. 2021 13:00,143,59,84,
24. Aug. 2021 13:15,148,67,81,
24. Aug. 2021 13:30,145,81,64,
24. Aug. 2021 13:45,173,90,83,
24. Aug. 2021 14:00,211,119,92,
24. Aug. 2021 14:15,137,71,66,
24. Aug. 2021 14:30,195,105,90,
24. Aug. 2021 14:45,203,110,93,
24. Aug. 2021 15:00,178,87,91,
24. Aug. 2021 15:15,175,95,80,
24. Aug. 2021 15:30,162,70,92,
24. Aug. 2021 15:45,175,71,104,
24. Aug. 2021 16:00,185,89,96,
24. Aug. 2021 16:15,224,105,119,
24. Aug. 2021 16:30,209,111,98,
24. Aug. 2021 16:45,188,94,94,
24. Aug. 2021 17:00,227,103,124,
24. Aug. 2021 17:15,196,94,102,
24. Aug. 2021 17:30,196,82,114,
24. Aug. 2021 17:45,209,94,115,
24. Aug. 2021 18:00,197,82,115,
24. Aug. 2021 18:15,214,112,102,
24. Aug. 2021 18:30,169,68,101,
24. Aug. 2021 18:45,199,91,108,
24. Aug. 2021 19:00,162,74,88,
24. Aug. 2021 19:15,136,61,75,
24. Aug. 2021 19:30,152,75,77,
24. Aug. 2021 19:45,125,49,76,
24. Aug. 2021 20:00,110,55,55,
24. Aug. 2021 20:15,108,50,58,
24. Aug. 2021 20:30,91,47,44,
24. Aug. 2021 20:45,83,42,41,
24. Aug. 2021 21:00,83,40,43,
24. Aug. 2021 21:15,73,24,49,
24. Aug. 2021 21:30,59,25,34,
24. Aug. 2021 21:45,58,21,37,
24. Aug. 2021 22:00,45,10,35,
24. Aug. 2021 22:15,60,20,40,
24. Aug. 2021 22:30,49,19,30,
24. Aug. 2021 22:45,34,4,30,
24. Aug. 2021 23:00,35,5,30,
24. Aug. 2021 23:15,26,12,14,
24. Aug. 2021 23:30,20,5,15,
24. Aug. 2021 23:45,29,7,22,
25. Aug. 2021 00:00,18,5,13,
25. Aug. 2021 00:15,19,8,11,
25. Aug. 2021 00:30,19,7,12,
25. Aug. 2021 00:45,10,8,2,
25. Aug. 2021 01:00,17,7,10,
25. Aug. 2021 01:15,19,7,12,
25. Aug. 2021 01:30,8,3,5,
25. Aug. 2021 01:45,13,4,9,
25. Aug. 2021 02:00,8,1,7,
25. Aug. 2021 02:15,10,5,5,
25. Aug. 2021 02:30,0,0,0,
25. Aug. 2021 02:45,3,3,0,
25. Aug. 2021 03:00,1,0,1,
25. Aug. 2021 03:15,3,2,1,
25. Aug. 2021 03:30,2,1,1,
25. Aug. 2021 03:45,4,3,1,
25. Aug. 2021 04:00,3,2,1,
25. Aug. 2021 04:15,1,0,1,
25. Aug. 2021 04:30,8,6,2,
25. Aug. 2021 04:45,4,1,3,
25. Aug. 2021 05:00,2,2,0,
25. Aug. 2021 05:15,9,4,5,
25. Aug. 2021 05:30,14,10,4,
25. Aug. 2021 05:45,28,18,10,
25. Aug. 2021 06:00,23,16,7,
25. Aug. 2021 06:15,43,30,13,
25. Aug. 2021 06:30,42,31,11,
25. Aug. 2021 06:45,74,48,26,
25. Aug. 2021 07:00,60,34,26,
25. Aug. 2021 07:15,79,43,36,
25. Aug. 2021 07:30,91,49,42,
25. Aug. 2021 07:45,137,69,68,
25. Aug. 2021 08:00,100,61,39,
25. Aug. 2021 08:15,121,71,50,
25. Aug. 2021 08:30,124,76,48,
25. Aug. 2021 08:45,139,85,54,
25. Aug. 2021 09:00,120,76,44,
25. Aug. 2021 09:15,120,62,58,
25. Aug. 2021 09:30,118,81,37,
25. Aug. 2021 09:45,130,80,50,
25. Aug. 2021 10:00,123,71,52,
25. Aug. 2021 10:15,105,60,45,
25. Aug. 2021 10:30,98,57,41,
25. Aug. 2021 10:45,157,97,60,
25. Aug. 2021 11:00,174,106,68,
25. Aug. 2021 11:15,136,63,73,
25. Aug. 2021 11:30,85,47,38,
25. Aug. 2021 11:45,0,0,0,
25. Aug. 2021 12:00,0,0,0,
25. Aug. 2021 12:15,0,0,0,
25. Aug. 2021 12:30,0,0,0,
25. Aug. 2021 12:45,0,0,0,
25. Aug. 2021 13:00,0,0,0,
25. Aug. 2021 13:15,0,0,0,
25. Aug. 2021 13:30,0,0,0,
25. Aug. 2021 13:45,0,0,0,
25. Aug. 2021 14:00,0,0,0,
25. Aug. 2021 14:15,0,0,0,
25. Aug. 2021 14:30,0,0,0,
25. Aug. 2021 14:45,0,0,0,
25. Aug. 2021 15:00,0,0,0,
25. Aug. 2021 15:15,0,0,0,
25. Aug. 2021 15:30,0,0,0,
25. Aug. 2021 15:45,0,0,0,
25. Aug. 2021 16:00,0,0,0,
25. Aug. 2021 16:15,0,0,0,
25. Aug. 2021 16:30,0,0,0,
25. Aug. 2021 16:45,0,0,0,
25. Aug. 2021 17:00,0,0,0,
25. Aug. 2021 17:15,0,0,0,
25. Aug. 2021 17:30,0,0,0,
25. Aug. 2021 17:45,0,0,0,
25. Aug. 2021 18:00,0,0,0,
25. Aug. 2021 18:15,0,0,0,
25. Aug. 2021 18:30,0,0,0,
25. Aug. 2021 18:45,0,0,0,
25. Aug. 2021 19:00,0,0,0,
25. Aug. 2021 19:15,0,0,0,
25. Aug. 2021 19:30,0,0,0,
25. Aug. 2021 19:45,0,0,0,
25. Aug. 2021 20:00,0,0,0,
25. Aug. 2021 20:15,0,0,0,
25. Aug. 2021 20:30,0,0,0,
25. Aug. 2021 20:45,0,0,0,
25. Aug. 2021 21:00,0,0,0,
25. Aug. 2021 21:15,0,0,0,
25. Aug. 2021 21:30,0,0,0,
25. Aug. 2021 21:45,0,0,0,
25. Aug. 2021 22:00,0,0,0,
25. Aug. 2021 22:15,0,0,0,
25. Aug. 2021 22:30,0,0,0,
25. Aug. 2021 22:45,0,0,0,
25. Aug. 2021 23:00,0,0,0,
25. Aug. 2021 23:15,0,0,0,
25. Aug. 2021 23:30,0,0,0,
25. Aug. 2021 23:45,0,0,0,
26. Aug. 2021 00:00,0,0,0,
26. Aug. 2021 00:15,0,0,0,
26. Aug. 2021 00:30,0,0,0,
26. Aug. 2021 00:45,0,0,0,
26. Aug. 2021 01:00,0,0,0,
26. Aug. 2021 01:15,0,0,0,
26. Aug. 2021 01:30,0,0,0,
26. Aug. 2021 01:45,0,0,0,
26. Aug. 2021 02:00,0,0,0,
26. Aug. 2021 02:15,0,0,0,
26. Aug. 2021 02:30,0,0,0,
26. Aug. 2021 02:45,0,0,0,
26. Aug. 2021 03:00,0,0,0,
26. Aug. 2021 03:15,0,0,0,
26. Aug. 2021 03:30,0,0,0,
26. Aug. 2021 03:45,0,0,0,
26. Aug. 2021 04:00,0,0,0,
26. Aug. 2021 04:15,0,0,0,
26. Aug. 2021 04:30,0,0,0,
26. Aug. 2021 04:45,0,0,0,
26. Aug. 2021 05:00,0,0,0,
26. Aug. 2021 05:15,0,0,0,
26. Aug. 2021 05:30,0,0,0,
26. Aug. 2021 05:45,0,0,0,
26. Aug. 2021 06:00,0,0,0,
26. Aug. 2021 06:15,0,0,0,
26. Aug. 2021 06:30,0,0,0,
26. Aug. 2021 06:45,0,0,0,
26. Aug. 2021 07:00,0,0,0,
26. Aug. 2021 07:15,0,0,0,
26. Aug. 2021 07:30,0,0,0,
26. Aug. 2021 07:45,0,0,0,
26. Aug. 2021 08:00,0,0,0,
26. Aug. 2021 08:15,0,0,0,
26. Aug. 2021 08:30,0,0,0,
26. Aug. 2021 08:45,0,0,0,
26. Aug. 2021 09:00,0,0,0,
26. Aug. 2021 09:15,0,0,0,
26. Aug. 2021 09:30,0,0,0,
26. Aug. 2021 09:45,0,0,0,
26. Aug. 2021 10:00,0,0,0,
26. Aug. 2021 10:15,0,0,0,
26. Aug. 2021 10:30,0,0,0,
26. Aug. 2021 10:45,0,0,0,
26. Aug. 2021 11:00,0,0,0,
26. Aug. 2021 11:15,0,0,0,
26. Aug. 2021 11:30,0,0,0,
26. Aug. 2021 11:45,0,0,0,
26. Aug. 2021 12:00,0,0,0,
26. Aug. 2021 12:15,0,0,0,
26. Aug. 2021 12:30,0,0,0,
26. Aug. 2021 12:45,0,0,0,
26. Aug. 2021 13:00,0,0,0,
26. Aug. 2021 13:15,0,0,0,
26. Aug. 2021 13:30,0,0,0,
26. Aug. 2021 13:45,0,0,0,
26. Aug. 2021 14:00,0,0,0,
26. Aug. 2021 14:15,0,0,0,
26. Aug. 2021 14:30,0,0,0,
26. Aug. 2021 14:45,0,0,0,
26. Aug. 2021 15:00,0,0,0,
26. Aug. 2021 15:15,0,0,0,
26. Aug. 2021 15:30,0,0,0,
26. Aug. 2021 15:45,0,0,0,
26. Aug. 2021 16:00,0,0,0,
26. Aug. 2021 16:15,0,0,0,
26. Aug. 2021 16:30,0,0,0,
26. Aug. 2021 16:45,0,0,0,
26. Aug. 2021 17:00,0,0,0,
26. Aug. 2021 17:15,0,0,0,
26. Aug. 2021 17:30,0,0,0,
26. Aug. 2021 17:45,0,0,0,
26. Aug. 2021 18:00,0,0,0,
26. Aug. 2021 18:15,0,0,0,
26. Aug. 2021 18:30,0,0,0,
26. Aug. 2021 18:45,0,0,0,
26. Aug. 2021 19:00,0,0,0,
26. Aug. 2021 19:15,0,0,0,
26. Aug. 2021 19:30,0,0,0,
26. Aug. 2021 19:45,0,0,0,
26. Aug. 2021 20:00,0,0,0,
26. Aug. 2021 20:15,0,0,0,
26. Aug. 2021 20:30,0,0,0,
26. Aug. 2021 20:45,0,0,0,
26. Aug. 2021 21:00,0,0,0,
26. Aug. 2021 21:15,0,0,0,
26. Aug. 2021 21:30,0,0,0,
26. Aug. 2021 21:45,0,0,0,
26. Aug. 2021 22:00,0,0,0,
26. Aug. 2021 22:15,0,0,0,
26. Aug. 2021 22:30,0,0,0,
26. Aug. 2021 22:45,0,0,0,
26. Aug. 2021 23:00,0,0,0,
26. Aug. 2021 23:15,0,0,0,
26. Aug. 2021 23:30,0,0,0,
26. Aug. 2021 23:45,0,0,0,
27. Aug. 2021 00:00,0,0,0,
27. Aug. 2021 00:15,0,0,0,
27. Aug. 2021 00:30,0,0,0,
27. Aug. 2021 00:45,0,0,0,
27. Aug. 2021 01:00,0,0,0,
27. Aug. 2021 01:15,0,0,0,
27. Aug. 2021 01:30,0,0,0,
27. Aug. 2021 01:45,0,0,0,
27. Aug. 2021 02:00,0,0,0,
27. Aug. 2021 02:15,0,0,0,
27. Aug. 2021 02:30,0,0,0,
27. Aug. 2021 02:45,0,0,0,
27. Aug. 2021 03:00,0,0,0,
27. Aug. 2021 03:15,0,0,0,
27. Aug. 2021 03:30,0,0,0,
27. Aug. 2021 03:45,0,0,0,
27. Aug. 2021 04:00,0,0,0,
27. Aug. 2021 04:15,0,0,0,
27. Aug. 2021 04:30,0,0,0,
27. Aug. 2021 04:45,0,0,0,
27. Aug. 2021 05:00,0,0,0,
27. Aug. 2021 05:15,0,0,0,
27. Aug. 2021 05:30,0,0,0,
27. Aug. 2021 05:45,0,0,0,
27. Aug. 2021 06:00,0,0,0,
27. Aug. 2021 06:15,0,0,0,
27. Aug. 2021 06:30,0,0,0,
27. Aug. 2021 06:45,0,0,0,
27. Aug. 2021 07:00,0,0,0,
27. Aug. 2021 07:15,0,0,0,
27. Aug. 2021 07:30,0,0,0,
27. Aug. 2021 07:45,0,0,0,
27. Aug. 2021 08:00,0,0,0,
27. Aug. 2021 08:15,0,0,0,
27. Aug. 2021 08:30,0,0,0,
27. Aug. 2021 08:45,0,0,0,
27. Aug. 2021 09:00,0,0,0,
27. Aug. 2021 09:15,0,0,0,
27. Aug. 2021 09:30,0,0,0,
27. Aug. 2021 09:45,0,0,0,
27. Aug. 2021 10:00,0,0,0,
27. Aug. 2021 10:15,0,0,0,
27. Aug. 2021 10:30,0,0,0,
27. Aug. 2021 10:45,0,0,0,
27. Aug. 2021 11:00,0,0,0,
27. Aug. 2021 11:15,0,0,0,
27. Aug. 2021 11:30,0,0,0,
27. Aug. 2021 11:45,0,0,0,
27. Aug. 2021 12:00,0,0,0,
27. Aug. 2021 12:15,0,0,0,
27. Aug. 2021 12:30,0,0,0,
27. Aug. 2021 12:45,0,0,0,
27. Aug. 2021 13:00,0,0,0,
27. Aug. 2021 13:15,0,0,0,
27. Aug. 2021 13:30,0,0,0,
27. Aug. 2021 13:45,0,0,0,
27. Aug. 2021 14:00,0,0,0,
27. Aug. 2021 14:15,0,0,0,
27. Aug. 2021 14:30,0,0,0,
27. Aug. 2021 14:45,0,0,0,
27. Aug. 2021 15:00,0,0,0,
27. Aug. 2021 15:15,0,0,0,
27. Aug. 2021 15:30,0,0,0,
27. Aug. 2021 15:45,0,0,0,
27. Aug. 2021 16:00,0,0,0,
27. Aug. 2021 16:15,0,0,0,
27. Aug. 2021 16:30,0,0,0,
27. Aug. 2021 16:45,0,0,0,
27. Aug. 2021 17:00,0,0,0,
27. Aug. 2021 17:15,0,0,0,
27. Aug. 2021 17:30,0,0,0,
27. Aug. 2021 17:45,0,0,0,
27. Aug. 2021 18:00,0,0,0,
27. Aug. 2021 18:15,0,0,0,
27. Aug. 2021 18:30,0,0,0,
27. Aug. 2021 18:45,0,0,0,
27. Aug. 2021 19:00,0,0,0,
27. Aug. 2021 19:15,0,0,0,
27. Aug. 2021 19:30,0,0,0,
27. Aug. 2021 19:45,0,0,0,
27. Aug. 2021 20:00,0,0,0,
27. Aug. 2021 20:15,0,0,0,
27. Aug. 2021 20:30,0,0,0,
27. Aug. 2021 20:45,0,0,0,
27. Aug. 2021 21:00,0,0,0,
27. Aug. 2021 21:15,0,0,0,
27. Aug. 2021 21:30,0,0,0,
27. Aug. 2021 21:45,0,0,0,
27. Aug. 2021 22:00,0,0,0,
27. Aug. 2021 22:15,0,0,0,
27. Aug. 2021 22:30,0,0,0,
27. Aug. 2021 22:45,0,0,0,
27. Aug. 2021 23:00,0,0,0,
27. Aug. 2021 23:15,0,0,0,
27. Aug. 2021 23:30,0,0,0,
27. Aug. 2021 23:45,0,0,0,
28. Aug. 2021 00:00,0,0,0,
28. Aug. 2021 00:15,0,0,0,
28. Aug. 2021 00:30,0,0,0,
28. Aug. 2021 00:45,0,0,0,
28. Aug. 2021 01:00,0,0,0,
28. Aug. 2021 01:15,0,0,0,
28. Aug. 2021 01:30,0,0,0,
28. Aug. 2021 01:45,0,0,0,
28. Aug. 2021 02:00,0,0,0,
28. Aug. 2021 02:15,0,0,0,
28. Aug. 2021 02:30,0,0,0,
28. Aug. 2021 02:45,0,0,0,
28. Aug. 2021 03:00,0,0,0,
28. Aug. 2021 03:15,0,0,0,
28. Aug. 2021 03:30,0,0,0,
28. Aug. 2021 03:45,0,0,0,
28. Aug. 2021 04:00,0,0,0,
28. Aug. 2021 04:15,0,0,0,
28. Aug. 2021 04:30,0,0,0,
28. Aug. 2021 04:45,0,0,0,
28. Aug. 2021 05:00,0,0,0,
28. Aug. 2021 05:15,0,0,0,
28. Aug. 2021 05:30,0,0,0,
28. Aug. 2021 05:45,0,0,0,
28. Aug. 2021 06:00,0,0,0,
28. Aug. 2021 06:15,0,0,0,
28. Aug. 2021 06:30,0,0,0,
28. Aug. 2021 06:45,0,0,0,
28. Aug. 2021 07:00,0,0,0,
28. Aug. 2021 07:15,0,0,0,
28. Aug. 2021 07:30,0,0,0,
28. Aug. 2021 07:45,0,0,0,
28. Aug. 2021 08:00,0,0,0,
28. Aug. 2021 08:15,0,0,0,
28. Aug. 2021 08:30,0,0,0,
28. Aug. 2021 08:45,0,0,0,
28. Aug. 2021 09:00,0,0,0,
28. Aug. 2021 09:15,0,0,0,
28. Aug. 2021 09:30,0,0,0,
28. Aug. 2021 09:45,0,0,0,
28. Aug. 2021 10:00,0,0,0,
28. Aug. 2021 10:15,0,0,0,
28. Aug. 2021 10:30,0,0,0,
28. Aug. 2021 10:45,0,0,0,
28. Aug. 2021 11:00,0,0,0,
28. Aug. 2021 11:15,0,0,0,
28. Aug. 2021 11:30,0,0,0,
28. Aug. 2021 11:45,0,0,0,
28. Aug. 2021 12:00,0,0,0,
28. Aug. 2021 12:15,0,0,0,
28. Aug. 2021 12:30,0,0,0,
28. Aug. 2021 12:45,0,0,0,
28. Aug. 2021 13:00,0,0,0,
28. Aug. 2021 13:15,0,0,0,
28. Aug. 2021 13:30,0,0,0,
28. Aug. 2021 13:45,0,0,0,
28. Aug. 2021 14:00,0,0,0,
28. Aug. 2021 14:15,0,0,0,
28. Aug. 2021 14:30,0,0,0,
28. Aug. 2021 14:45,0,0,0,
28. Aug. 2021 15:00,0,0,0,
28. Aug. 2021 15:15,0,0,0,
28. Aug. 2021 15:30,0,0,0,
28. Aug. 2021 15:45,0,0,0,
28. Aug. 2021 16:00,0,0,0,
28. Aug. 2021 16:15,0,0,0,
28. Aug. 2021 16:30,0,0,0,
28. Aug. 2021 16:45,0,0,0,
28. Aug. 2021 17:00,0,0,0,
28. Aug. 2021 17:15,0,0,0,
28. Aug. 2021 17:30,0,0,0,
28. Aug. 2021 17:45,0,0,0,
28. Aug. 2021 18:00,0,0,0,
28. Aug. 2021 18:15,0,0,0,
28. Aug. 2021 18:30,0,0,0,
28. Aug. 2021 18:45,0,0,0,
28. Aug. 2021 19:00,0,0,0,
28. Aug. 2021 19:15,0,0,0,
28. Aug. 2021 19:30,0,0,0,
28. Aug. 2021 19:45,0,0,0,
28. Aug. 2021 20:00,0,0,0,
28. Aug. 2021 20:15,0,0,0,
28. Aug. 2021 20:30,0,0,0,
28. Aug. 2021 20:45,0,0,0,
28. Aug. 2021 21:00,0,0,0,
28. Aug. 2021 21:15,0,0,0,
28. Aug. 2021 21:30,0,0,0,
28. Aug. 2021 21:45,0,0,0,
28. Aug. 2021 22:00,0,0,0,
28. Aug. 2021 22:15,0,0,0,
28. Aug. 2021 22:30,0,0,0,
28. Aug. 2021 22:45,0,0,0,
28. Aug. 2021 23:00,0,0,0,
28. Aug. 2021 23:15,0,0,0,
28. Aug. 2021 23:30,0,0,0,
28. Aug. 2021 23:45,0,0,0,
29. Aug. 2021 00:00,0,0,0,
29. Aug. 2021 00:15,0,0,0,
29. Aug. 2021 00:30,0,0,0,
29. Aug. 2021 00:45,0,0,0,
29. Aug. 2021 01:00,0,0,0,
29. Aug. 2021 01:15,0,0,0,
29. Aug. 2021 01:30,0,0,0,
29. Aug. 2021 01:45,0,0,0,
29. Aug. 2021 02:00,0,0,0,
29. Aug. 2021 02:15,0,0,0,
29. Aug. 2021 02:30,0,0,0,
29. Aug. 2021 02:45,0,0,0,
29. Aug. 2021 03:00,0,0,0,
29. Aug. 2021 03:15,0,0,0,
29. Aug. 2021 03:30,0,0,0,
29. Aug. 2021 03:45,0,0,0,
29. Aug. 2021 04:00,0,0,0,
29. Aug. 2021 04:15,0,0,0,
29. Aug. 2021 04:30,0,0,0,
29. Aug. 2021 04:45,0,0,0,
29. Aug. 2021 05:00,0,0,0,
29. Aug. 2021 05:15,0,0,0,
29. Aug. 2021 05:30,0,0,0,
29. Aug. 2021 05:45,0,0,0,
29. Aug. 2021 06:00,0,0,0,
29. Aug. 2021 06:15,0,0,0,
29. Aug. 2021 06:30,0,0,0,
29. Aug. 2021 06:45,0,0,0,
29. Aug. 2021 07:00,0,0,0,
29. Aug. 2021 07:15,0,0,0,
29. Aug. 2021 07:30,0,0,0,
29. Aug. 2021 07:45,0,0,0,
29. Aug. 2021 08:00,0,0,0,
29. Aug. 2021 08:15,0,0,0,
29. Aug. 2021 08:30,0,0,0,
29. Aug. 2021 08:45,0,0,0,
29. Aug. 2021 09:00,0,0,0,
29. Aug. 2021 09:15,0,0,0,
29. Aug. 2021 09:30,0,0,0,
29. Aug. 2021 09:45,0,0,0,
29. Aug. 2021 10:00,0,0,0,
29. Aug. 2021 10:15,0,0,0,
29. Aug. 2021 10:30,0,0,0,
29. Aug. 2021 10:45,0,0,0,
29. Aug. 2021 11:00,0,0,0,
29. Aug. 2021 11:15,0,0,0,
29. Aug. 2021 11:30,0,0,0,
29. Aug. 2021 11:45,0,0,0,
29. Aug. 2021 12:00,0,0,0,
29. Aug. 2021 12:15,0,0,0,
29. Aug. 2021 12:30,0,0,0,
29. Aug. 2021 12:45,0,0,0,
29. Aug. 2021 13:00,0,0,0,
29. Aug. 2021 13:15,0,0,0,
29. Aug. 2021 13:30,0,0,0,
29. Aug. 2021 13:45,0,0,0,
29. Aug. 2021 14:00,0,0,0,
29. Aug. 2021 14:15,0,0,0,
29. Aug. 2021 14:30,0,0,0,
29. Aug. 2021 14:45,0,0,0,
29. Aug. 2021 15:00,0,0,0,
29. Aug. 2021 15:15,0,0,0,
29. Aug. 2021 15:30,0,0,0,
29. Aug. 2021 15:45,0,0,0,
29. Aug. 2021 16:00,0,0,0,
29. Aug. 2021 16:15,0,0,0,
29. Aug. 2021 16:30,0,0,0,
29. Aug. 2021 16:45,0,0,0,
29. Aug. 2021 17:00,0,0,0,
29. Aug. 2021 17:15,0,0,0,
29. Aug. 2021 17:30,0,0,0,
29. Aug. 2021 17:45,0,0,0,
29. Aug. 2021 18:00,0,0,0,
29. Aug. 2021 18:15,0,0,0,
29. Aug. 2021 18:30,0,0,0,
29. Aug. 2021 18:45,0,0,0,
29. Aug. 2021 19:00,0,0,0,
29. Aug. 2021 19:15,0,0,0,
29. Aug. 2021 19:30,0,0,0,
29. Aug. 2021 19:45,0,0,0,
29. Aug. 2021 20:00,0,0,0,
29. Aug. 2021 20:15,0,0,0,
29. Aug. 2021 20:30,0,0,0,
29. Aug. 2021 20:45,0,0,0,
29. Aug. 2021 21:00,0,0,0,
29. Aug. 2021 21:15,0,0,0,
29. Aug. 2021 21:30,0,0,0,
29. Aug. 2021 21:45,0,0,0,
29. Aug. 2021 22:00,0,0,0,
29. Aug. 2021 22:15,0,0,0,
29. Aug. 2021 22:30,0,0,0,
29. Aug. 2021 22:45,0,0,0,
29. Aug. 2021 23:00,0,0,0,
29. Aug. 2021 23:15,0,0,0,
29. Aug. 2021 23:30,0,0,0,
29. Aug. 2021 23:45,0,0,0,
30. Aug. 2021 00:00,0,0,0,
30. Aug. 2021 00:15,0,0,0,
30. Aug. 2021 00:30,0,0,0,
30. Aug. 2021 00:45,0,0,0,
30. Aug. 2021 01:00,0,0,0,
30. Aug. 2021 01:15,0,0,0,
30. Aug. 2021 01:30,0,0,0,
30. Aug. 2021 01:45,0,0,0,
30. Aug. 2021 02:00,0,0,0,
30. Aug. 2021 02:15,0,0,0,
30. Aug. 2021 02:30,0,0,0,
30. Aug. 2021 02:45,0,0,0,
30. Aug. 2021 03:00,0,0,0,
30. Aug. 2021 03:15,0,0,0,
30. Aug. 2021 03:30,0,0,0,
30. Aug. 2021 03:45,0,0,0,
30. Aug. 2021 04:00,0,0,0,
30. Aug. 2021 04:15,0,0,0,
30. Aug. 2021 04:30,0,0,0,
30. Aug. 2021 04:45,0,0,0,
30. Aug. 2021 05:00,0,0,0,
30. Aug. 2021 05:15,0,0,0,
30. Aug. 2021 05:30,0,0,0,
30. Aug. 2021 05:45,0,0,0,
30. Aug. 2021 06:00,0,0,0,
30. Aug. 2021 06:15,0,0,0,
30. Aug. 2021 06:30,0,0,0,
30. Aug. 2021 06:45,0,0,0,
30. Aug. 2021 07:00,0,0,0,
30. Aug. 2021 07:15,0,0,0,
30. Aug. 2021 07:30,0,0,0,
30. Aug. 2021 07:45,0,0,0,
30. Aug. 2021 08:00,0,0,0,
30. Aug. 2021 08:15,0,0,0,
30. Aug. 2021 08:30,0,0,0,
30. Aug. 2021 08:45,0,0,0,
30. Aug. 2021 09:00,0,0,0,
30. Aug. 2021 09:15,0,0,0,
30. Aug. 2021 09:30,0,0,0,
30. Aug. 2021 09:45,0,0,0,
30. Aug. 2021 10:00,0,0,0,
30. Aug. 2021 10:15,0,0,0,
30. Aug. 2021 10:30,0,0,0,
30. Aug. 2021 10:45,0,0,0,
30. Aug. 2021 11:00,0,0,0,
30. Aug. 2021 11:15,0,0,0,
30. Aug. 2021 11:30,0,0,0,
30. Aug. 2021 11:45,0,0,0,
30. Aug. 2021 12:00,0,0,0,
30. Aug. 2021 12:15,0,0,0,
30. Aug. 2021 12:30,0,0,0,
30. Aug. 2021 12:45,0,0,0,
30. Aug. 2021 13:00,0,0,0,
30. Aug. 2021 13:15,0,0,0,
30. Aug. 2021 13:30,0,0,0,
30. Aug. 2021 13:45,0,0,0,
30. Aug. 2021 14:00,0,0,0,
30. Aug. 2021 14:15,0,0,0,
30. Aug. 2021 14:30,0,0,0,
30. Aug. 2021 14:45,0,0,0,
30. Aug. 2021 15:00,0,0,0,
30. Aug. 2021 15:15,0,0,0,
30. Aug. 2021 15:30,0,0,0,
30. Aug. 2021 15:45,0,0,0,
30. Aug. 2021 16:00,0,0,0,
30. Aug. 2021 16:15,0,0,0,
30. Aug. 2021 16:30,0,0,0,
30. Aug. 2021 16:45,0,0,0,
30. Aug. 2021 17:00,0,0,0,
30. Aug. 2021 17:15,0,0,0,
30. Aug. 2021 17:30,0,0,0,
30. Aug. 2021 17:45,0,0,0,
30. Aug. 2021 18:00,0,0,0,
30. Aug. 2021 18:15,0,0,0,
30. Aug. 2021 18:30,0,0,0,
30. Aug. 2021 18:45,0,0,0,
30. Aug. 2021 19:00,0,0,0,
30. Aug. 2021 19:15,0,0,0,
30. Aug. 2021 19:30,0,0,0,
30. Aug. 2021 19:45,0,0,0,
30. Aug. 2021 20:00,0,0,0,
30. Aug. 2021 20:15,0,0,0,
30. Aug. 2021 20:30,0,0,0,
30. Aug. 2021 20:45,0,0,0,
30. Aug. 2021 21:00,0,0,0,
30. Aug. 2021 21:15,0,0,0,
30. Aug. 2021 21:30,0,0,0,
30. Aug. 2021 21:45,0,0,0,
30. Aug. 2021 22:00,0,0,0,
30. Aug. 2021 22:15,0,0,0,
30. Aug. 2021 22:30,0,0,0,
30. Aug. 2021 22:45,0,0,0,
30. Aug. 2021 23:00,0,0,0,
30. Aug. 2021 23:15,0,0,0,
30. Aug. 2021 23:30,0,0,0,
30. Aug. 2021 23:45,0,0,0,
31. Aug. 2021 00:00,0,0,0,
31. Aug. 2021 00:15,0,0,0,
31. Aug. 2021 00:30,0,0,0,
31. Aug. 2021 00:45,0,0,0,
31. Aug. 2021 01:00,0,0,0,
31. Aug. 2021 01:15,0,0,0,
31. Aug. 2021 01:30,0,0,0,
31. Aug. 2021 01:45,0,0,0,
31. Aug. 2021 02:00,0,0,0,
31. Aug. 2021 02:15,0,0,0,
31. Aug. 2021 02:30,0,0,0,
31. Aug. 2021 02:45,0,0,0,
31. Aug. 2021 03:00,0,0,0,
31. Aug. 2021 03:15,0,0,0,
31. Aug. 2021 03:30,0,0,0,
31. Aug. 2021 03:45,0,0,0,
31. Aug. 2021 04:00,0,0,0,
31. Aug. 2021 04:15,0,0,0,
31. Aug. 2021 04:30,0,0,0,
31. Aug. 2021 04:45,0,0,0,
31. Aug. 2021 05:00,0,0,0,
31. Aug. 2021 05:15,0,0,0,
31. Aug. 2021 05:30,0,0,0,
31. Aug. 2021 05:45,0,0,0,
31. Aug. 2021 06:00,0,0,0,
31. Aug. 2021 06:15,0,0,0,
31. Aug. 2021 06:30,0,0,0,
31. Aug. 2021 06:45,0,0,0,
31. Aug. 2021 07:00,0,0,0,
31. Aug. 2021 07:15,0,0,0,
31. Aug. 2021 07:30,0,0,0,
31. Aug. 2021 07:45,0,0,0,
31. Aug. 2021 08:00,0,0,0,
31. Aug. 2021 08:15,0,0,0,
31. Aug. 2021 08:30,0,0,0,
31. Aug. 2021 08:45,0,0,0,
31. Aug. 2021 09:00,0,0,0,
31. Aug. 2021 09:15,0,0,0,
31. Aug. 2021 09:30,0,0,0,
31. Aug. 2021 09:45,0,0,0,
31. Aug. 2021 10:00,0,0,0,
31. Aug. 2021 10:15,0,0,0,
31. Aug. 2021 10:30,0,0,0,
31. Aug. 2021 10:45,0,0,0,
31. Aug. 2021 11:00,0,0,0,
31. Aug. 2021 11:15,0,0,0,
31. Aug. 2021 11:30,0,0,0,
31. Aug. 2021 11:45,0,0,0,
31. Aug. 2021 12:00,0,0,0,
31. Aug. 2021 12:15,0,0,0,
31. Aug. 2021 12:30,0,0,0,
31. Aug. 2021 12:45,0,0,0,
31. Aug. 2021 13:00,0,0,0,
31. Aug. 2021 13:15,0,0,0,
31. Aug. 2021 13:30,0,0,0,
31. Aug. 2021 13:45,0,0,0,
31. Aug. 2021 14:00,0,0,0,
31. Aug. 2021 14:15,0,0,0,
31. Aug. 2021 14:30,0,0,0,
31. Aug. 2021 14:45,0,0,0,
31. Aug. 2021 15:00,0,0,0,
31. Aug. 2021 15:15,0,0,0,
31. Aug. 2021 15:30,0,0,0,
31. Aug. 2021 15:45,0,0,0,
31. Aug. 2021 16:00,0,0,0,
31. Aug. 2021 16:15,0,0,0,
31. Aug. 2021 16:30,0,0,0,
31. Aug. 2021 16:45,0,0,0,
31. Aug. 2021 17:00,0,0,0,
31. Aug. 2021 17:15,0,0,0,
31. Aug. 2021 17:30,0,0,0,
31. Aug. 2021 17:45,0,0,0,
31. Aug. 2021 18:00,0,0,0,
31. Aug. 2021 18:15,0,0,0,
31. Aug. 2021 18:30,0,0,0,
31. Aug. 2021 18:45,0,0,0,
31. Aug. 2021 19:00,0,0,0,
31. Aug. 2021 19:15,0,0,0,
31. Aug. 2021 19:30,0,0,0,
31. Aug. 2021 19:45,0,0,0,
31. Aug. 2021 20:00,0,0,0,
31. Aug. 2021 20:15,0,0,0,
31. Aug. 2021 20:30,0,0,0,
31. Aug. 2021 20:45,0,0,0,
31. Aug. 2021 21:00,0,0,0,
31. Aug. 2021 21:15,0,0,0,
31. Aug. 2021 21:30,0,0,0,
31. Aug. 2021 21:45,0,0,0,
31. Aug. 2021 22:00,0,0,0,
31. Aug. 2021 22:15,0,0,0,
31. Aug. 2021 22:30,0,0,0,
31. Aug. 2021 22:45,0,0,0,
31. Aug. 2021 23:00,0,0,0,
31. Aug. 2021 23:15,0,0,0,
31. Aug. 2021 23:30,0,0,0,
31. Aug. 2021 23:45,0,0,0,
1. Sept. 2021 00:00,0,0,0,
1. Sept. 2021 00:15,0,0,0,
1. Sept. 2021 00:30,0,0,0,
1. Sept. 2021 00:45,0,0,0,
1. Sept. 2021 01:00,0,0,0,
1. Sept. 2021 01:15,0,0,0,
1. Sept. 2021 01:30,0,0,0,
1. Sept. 2021 01:45,0,0,0,
1. Sept. 2021 02:00,0,0,0,
1. Sept. 2021 02:15,0,0,0,
1. Sept. 2021 02:30,0,0,0,
1. Sept. 2021 02:45,0,0,0,
1. Sept. 2021 03:00,0,0,0,
1. Sept. 2021 03:15,0,0,0,
1. Sept. 2021 03:30,0,0,0,
1. Sept. 2021 03:45,0,0,0,
1. Sept. 2021 04:00,0,0,0,
1. Sept. 2021 04:15,0,0,0,
1. Sept. 2021 04:30,0,0,0,
1. Sept. 2021 04:45,0,0,0,
1. Sept. 2021 05:00,0,0,0,
1. Sept. 2021 05:15,0,0,0,
1. Sept. 2021 05:30,0,0,0,
1. Sept. 2021 05:45,0,0,0,
1. Sept. 2021 06:00,0,0,0,
1. Sept. 2021 06:15,0,0,0,
1. Sept. 2021 06:30,0,0,0,
1. Sept. 2021 06:45,0,0,0,
1. Sept. 2021 07:00,0,0,0,
1. Sept. 2021 07:15,0,0,0,
1. Sept. 2021 07:30,0,0,0,
1. Sept. 2021 07:45,0,0,0,
1. Sept. 2021 08:00,0,0,0,
1. Sept. 2021 08:15,0,0,0,
1. Sept. 2021 08:30,0,0,0,
1. Sept. 2021 08:45,0,0,0,
1. Sept. 2021 09:00,0,0,0,
1. Sept. 2021 09:15,0,0,0,
1. Sept. 2021 09:30,0,0,0,
1. Sept. 2021 09:45,0,0,0,
1. Sept. 2021 10:00,0,0,0,
1. Sept. 2021 10:15,0,0,0,
1. Sept. 2021 10:30,0,0,0,
1. Sept. 2021 10:45,0,0,0,
1. Sept. 2021 11:00,0,0,0,
1. Sept. 2021 11:15,0,0,0,
1. Sept. 2021 11:30,0,0,0,
1. Sept. 2021 11:45,0,0,0,
1. Sept. 2021 12:00,0,0,0,
1. Sept. 2021 12:15,0,0,0,
1. Sept. 2021 12:30,0,0,0,
1. Sept. 2021 12:45,0,0,0,
1. Sept. 2021 13:00,0,0,0,
1. Sept. 2021 13:15,0,0,0,
1. Sept. 2021 13:30,0,0,0,
1. Sept. 2021 13:45,0,0,0,
1. Sept. 2021 14:00,0,0,0,
1. Sept. 2021 14:15,0,0,0,
1. Sept. 2021 14:30,0,0,0,
1. Sept. 2021 14:45,0,0,0,
1. Sept. 2021 15:00,0,0,0,
1. Sept. 2021 15:15,0,0,0,
1. Sept. 2021 15:30,0,0,0,
1. Sept. 2021 15:45,0,0,0,
1. Sept. 2021 16:00,0,0,0,
1. Sept. 2021 16:15,0,0,0,
1. Sept. 2021 16:30,0,0,0,
1. Sept. 2021 16:45,0,0,0,
1. Sept. 2021 17:00,0,0,0,
1. Sept. 2021 17:15,0,0,0,
1. Sept. 2021 17:30,0,0,0,
1. Sept. 2021 17:45,0,0,0,
1. Sept. 2021 18:00,0,0,0,
1. Sept. 2021 18:15,0,0,0,
1. Sept. 2021 18:30,0,0,0,
1. Sept. 2021 18:45,0,0,0,
1. Sept. 2021 19:00,0,0,0,
1. Sept. 2021 19:15,0,0,0,
1. Sept. 2021 19:30,0,0,0,
1. Sept. 2021 19:45,0,0,0,
1. Sept. 2021 20:00,0,0,0,
1. Sept. 2021 20:15,0,0,0,
1. Sept. 2021 20:30,0,0,0,
1. Sept. 2021 20:45,0,0,0,
1. Sept. 2021 21:00,0,0,0,
1. Sept. 2021 21:15,0,0,0,
1. Sept. 2021 21:30,0,0,0,
1. Sept. 2021 21:45,0,0,0,
1. Sept. 2021 22:00,0,0,0,
1. Sept. 2021 22:15,0,0,0,
1. Sept. 2021 22:30,0,0,0,
1. Sept. 2021 22:45,0,0,0,
1. Sept. 2021 23:00,0,0,0,
1. Sept. 2021 23:15,0,0,0,
1. Sept. 2021 23:30,0,0,0,
1. Sept. 2021 23:45,0,0,0,
2. Sept. 2021 00:00,0,0,0,
2. Sept. 2021 00:15,0,0,0,
2. Sept. 2021 00:30,0,0,0,
2. Sept. 2021 00:45,0,0,0,
2. Sept. 2021 01:00,0,0,0,
2. Sept. 2021 01:15,0,0,0,
2. Sept. 2021 01:30,0,0,0,
2. Sept. 2021 01:45,0,0,0,
2. Sept. 2021 02:00,0,0,0,
2. Sept. 2021 02:15,0,0,0,
2. Sept. 2021 02:30,0,0,0,
2. Sept. 2021 02:45,0,0,0,
2. Sept. 2021 03:00,0,0,0,
2. Sept. 2021 03:15,0,0,0,
2. Sept. 2021 03:30,0,0,0,
2. Sept. 2021 03:45,0,0,0,
2. Sept. 2021 04:00,0,0,0,
2. Sept. 2021 04:15,0,0,0,
2. Sept. 2021 04:30,0,0,0,
2. Sept. 2021 04:45,0,0,0,
2. Sept. 2021 05:00,0,0,0,
2. Sept. 2021 05:15,0,0,0,
2. Sept. 2021 05:30,0,0,0,
2. Sept. 2021 05:45,0,0,0,
2. Sept. 2021 06:00,0,0,0,
2. Sept. 2021 06:15,0,0,0,
2. Sept. 2021 06:30,0,0,0,
2. Sept. 2021 06:45,0,0,0,
2. Sept. 2021 07:00,0,0,0,
2. Sept. 2021 07:15,0,0,0,
2. Sept. 2021 07:30,0,0,0,
2. Sept. 2021 07:45,0,0,0,
2. Sept. 2021 08:00,0,0,0,
2. Sept. 2021 08:15,0,0,0,
2. Sept. 2021 08:30,0,0,0,
2. Sept. 2021 08:45,0,0,0,
2. Sept. 2021 09:00,0,0,0,
2. Sept. 2021 09:15,0,0,0,
2. Sept. 2021 09:30,0,0,0,
2. Sept. 2021 09:45,0,0,0,
2. Sept. 2021 10:00,0,0,0,
2. Sept. 2021 10:15,0,0,0,
2. Sept. 2021 10:30,0,0,0,
2. Sept. 2021 10:45,0,0,0,
2. Sept. 2021 11:00,0,0,0,
2. Sept. 2021 11:15,0,0,0,
2. Sept. 2021 11:30,0,0,0,
2. Sept. 2021 11:45,0,0,0,
2. Sept. 2021 12:00,0,0,0,
2. Sept. 2021 12:15,0,0,0,
2. Sept. 2021 12:30,0,0,0,
2. Sept. 2021 12:45,0,0,0,
2. Sept. 2021 13:00,0,0,0,
2. Sept. 2021 13:15,0,0,0,
2. Sept. 2021 13:30,0,0,0,
2. Sept. 2021 13:45,0,0,0,
2. Sept. 2021 14:00,0,0,0,
2. Sept. 2021 14:15,0,0,0,
2. Sept. 2021 14:30,0,0,0,
2. Sept. 2021 14:45,0,0,0,
2. Sept. 2021 15:00,0,0,0,
2. Sept. 2021 15:15,0,0,0,
2. Sept. 2021 15:30,0,0,0,
2. Sept. 2021 15:45,0,0,0,
2. Sept. 2021 16:00,0,0,0,
2. Sept. 2021 16:15,0,0,0,
2. Sept. 2021 16:30,0,0,0,
2. Sept. 2021 16:45,0,0,0,
2. Sept. 2021 17:00,0,0,0,
2. Sept. 2021 17:15,0,0,0,
2. Sept. 2021 17:30,0,0,0,
2. Sept. 2021 17:45,0,0,0,
2. Sept. 2021 18:00,0,0,0,
2. Sept. 2021 18:15,0,0,0,
2. Sept. 2021 18:30,0,0,0,
2. Sept. 2021 18:45,0,0,0,
2. Sept. 2021 19:00,0,0,0,
2. Sept. 2021 19:15,0,0,0,
2. Sept. 2021 19:30,0,0,0,
2. Sept. 2021 19:45,0,0,0,
2. Sept. 2021 20:00,0,0,0,
2. Sept. 2021 20:15,0,0,0,
2. Sept. 2021 20:30,0,0,0,
2. Sept. 2021 20:45,0,0,0,
2. Sept. 2021 21:00,0,0,0,
2. Sept. 2021 21:15,0,0,0,
2. Sept. 2021 21:30,0,0,0,
2. Sept. 2021 21:45,0,0,0,
2. Sept. 2021 22:00,0,0,0,
2. Sept. 2021 22:15,0,0,0,
2. Sept. 2021 22:30,0,0,0,
2. Sept. 2021 22:45,0,0,0,
2. Sept. 2021 23:00,0,0,0,
2. Sept. 2021 23:15,0,0,0,
2. Sept. 2021 23:30,0,0,0,
2. Sept. 2021 23:45,0,0,0,
3. Sept. 2021 00:00,0,0,0,
3. Sept. 2021 00:15,0,0,0,
3. Sept. 2021 00:30,0,0,0,
3. Sept. 2021 00:45,0,0,0,
3. Sept. 2021 01:00,0,0,0,
3. Sept. 2021 01:15,0,0,0,
3. Sept. 2021 01:30,0,0,0,
3. Sept. 2021 01:45,0,0,0,
3. Sept. 2021 02:00,0,0,0,
3. Sept. 2021 02:15,0,0,0,
3. Sept. 2021 02:30,0,0,0,
3. Sept. 2021 02:45,0,0,0,
3. Sept. 2021 03:00,0,0,0,
3. Sept. 2021 03:15,0,0,0,
3. Sept. 2021 03:30,0,0,0,
3. Sept. 2021 03:45,0,0,0,
3. Sept. 2021 04:00,0,0,0,
3. Sept. 2021 04:15,0,0,0,
3. Sept. 2021 04:30,0,0,0,
3. Sept. 2021 04:45,0,0,0,
3. Sept. 2021 05:00,0,0,0,
3. Sept. 2021 05:15,0,0,0,
3. Sept. 2021 05:30,0,0,0,
3. Sept. 2021 05:45,0,0,0,
3. Sept. 2021 06:00,0,0,0,
3. Sept. 2021 06:15,0,0,0,
3. Sept. 2021 06:30,0,0,0,
3. Sept. 2021 06:45,0,0,0,
3. Sept. 2021 07:00,0,0,0,
3. Sept. 2021 07:15,0,0,0,
3. Sept. 2021 07:30,0,0,0,
3. Sept. 2021 07:45,0,0,0,
3. Sept. 2021 08:00,0,0,0,
3. Sept. 2021 08:15,0,0,0,
3. Sept. 2021 08:30,0,0,0,
3. Sept. 2021 08:45,0,0,0,
3. Sept. 2021 09:00,0,0,0,
3. Sept. 2021 09:15,0,0,0,
3. Sept. 2021 09:30,0,0,0,
3. Sept. 2021 09:45,0,0,0,
3. Sept. 2021 10:00,0,0,0,
3. Sept. 2021 10:15,0,0,0,
3. Sept. 2021 10:30,0,0,0,
3. Sept. 2021 10:45,0,0,0,
3. Sept. 2021 11:00,0,0,0,
3. Sept. 2021 11:15,0,0,0,
3. Sept. 2021 11:30,0,0,0,
3. Sept. 2021 11:45,0,0,0,
3. Sept. 2021 12:00,0,0,0,
3. Sept. 2021 12:15,0,0,0,
3. Sept. 2021 12:30,0,0,0,
3. Sept. 2021 12:45,0,0,0,
3. Sept. 2021 13:00,0,0,0,
3. Sept. 2021 13:15,0,0,0,
3. Sept. 2021 13:30,0,0,0,
3. Sept. 2021 13:45,0,0,0,
3. Sept. 2021 14:00,0,0,0,
3. Sept. 2021 14:15,0,0,0,
3. Sept. 2021 14:30,0,0,0,
3. Sept. 2021 14:45,0,0,0,
3. Sept. 2021 15:00,0,0,0,
3. Sept. 2021 15:15,0,0,0,
3. Sept. 2021 15:30,0,0,0,
3. Sept. 2021 15:45,0,0,0,
3. Sept. 2021 16:00,0,0,0,
3. Sept. 2021 16:15,0,0,0,
3. Sept. 2021 16:30,0,0,0,
3. Sept. 2021 16:45,0,0,0,
3. Sept. 2021 17:00,0,0,0,
3. Sept. 2021 17:15,0,0,0,
3. Sept. 2021 17:30,0,0,0,
3. Sept. 2021 17:45,0,0,0,
3. Sept. 2021 18:00,0,0,0,
3. Sept. 2021 18:15,0,0,0,
3. Sept. 2021 18:30,0,0,0,
3. Sept. 2021 18:45,0,0,0,
3. Sept. 2021 19:00,0,0,0,
3. Sept. 2021 19:15,0,0,0,
3. Sept. 2021 19:30,0,0,0,
3. Sept. 2021 19:45,0,0,0,
3. Sept. 2021 20:00,0,0,0,
3. Sept. 2021 20:15,0,0,0,
3. Sept. 2021 20:30,0,0,0,
3. Sept. 2021 20:45,0,0,0,
3. Sept. 2021 21:00,0,0,0,
3. Sept. 2021 21:15,0,0,0,
3. Sept. 2021 21:30,0,0,0,
3. Sept. 2021 21:45,0,0,0,
3. Sept. 2021 22:00,0,0,0,
3. Sept. 2021 22:15,0,0,0,
3. Sept. 2021 22:30,0,0,0,
3. Sept. 2021 22:45,0,0,0,
3. Sept. 2021 23:00,0,0,0,
3. Sept. 2021 23:15,0,0,0,
3. Sept. 2021 23:30,0,0,0,
3. Sept. 2021 23:45,0,0,0,
4. Sept. 2021 00:00,0,0,0,
4. Sept. 2021 00:15,0,0,0,
4. Sept. 2021 00:30,0,0,0,
4. Sept. 2021 00:45,0,0,0,
4. Sept. 2021 01:00,0,0,0,
4. Sept. 2021 01:15,0,0,0,
4. Sept. 2021 01:30,0,0,0,
4. Sept. 2021 01:45,0,0,0,
4. Sept. 2021 02:00,0,0,0,
4. Sept. 2021 02:15,0,0,0,
4. Sept. 2021 02:30,0,0,0,
4. Sept. 2021 02:45,0,0,0,
4. Sept. 2021 03:00,0,0,0,
4. Sept. 2021 03:15,0,0,0,
4. Sept. 2021 03:30,0,0,0,
4. Sept. 2021 03:45,0,0,0,
4. Sept. 2021 04:00,0,0,0,
4. Sept. 2021 04:15,0,0,0,
4. Sept. 2021 04:30,0,0,0,
4. Sept. 2021 04:45,0,0,0,
4. Sept. 2021 05:00,0,0,0,
4. Sept. 2021 05:15,0,0,0,
4. Sept. 2021 05:30,0,0,0,
4. Sept. 2021 05:45,0,0,0,
4. Sept. 2021 06:00,0,0,0,
4. Sept. 2021 06:15,0,0,0,
4. Sept. 2021 06:30,0,0,0,
4. Sept. 2021 06:45,0,0,0,
4. Sept. 2021 07:00,0,0,0,
4. Sept. 2021 07:15,0,0,0,
4. Sept. 2021 07:30,0,0,0,
4. Sept. 2021 07:45,0,0,0,
4. Sept. 2021 08:00,0,0,0,
4. Sept. 2021 08:15,0,0,0,
4. Sept. 2021 08:30,0,0,0,
4. Sept. 2021 08:45,0,0,0,
4. Sept. 2021 09:00,0,0,0,
4. Sept. 2021 09:15,0,0,0,
4. Sept. 2021 09:30,0,0,0,
4. Sept. 2021 09:45,0,0,0,
4. Sept. 2021 10:00,0,0,0,
4. Sept. 2021 10:15,0,0,0,
4. Sept. 2021 10:30,0,0,0,
4. Sept. 2021 10:45,0,0,0,
4. Sept. 2021 11:00,0,0,0,
4. Sept. 2021 11:15,0,0,0,
4. Sept. 2021 11:30,0,0,0,
4. Sept. 2021 11:45,0,0,0,
4. Sept. 2021 12:00,0,0,0,
4. Sept. 2021 12:15,0,0,0,
4. Sept. 2021 12:30,0,0,0,
4. Sept. 2021 12:45,0,0,0,
4. Sept. 2021 13:00,0,0,0,
4. Sept. 2021 13:15,0,0,0,
4. Sept. 2021 13:30,0,0,0,
4. Sept. 2021 13:45,0,0,0,
4. Sept. 2021 14:00,0,0,0,
4. Sept. 2021 14:15,0,0,0,
4. Sept. 2021 14:30,0,0,0,
4. Sept. 2021 14:45,0,0,0,
4. Sept. 2021 15:00,0,0,0,
4. Sept. 2021 15:15,0,0,0,
4. Sept. 2021 15:30,0,0,0,
4. Sept. 2021 15:45,0,0,0,
4. Sept. 2021 16:00,0,0,0,
4. Sept. 2021 16:15,0,0,0,
4. Sept. 2021 16:30,0,0,0,
4. Sept. 2021 16:45,0,0,0,
4. Sept. 2021 17:00,0,0,0,
4. Sept. 2021 17:15,0,0,0,
4. Sept. 2021 17:30,0,0,0,
4. Sept. 2021 17:45,0,0,0,
4. Sept. 2021 18:00,0,0,0,
4. Sept. 2021 18:15,0,0,0,
4. Sept. 2021 18:30,0,0,0,
4. Sept. 2021 18:45,0,0,0,
4. Sept. 2021 19:00,0,0,0,
4. Sept. 2021 19:15,0,0,0,
4. Sept. 2021 19:30,0,0,0,
4. Sept. 2021 19:45,0,0,0,
4. Sept. 2021 20:00,0,0,0,
4. Sept. 2021 20:15,0,0,0,
4. Sept. 2021 20:30,0,0,0,
4. Sept. 2021 20:45,0,0,0,
4. Sept. 2021 21:00,0,0,0,
4. Sept. 2021 21:15,0,0,0,
4. Sept. 2021 21:30,0,0,0,
4. Sept. 2021 21:45,0,0,0,
4. Sept. 2021 22:00,0,0,0,
4. Sept. 2021 22:15,0,0,0,
4. Sept. 2021 22:30,0,0,0,
4. Sept. 2021 22:45,0,0,0,
4. Sept. 2021 23:00,0,0,0,
4. Sept. 2021 23:15,0,0,0,
4. Sept. 2021 23:30,0,0,0,
4. Sept. 2021 23:45,0,0,0,
5. Sept. 2021 00:00,0,0,0,
5. Sept. 2021 00:15,0,0,0,
5. Sept. 2021 00:30,0,0,0,
5. Sept. 2021 00:45,0,0,0,
5. Sept. 2021 01:00,0,0,0,
5. Sept. 2021 01:15,0,0,0,
5. Sept. 2021 01:30,0,0,0,
5. Sept. 2021 01:45,0,0,0,
5. Sept. 2021 02:00,0,0,0,
5. Sept. 2021 02:15,0,0,0,
5. Sept. 2021 02:30,0,0,0,
5. Sept. 2021 02:45,0,0,0,
5. Sept. 2021 03:00,0,0,0,
5. Sept. 2021 03:15,0,0,0,
5. Sept. 2021 03:30,0,0,0,
5. Sept. 2021 03:45,0,0,0,
5. Sept. 2021 04:00,0,0,0,
5. Sept. 2021 04:15,0,0,0,
5. Sept. 2021 04:30,0,0,0,
5. Sept. 2021 04:45,0,0,0,
5. Sept. 2021 05:00,0,0,0,
5. Sept. 2021 05:15,0,0,0,
5. Sept. 2021 05:30,0,0,0,
5. Sept. 2021 05:45,0,0,0,
5. Sept. 2021 06:00,0,0,0,
5. Sept. 2021 06:15,0,0,0,
5. Sept. 2021 06:30,0,0,0,
5. Sept. 2021 06:45,0,0,0,
5. Sept. 2021 07:00,0,0,0,
5. Sept. 2021 07:15,0,0,0,
5. Sept. 2021 07:30,0,0,0,
5. Sept. 2021 07:45,0,0,0,
5. Sept. 2021 08:00,0,0,0,
5. Sept. 2021 08:15,0,0,0,
5. Sept. 2021 08:30,0,0,0,
5. Sept. 2021 08:45,0,0,0,
5. Sept. 2021 09:00,0,0,0,
5. Sept. 2021 09:15,0,0,0,
5. Sept. 2021 09:30,0,0,0,
5. Sept. 2021 09:45,0,0,0,
5. Sept. 2021 10:00,0,0,0,
5. Sept. 2021 10:15,0,0,0,
5. Sept. 2021 10:30,0,0,0,
5. Sept. 2021 10:45,0,0,0,
5. Sept. 2021 11:00,0,0,0,
5. Sept. 2021 11:15,0,0,0,
5. Sept. 2021 11:30,0,0,0,
5. Sept. 2021 11:45,0,0,0,
5. Sept. 2021 12:00,0,0,0,
5. Sept. 2021 12:15,0,0,0,
5. Sept. 2021 12:30,0,0,0,
5. Sept. 2021 12:45,0,0,0,
5. Sept. 2021 13:00,0,0,0,
5. Sept. 2021 13:15,0,0,0,
5. Sept. 2021 13:30,0,0,0,
5. Sept. 2021 13:45,0,0,0,
5. Sept. 2021 14:00,0,0,0,
5. Sept. 2021 14:15,0,0,0,
5. Sept. 2021 14:30,0,0,0,
5. Sept. 2021 14:45,0,0,0,
5. Sept. 2021 15:00,0,0,0,
5. Sept. 2021 15:15,0,0,0,
5. Sept. 2021 15:30,0,0,0,
5. Sept. 2021 15:45,0,0,0,
5. Sept. 2021 16:00,0,0,0,
5. Sept. 2021 16:15,0,0,0,
5. Sept. 2021 16:30,0,0,0,
5. Sept. 2021 16:45,0,0,0,
5. Sept. 2021 17:00,0,0,0,
5. Sept. 2021 17:15,0,0,0,
5. Sept. 2021 17:30,0,0,0,
5. Sept. 2021 17:45,0,0,0,
5. Sept. 2021 18:00,0,0,0,
5. Sept. 2021 18:15,0,0,0,
5. Sept. 2021 18:30,0,0,0,
5. Sept. 2021 18:45,0,0,0,
5. Sept. 2021 19:00,0,0,0,
5. Sept. 2021 19:15,0,0,0,
5. Sept. 2021 19:30,0,0,0,
5. Sept. 2021 19:45,0,0,0,
5. Sept. 2021 20:00,0,0,0,
5. Sept. 2021 20:15,0,0,0,
5. Sept. 2021 20:30,0,0,0,
5. Sept. 2021 20:45,0,0,0,
5. Sept. 2021 21:00,0,0,0,
5. Sept. 2021 21:15,0,0,0,
5. Sept. 2021 21:30,0,0,0,
5. Sept. 2021 21:45,0,0,0,
5. Sept. 2021 22:00,0,0,0,
5. Sept. 2021 22:15,0,0,0,
5. Sept. 2021 22:30,0,0,0,
5. Sept. 2021 22:45,0,0,0,
5. Sept. 2021 23:00,0,0,0,
5. Sept. 2021 23:15,0,0,0,
5. Sept. 2021 23:30,0,0,0,
5. Sept. 2021 23:45,0,0,0,
6. Sept. 2021 00:00,0,0,0,
6. Sept. 2021 00:15,0,0,0,
6. Sept. 2021 00:30,0,0,0,
6. Sept. 2021 00:45,0,0,0,
6. Sept. 2021 01:00,0,0,0,
6. Sept. 2021 01:15,0,0,0,
6. Sept. 2021 01:30,0,0,0,
6. Sept. 2021 01:45,0,0,0,
6. Sept. 2021 02:00,0,0,0,
6. Sept. 2021 02:15,0,0,0,
6. Sept. 2021 02:30,0,0,0,
6. Sept. 2021 02:45,0,0,0,
6. Sept. 2021 03:00,0,0,0,
6. Sept. 2021 03:15,0,0,0,
6. Sept. 2021 03:30,0,0,0,
6. Sept. 2021 03:45,0,0,0,
6. Sept. 2021 04:00,0,0,0,
6. Sept. 2021 04:15,0,0,0,
6. Sept. 2021 04:30,0,0,0,
6. Sept. 2021 04:45,0,0,0,
6. Sept. 2021 05:00,0,0,0,
6. Sept. 2021 05:15,0,0,0,
6. Sept. 2021 05:30,0,0,0,
6. Sept. 2021 05:45,0,0,0,
6. Sept. 2021 06:00,0,0,0,
6. Sept. 2021 06:15,0,0,0,
6. Sept. 2021 06:30,0,0,0,
6. Sept. 2021 06:45,0,0,0,
6. Sept. 2021 07:00,0,0,0,
6. Sept. 2021 07:15,0,0,0,
6. Sept. 2021 07:30,0,0,0,
6. Sept. 2021 07:45,0,0,0,
6. Sept. 2021 08:00,0,0,0,
6. Sept. 2021 08:15,0,0,0,
6. Sept. 2021 08:30,0,0,0,
6. Sept. 2021 08:45,0,0,0,
6. Sept. 2021 09:00,0,0,0,
6. Sept. 2021 09:15,0,0,0,
6. Sept. 2021 09:30,0,0,0,
6. Sept. 2021 09:45,0,0,0,
6. Sept. 2021 10:00,0,0,0,
6. Sept. 2021 10:15,0,0,0,
6. Sept. 2021 10:30,0,0,0,
6. Sept. 2021 10:45,0,0,0,
6. Sept. 2021 11:00,0,0,0,
6. Sept. 2021 11:15,0,0,0,
6. Sept. 2021 11:30,0,0,0,
6. Sept. 2021 11:45,0,0,0,
6. Sept. 2021 12:00,0,0,0,
6. Sept. 2021 12:15,0,0,0,
6. Sept. 2021 12:30,0,0,0,
6. Sept. 2021 12:45,0,0,0,
6. Sept. 2021 13:00,0,0,0,
6. Sept. 2021 13:15,0,0,0,
6. Sept. 2021 13:30,0,0,0,
6. Sept. 2021 13:45,0,0,0,
6. Sept. 2021 14:00,0,0,0,
6. Sept. 2021 14:15,0,0,0,
6. Sept. 2021 14:30,0,0,0,
6. Sept. 2021 14:45,0,0,0,
6. Sept. 2021 15:00,0,0,0,
6. Sept. 2021 15:15,0,0,0,
6. Sept. 2021 15:30,0,0,0,
6. Sept. 2021 15:45,0,0,0,
6. Sept. 2021 16:00,0,0,0,
6. Sept. 2021 16:15,0,0,0,
6. Sept. 2021 16:30,0,0,0,
6. Sept. 2021 16:45,0,0,0,
6. Sept. 2021 17:00,0,0,0,
6. Sept. 2021 17:15,0,0,0,
6. Sept. 2021 17:30,0,0,0,
6. Sept. 2021 17:45,0,0,0,
6. Sept. 2021 18:00,0,0,0,
6. Sept. 2021 18:15,0,0,0,
6. Sept. 2021 18:30,0,0,0,
6. Sept. 2021 18:45,0,0,0,
6. Sept. 2021 19:00,0,0,0,
6. Sept. 2021 19:15,0,0,0,
6. Sept. 2021 19:30,0,0,0,
6. Sept. 2021 19:45,0,0,0,
6. Sept. 2021 20:00,0,0,0,
6. Sept. 2021 20:15,0,0,0,
6. Sept. 2021 20:30,0,0,0,
6. Sept. 2021 20:45,0,0,0,
6. Sept. 2021 21:00,0,0,0,
6. Sept. 2021 21:15,0,0,0,
6. Sept. 2021 21:30,0,0,0,
6. Sept. 2021 21:45,0,0,0,
6. Sept. 2021 22:00,0,0,0,
6. Sept. 2021 22:15,0,0,0,
6. Sept. 2021 22:30,0,0,0,
6. Sept. 2021 22:45,0,0,0,
6. Sept. 2021 23:00,0,0,0,
6. Sept. 2021 23:15,0,0,0,
6. Sept. 2021 23:30,0,0,0,
6. Sept. 2021 23:45,0,0,0,
7. Sept. 2021 00:00,0,0,0,
7. Sept. 2021 00:15,0,0,0,
7. Sept. 2021 00:30,0,0,0,
7. Sept. 2021 00:45,0,0,0,
7. Sept. 2021 01:00,0,0,0,
7. Sept. 2021 01:15,0,0,0,
7. Sept. 2021 01:30,0,0,0,
7. Sept. 2021 01:45,0,0,0,
7. Sept. 2021 02:00,0,0,0,
7. Sept. 2021 02:15,0,0,0,
7. Sept. 2021 02:30,0,0,0,
7. Sept. 2021 02:45,0,0,0,
7. Sept. 2021 03:00,0,0,0,
7. Sept. 2021 03:15,0,0,0,
7. Sept. 2021 03:30,0,0,0,
7. Sept. 2021 03:45,0,0,0,
7. Sept. 2021 04:00,0,0,0,
7. Sept. 2021 04:15,0,0,0,
7. Sept. 2021 04:30,0,0,0,
7. Sept. 2021 04:45,0,0,0,
7. Sept. 2021 05:00,0,0,0,
7. Sept. 2021 05:15,0,0,0,
7. Sept. 2021 05:30,0,0,0,
7. Sept. 2021 05:45,0,0,0,
7. Sept. 2021 06:00,0,0,0,
7. Sept. 2021 06:15,0,0,0,
7. Sept. 2021 06:30,0,0,0,
7. Sept. 2021 06:45,0,0,0,
7. Sept. 2021 07:00,0,0,0,
7. Sept. 2021 07:15,0,0,0,
7. Sept. 2021 07:30,0,0,0,
7. Sept. 2021 07:45,0,0,0,
7. Sept. 2021 08:00,0,0,0,
7. Sept. 2021 08:15,0,0,0,
7. Sept. 2021 08:30,0,0,0,
7. Sept. 2021 08:45,0,0,0,
7. Sept. 2021 09:00,0,0,0,
7. Sept. 2021 09:15,0,0,0,
7. Sept. 2021 09:30,0,0,0,
7. Sept. 2021 09:45,0,0,0,
7. Sept. 2021 10:00,0,0,0,
7. Sept. 2021 10:15,0,0,0,
7. Sept. 2021 10:30,0,0,0,
7. Sept. 2021 10:45,0,0,0,
7. Sept. 2021 11:00,0,0,0,
7. Sept. 2021 11:15,0,0,0,
7. Sept. 2021 11:30,0,0,0,
7. Sept. 2021 11:45,0,0,0,
7. Sept. 2021 12:00,0,0,0,
7. Sept. 2021 12:15,0,0,0,
7. Sept. 2021 12:30,0,0,0,
7. Sept. 2021 12:45,0,0,0,
7. Sept. 2021 13:00,0,0,0,
7. Sept. 2021 13:15,0,0,0,
7. Sept. 2021 13:30,0,0,0,
7. Sept. 2021 13:45,0,0,0,
7. Sept. 2021 14:00,0,0,0,
7. Sept. 2021 14:15,0,0,0,
7. Sept. 2021 14:30,0,0,0,
7. Sept. 2021 14:45,0,0,0,
7. Sept. 2021 15:00,0,0,0,
7. Sept. 2021 15:15,0,0,0,
7. Sept. 2021 15:30,0,0,0,
7. Sept. 2021 15:45,0,0,0,
7. Sept. 2021 16:00,0,0,0,
7. Sept. 2021 16:15,0,0,0,
7. Sept. 2021 16:30,0,0,0,
7. Sept. 2021 16:45,0,0,0,
7. Sept. 2021 17:00,0,0,0,
7. Sept. 2021 17:15,0,0,0,
7. Sept. 2021 17:30,0,0,0,
7. Sept. 2021 17:45,0,0,0,
7. Sept. 2021 18:00,0,0,0,
7. Sept. 2021 18:15,0,0,0,
7. Sept. 2021 18:30,0,0,0,
7. Sept. 2021 18:45,0,0,0,
7. Sept. 2021 19:00,0,0,0,
7. Sept. 2021 19:15,0,0,0,
7. Sept. 2021 19:30,0,0,0,
7. Sept. 2021 19:45,0,0,0,
7. Sept. 2021 20:00,0,0,0,
7. Sept. 2021 20:15,0,0,0,
7. Sept. 2021 20:30,0,0,0,
7. Sept. 2021 20:45,0,0,0,
7. Sept. 2021 21:00,0,0,0,
7. Sept. 2021 21:15,0,0,0,
7. Sept. 2021 21:30,0,0,0,
7. Sept. 2021 21:45,0,0,0,
7. Sept. 2021 22:00,0,0,0,
7. Sept. 2021 22:15,0,0,0,
7. Sept. 2021 22:30,0,0,0,
7. Sept. 2021 22:45,0,0,0,
7. Sept. 2021 23:00,0,0,0,
7. Sept. 2021 23:15,0,0,0,
7. Sept. 2021 23:30,0,0,0,
7. Sept. 2021 23:45,0,0,0,
8. Sept. 2021 00:00,0,0,0,
8. Sept. 2021 00:15,0,0,0,
8. Sept. 2021 00:30,0,0,0,
8. Sept. 2021 00:45,0,0,0,
8. Sept. 2021 01:00,0,0,0,
8. Sept. 2021 01:15,0,0,0,
8. Sept. 2021 01:30,0,0,0,
8. Sept. 2021 01:45,0,0,0,
8. Sept. 2021 02:00,0,0,0,
8. Sept. 2021 02:15,0,0,0,
8. Sept. 2021 02:30,0,0,0,
8. Sept. 2021 02:45,0,0,0,
8. Sept. 2021 03:00,0,0,0,
8. Sept. 2021 03:15,0,0,0,
8. Sept. 2021 03:30,0,0,0,
8. Sept. 2021 03:45,0,0,0,
8. Sept. 2021 04:00,0,0,0,
8. Sept. 2021 04:15,0,0,0,
8. Sept. 2021 04:30,0,0,0,
8. Sept. 2021 04:45,0,0,0,
8. Sept. 2021 05:00,0,0,0,
8. Sept. 2021 05:15,0,0,0,
8. Sept. 2021 05:30,0,0,0,
8. Sept. 2021 05:45,0,0,0,
8. Sept. 2021 06:00,0,0,0,
8. Sept. 2021 06:15,0,0,0,
8. Sept. 2021 06:30,0,0,0,
8. Sept. 2021 06:45,0,0,0,
8. Sept. 2021 07:00,0,0,0,
8. Sept. 2021 07:15,0,0,0,
8. Sept. 2021 07:30,0,0,0,
8. Sept. 2021 07:45,0,0,0,
8. Sept. 2021 08:00,0,0,0,
8. Sept. 2021 08:15,0,0,0,
8. Sept. 2021 08:30,0,0,0,
8. Sept. 2021 08:45,0,0,0,
8. Sept. 2021 09:00,0,0,0,
8. Sept. 2021 09:15,0,0,0,
8. Sept. 2021 09:30,0,0,0,
8. Sept. 2021 09:45,0,0,0,
8. Sept. 2021 10:00,0,0,0,
8. Sept. 2021 10:15,0,0,0,
8. Sept. 2021 10:30,0,0,0,
8. Sept. 2021 10:45,0,0,0,
8. Sept. 2021 11:00,0,0,0,
8. Sept. 2021 11:15,0,0,0,
8. Sept. 2021 11:30,0,0,0,
8. Sept. 2021 11:45,0,0,0,
8. Sept. 2021 12:00,0,0,0,
8. Sept. 2021 12:15,0,0,0,
8. Sept. 2021 12:30,0,0,0,
8. Sept. 2021 12:45,0,0,0,
8. Sept. 2021 13:00,0,0,0,
8. Sept. 2021 13:15,0,0,0,
8. Sept. 2021 13:30,0,0,0,
8. Sept. 2021 13:45,0,0,0,
8. Sept. 2021 14:00,0,0,0,
8. Sept. 2021 14:15,0,0,0,
8. Sept. 2021 14:30,0,0,0,
8. Sept. 2021 14:45,0,0,0,
8. Sept. 2021 15:00,0,0,0,
8. Sept. 2021 15:15,0,0,0,
8. Sept. 2021 15:30,0,0,0,
8. Sept. 2021 15:45,0,0,0,
8. Sept. 2021 16:00,0,0,0,
8. Sept. 2021 16:15,0,0,0,
8. Sept. 2021 16:30,0,0,0,
8. Sept. 2021 16:45,0,0,0,
8. Sept. 2021 17:00,0,0,0,
8. Sept. 2021 17:15,0,0,0,
8. Sept. 2021 17:30,0,0,0,
8. Sept. 2021 17:45,0,0,0,
8. Sept. 2021 18:00,0,0,0,
8. Sept. 2021 18:15,0,0,0,
8. Sept. 2021 18:30,0,0,0,
8. Sept. 2021 18:45,0,0,0,
8. Sept. 2021 19:00,0,0,0,
8. Sept. 2021 19:15,0,0,0,
8. Sept. 2021 19:30,0,0,0,
8. Sept. 2021 19:45,0,0,0,
8. Sept. 2021 20:00,0,0,0,
8. Sept. 2021 20:15,0,0,0,
8. Sept. 2021 20:30,0,0,0,
8. Sept. 2021 20:45,0,0,0,
8. Sept. 2021 21:00,0,0,0,
8. Sept. 2021 21:15,0,0,0,
8. Sept. 2021 21:30,0,0,0,
8. Sept. 2021 21:45,0,0,0,
8. Sept. 2021 22:00,0,0,0,
8. Sept. 2021 22:15,0,0,0,
8. Sept. 2021 22:30,0,0,0,
8. Sept. 2021 22:45,0,0,0,
8. Sept. 2021 23:00,0,0,0,
8. Sept. 2021 23:15,0,0,0,
8. Sept. 2021 23:30,0,0,0,
8. Sept. 2021 23:45,0,0,0,
9. Sept. 2021 00:00,0,0,0,
9. Sept. 2021 00:15,0,0,0,
9. Sept. 2021 00:30,0,0,0,
9. Sept. 2021 00:45,0,0,0,
9. Sept. 2021 01:00,0,0,0,
9. Sept. 2021 01:15,0,0,0,
9. Sept. 2021 01:30,0,0,0,
9. Sept. 2021 01:45,0,0,0,
9. Sept. 2021 02:00,0,0,0,
9. Sept. 2021 02:15,0,0,0,
9. Sept. 2021 02:30,0,0,0,
9. Sept. 2021 02:45,0,0,0,
9. Sept. 2021 03:00,0,0,0,
9. Sept. 2021 03:15,0,0,0,
9. Sept. 2021 03:30,0,0,0,
9. Sept. 2021 03:45,0,0,0,
9. Sept. 2021 04:00,0,0,0,
9. Sept. 2021 04:15,0,0,0,
9. Sept. 2021 04:30,0,0,0,
9. Sept. 2021 04:45,0,0,0,
9. Sept. 2021 05:00,0,0,0,
9. Sept. 2021 05:15,0,0,0,
9. Sept. 2021 05:30,0,0,0,
9. Sept. 2021 05:45,0,0,0,
9. Sept. 2021 06:00,0,0,0,
9. Sept. 2021 06:15,0,0,0,
9. Sept. 2021 06:30,0,0,0,
9. Sept. 2021 06:45,0,0,0,
9. Sept. 2021 07:00,0,0,0,
9. Sept. 2021 07:15,0,0,0,
9. Sept. 2021 07:30,0,0,0,
9. Sept. 2021 07:45,0,0,0,
9. Sept. 2021 08:00,0,0,0,
9. Sept. 2021 08:15,0,0,0,
9. Sept. 2021 08:30,0,0,0,
9. Sept. 2021 08:45,0,0,0,
9. Sept. 2021 09:00,0,0,0,
9. Sept. 2021 09:15,0,0,0,
9. Sept. 2021 09:30,0,0,0,
9. Sept. 2021 09:45,0,0,0,
9. Sept. 2021 10:00,0,0,0,
9. Sept. 2021 10:15,0,0,0,
9. Sept. 2021 10:30,0,0,0,
9. Sept. 2021 10:45,0,0,0,
9. Sept. 2021 11:00,0,0,0,
9. Sept. 2021 11:15,0,0,0,
9. Sept. 2021 11:30,0,0,0,
9. Sept. 2021 11:45,0,0,0,
9. Sept. 2021 12:00,0,0,0,
9. Sept. 2021 12:15,0,0,0,
9. Sept. 2021 12:30,0,0,0,
9. Sept. 2021 12:45,0,0,0,
9. Sept. 2021 13:00,0,0,0,
9. Sept. 2021 13:15,0,0,0,
9. Sept. 2021 13:30,0,0,0,
9. Sept. 2021 13:45,0,0,0,
9. Sept. 2021 14:00,0,0,0,
9. Sept. 2021 14:15,0,0,0,
9. Sept. 2021 14:30,0,0,0,
9. Sept. 2021 14:45,0,0,0,
9. Sept. 2021 15:00,0,0,0,
9. Sept. 2021 15:15,0,0,0,
9. Sept. 2021 15:30,0,0,0,
9. Sept. 2021 15:45,0,0,0,
9. Sept. 2021 16:00,0,0,0,
9. Sept. 2021 16:15,0,0,0,
9. Sept. 2021 16:30,0,0,0,
9. Sept. 2021 16:45,0,0,0,
9. Sept. 2021 17:00,0,0,0,
9. Sept. 2021 17:15,0,0,0,
9. Sept. 2021 17:30,0,0,0,
9. Sept. 2021 17:45,0,0,0,
9. Sept. 2021 18:00,0,0,0,
9. Sept. 2021 18:15,0,0,0,
9. Sept. 2021 18:30,0,0,0,
9. Sept. 2021 18:45,0,0,0,
9. Sept. 2021 19:00,0,0,0,
9. Sept. 2021 19:15,0,0,0,
9. Sept. 2021 19:30,0,0,0,
9. Sept. 2021 19:45,0,0,0,
9. Sept. 2021 20:00,0,0,0,
9. Sept. 2021 20:15,0,0,0,
9. Sept. 2021 20:30,0,0,0,
9. Sept. 2021 20:45,0,0,0,
9. Sept. 2021 21:00,0,0,0,
9. Sept. 2021 21:15,0,0,0,
9. Sept. 2021 21:30,0,0,0,
9. Sept. 2021 21:45,0,0,0,
9. Sept. 2021 22:00,0,0,0,
9. Sept. 2021 22:15,0,0,0,
9. Sept. 2021 22:30,0,0,0,
9. Sept. 2021 22:45,0,0,0,
9. Sept. 2021 23:00,0,0,0,
9. Sept. 2021 23:15,0,0,0,
9. Sept. 2021 23:30,0,0,0,
9. Sept. 2021 23:45,0,0,0,
10. Sept. 2021 00:00,0,0,0,
10. Sept. 2021 00:15,0,0,0,
10. Sept. 2021 00:30,0,0,0,
10. Sept. 2021 00:45,0,0,0,
10. Sept. 2021 01:00,0,0,0,
10. Sept. 2021 01:15,0,0,0,
10. Sept. 2021 01:30,0,0,0,
10. Sept. 2021 01:45,0,0,0,
10. Sept. 2021 02:00,0,0,0,
10. Sept. 2021 02:15,0,0,0,
10. Sept. 2021 02:30,0,0,0,
10. Sept. 2021 02:45,0,0,0,
10. Sept. 2021 03:00,0,0,0,
10. Sept. 2021 03:15,0,0,0,
10. Sept. 2021 03:30,0,0,0,
10. Sept. 2021 03:45,0,0,0,
10. Sept. 2021 04:00,0,0,0,
10. Sept. 2021 04:15,0,0,0,
10. Sept. 2021 04:30,0,0,0,
10. Sept. 2021 04:45,0,0,0,
10. Sept. 2021 05:00,0,0,0,
10. Sept. 2021 05:15,0,0,0,
10. Sept. 2021 05:30,0,0,0,
10. Sept. 2021 05:45,0,0,0,
10. Sept. 2021 06:00,0,0,0,
10. Sept. 2021 06:15,0,0,0,
10. Sept. 2021 06:30,0,0,0,
10. Sept. 2021 06:45,0,0,0,
10. Sept. 2021 07:00,0,0,0,
10. Sept. 2021 07:15,0,0,0,
10. Sept. 2021 07:30,0,0,0,
10. Sept. 2021 07:45,0,0,0,
10. Sept. 2021 08:00,0,0,0,
10. Sept. 2021 08:15,0,0,0,
10. Sept. 2021 08:30,0,0,0,
10. Sept. 2021 08:45,0,0,0,
10. Sept. 2021 09:00,0,0,0,
10. Sept. 2021 09:15,0,0,0,
10. Sept. 2021 09:30,0,0,0,
10. Sept. 2021 09:45,0,0,0,
10. Sept. 2021 10:00,0,0,0,
10. Sept. 2021 10:15,0,0,0,
10. Sept. 2021 10:30,0,0,0,
10. Sept. 2021 10:45,0,0,0,
10. Sept. 2021 11:00,0,0,0,
10. Sept. 2021 11:15,0,0,0,
10. Sept. 2021 11:30,0,0,0,
10. Sept. 2021 11:45,0,0,0,
10. Sept. 2021 12:00,0,0,0,
10. Sept. 2021 12:15,0,0,0,
10. Sept. 2021 12:30,0,0,0,
10. Sept. 2021 12:45,0,0,0,
10. Sept. 2021 13:00,0,0,0,
10. Sept. 2021 13:15,0,0,0,
10. Sept. 2021 13:30,0,0,0,
10. Sept. 2021 13:45,0,0,0,
10. Sept. 2021 14:00,0,0,0,
10. Sept. 2021 14:15,0,0,0,
10. Sept. 2021 14:30,0,0,0,
10. Sept. 2021 14:45,0,0,0,
10. Sept. 2021 15:00,0,0,0,
10. Sept. 2021 15:15,0,0,0,
10. Sept. 2021 15:30,0,0,0,
10. Sept. 2021 15:45,0,0,0,
10. Sept. 2021 16:00,0,0,0,
10. Sept. 2021 16:15,0,0,0,
10. Sept. 2021 16:30,0,0,0,
10. Sept. 2021 16:45,0,0,0,
10. Sept. 2021 17:00,0,0,0,
10. Sept. 2021 17:15,0,0,0,
10. Sept. 2021 17:30,0,0,0,
10. Sept. 2021 17:45,0,0,0,
10. Sept. 2021 18:00,0,0,0,
10. Sept. 2021 18:15,0,0,0,
10. Sept. 2021 18:30,0,0,0,
10. Sept. 2021 18:45,0,0,0,
10. Sept. 2021 19:00,0,0,0,
10. Sept. 2021 19:15,0,0,0,
10. Sept. 2021 19:30,0,0,0,
10. Sept. 2021 19:45,0,0,0,
10. Sept. 2021 20:00,0,0,0,
10. Sept. 2021 20:15,0,0,0,
10. Sept. 2021 20:30,0,0,0,
10. Sept. 2021 20:45,0,0,0,
10. Sept. 2021 21:00,0,0,0,
10. Sept. 2021 21:15,0,0,0,
10. Sept. 2021 21:30,0,0,0,
10. Sept. 2021 21:45,0,0,0,
10. Sept. 2021 22:00,0,0,0,
10. Sept. 2021 22:15,0,0,0,
10. Sept. 2021 22:30,0,0,0,
10. Sept. 2021 22:45,0,0,0,
10. Sept. 2021 23:00,0,0,0,
10. Sept. 2021 23:15,0,0,0,
10. Sept. 2021 23:30,0,0,0,
10. Sept. 2021 23:45,0,0,0,
11. Sept. 2021 00:00,0,0,0,
11. Sept. 2021 00:15,0,0,0,
11. Sept. 2021 00:30,0,0,0,
11. Sept. 2021 00:45,0,0,0,
11. Sept. 2021 01:00,0,0,0,
11. Sept. 2021 01:15,0,0,0,
11. Sept. 2021 01:30,0,0,0,
11. Sept. 2021 01:45,0,0,0,
11. Sept. 2021 02:00,0,0,0,
11. Sept. 2021 02:15,0,0,0,
11. Sept. 2021 02:30,0,0,0,
11. Sept. 2021 02:45,0,0,0,
11. Sept. 2021 03:00,0,0,0,
11. Sept. 2021 03:15,0,0,0,
11. Sept. 2021 03:30,0,0,0,
11. Sept. 2021 03:45,0,0,0,
11. Sept. 2021 04:00,0,0,0,
11. Sept. 2021 04:15,0,0,0,
11. Sept. 2021 04:30,0,0,0,
11. Sept. 2021 04:45,0,0,0,
11. Sept. 2021 05:00,0,0,0,
11. Sept. 2021 05:15,0,0,0,
11. Sept. 2021 05:30,0,0,0,
11. Sept. 2021 05:45,0,0,0,
11. Sept. 2021 06:00,0,0,0,
11. Sept. 2021 06:15,0,0,0,
11. Sept. 2021 06:30,0,0,0,
11. Sept. 2021 06:45,0,0,0,
11. Sept. 2021 07:00,0,0,0,
11. Sept. 2021 07:15,0,0,0,
11. Sept. 2021 07:30,0,0,0,
11. Sept. 2021 07:45,0,0,0,
11. Sept. 2021 08:00,0,0,0,
11. Sept. 2021 08:15,0,0,0,
11. Sept. 2021 08:30,0,0,0,
11. Sept. 2021 08:45,0,0,0,
11. Sept. 2021 09:00,0,0,0,
11. Sept. 2021 09:15,0,0,0,
11. Sept. 2021 09:30,0,0,0,
11. Sept. 2021 09:45,0,0,0,
11. Sept. 2021 10:00,0,0,0,
11. Sept. 2021 10:15,0,0,0,
11. Sept. 2021 10:30,0,0,0,
11. Sept. 2021 10:45,0,0,0,
11. Sept. 2021 11:00,0,0,0,
11. Sept. 2021 11:15,0,0,0,
11. Sept. 2021 11:30,0,0,0,
11. Sept. 2021 11:45,0,0,0,
11. Sept. 2021 12:00,0,0,0,
11. Sept. 2021 12:15,0,0,0,
11. Sept. 2021 12:30,0,0,0,
11. Sept. 2021 12:45,0,0,0,
11. Sept. 2021 13:00,0,0,0,
11. Sept. 2021 13:15,0,0,0,
11. Sept. 2021 13:30,0,0,0,
11. Sept. 2021 13:45,0,0,0,
11. Sept. 2021 14:00,0,0,0,
11. Sept. 2021 14:15,0,0,0,
11. Sept. 2021 14:30,0,0,0,
11. Sept. 2021 14:45,0,0,0,
11. Sept. 2021 15:00,0,0,0,
11. Sept. 2021 15:15,0,0,0,
11. Sept. 2021 15:30,0,0,0,
11. Sept. 2021 15:45,0,0,0,
11. Sept. 2021 16:00,0,0,0,
11. Sept. 2021 16:15,0,0,0,
11. Sept. 2021 16:30,0,0,0,
11. Sept. 2021 16:45,0,0,0,
11. Sept. 2021 17:00,0,0,0,
11. Sept. 2021 17:15,0,0,0,
11. Sept. 2021 17:30,0,0,0,
11. Sept. 2021 17:45,0,0,0,
11. Sept. 2021 18:00,0,0,0,
11. Sept. 2021 18:15,0,0,0,
11. Sept. 2021 18:30,0,0,0,
11. Sept. 2021 18:45,0,0,0,
11. Sept. 2021 19:00,0,0,0,
11. Sept. 2021 19:15,0,0,0,
11. Sept. 2021 19:30,0,0,0,
11. Sept. 2021 19:45,0,0,0,
11. Sept. 2021 20:00,0,0,0,
11. Sept. 2021 20:15,0,0,0,
11. Sept. 2021 20:30,0,0,0,
11. Sept. 2021 20:45,0,0,0,
11. Sept. 2021 21:00,0,0,0,
11. Sept. 2021 21:15,0,0,0,
11. Sept. 2021 21:30,0,0,0,
11. Sept. 2021 21:45,0,0,0,
11. Sept. 2021 22:00,0,0,0,
11. Sept. 2021 22:15,0,0,0,
11. Sept. 2021 22:30,0,0,0,
11. Sept. 2021 22:45,0,0,0,
11. Sept. 2021 23:00,0,0,0,
11. Sept. 2021 23:15,0,0,0,
11. Sept. 2021 23:30,0,0,0,
11. Sept. 2021 23:45,0,0,0,
12. Sept. 2021 00:00,0,0,0,
12. Sept. 2021 00:15,0,0,0,
12. Sept. 2021 00:30,0,0,0,
12. Sept. 2021 00:45,0,0,0,
12. Sept. 2021 01:00,0,0,0,
12. Sept. 2021 01:15,0,0,0,
12. Sept. 2021 01:30,0,0,0,
12. Sept. 2021 01:45,0,0,0,
12. Sept. 2021 02:00,0,0,0,
12. Sept. 2021 02:15,0,0,0,
12. Sept. 2021 02:30,0,0,0,
12. Sept. 2021 02:45,0,0,0,
12. Sept. 2021 03:00,0,0,0,
12. Sept. 2021 03:15,0,0,0,
12. Sept. 2021 03:30,0,0,0,
12. Sept. 2021 03:45,0,0,0,
12. Sept. 2021 04:00,0,0,0,
12. Sept. 2021 04:15,0,0,0,
12. Sept. 2021 04:30,0,0,0,
12. Sept. 2021 04:45,0,0,0,
12. Sept. 2021 05:00,0,0,0,
12. Sept. 2021 05:15,0,0,0,
12. Sept. 2021 05:30,0,0,0,
12. Sept. 2021 05:45,0,0,0,
12. Sept. 2021 06:00,0,0,0,
12. Sept. 2021 06:15,0,0,0,
12. Sept. 2021 06:30,0,0,0,
12. Sept. 2021 06:45,0,0,0,
12. Sept. 2021 07:00,0,0,0,
12. Sept. 2021 07:15,0,0,0,
12. Sept. 2021 07:30,0,0,0,
12. Sept. 2021 07:45,0,0,0,
12. Sept. 2021 08:00,0,0,0,
12. Sept. 2021 08:15,0,0,0,
12. Sept. 2021 08:30,0,0,0,
12. Sept. 2021 08:45,0,0,0,
12. Sept. 2021 09:00,0,0,0,
12. Sept. 2021 09:15,0,0,0,
12. Sept. 2021 09:30,0,0,0,
12. Sept. 2021 09:45,0,0,0,
12. Sept. 2021 10:00,0,0,0,
12. Sept. 2021 10:15,0,0,0,
12. Sept. 2021 10:30,0,0,0,
12. Sept. 2021 10:45,0,0,0,
12. Sept. 2021 11:00,0,0,0,
12. Sept. 2021 11:15,0,0,0,
12. Sept. 2021 11:30,0,0,0,
12. Sept. 2021 11:45,0,0,0,
12. Sept. 2021 12:00,0,0,0,
12. Sept. 2021 12:15,0,0,0,
12. Sept. 2021 12:30,0,0,0,
12. Sept. 2021 12:45,0,0,0,
12. Sept. 2021 13:00,0,0,0,
12. Sept. 2021 13:15,0,0,0,
12. Sept. 2021 13:30,0,0,0,
12. Sept. 2021 13:45,0,0,0,
12. Sept. 2021 14:00,0,0,0,
12. Sept. 2021 14:15,0,0,0,
12. Sept. 2021 14:30,0,0,0,
12. Sept. 2021 14:45,0,0,0,
12. Sept. 2021 15:00,0,0,0,
12. Sept. 2021 15:15,0,0,0,
12. Sept. 2021 15:30,0,0,0,
12. Sept. 2021 15:45,0,0,0,
12. Sept. 2021 16:00,0,0,0,
12. Sept. 2021 16:15,0,0,0,
12. Sept. 2021 16:30,0,0,0,
12. Sept. 2021 16:45,0,0,0,
12. Sept. 2021 17:00,0,0,0,
12. Sept. 2021 17:15,0,0,0,
12. Sept. 2021 17:30,0,0,0,
12. Sept. 2021 17:45,0,0,0,
12. Sept. 2021 18:00,0,0,0,
12. Sept. 2021 18:15,0,0,0,
12. Sept. 2021 18:30,0,0,0,
12. Sept. 2021 18:45,0,0,0,
12. Sept. 2021 19:00,0,0,0,
12. Sept. 2021 19:15,0,0,0,
12. Sept. 2021 19:30,0,0,0,
12. Sept. 2021 19:45,0,0,0,
12. Sept. 2021 20:00,0,0,0,
12. Sept. 2021 20:15,0,0,0,
12. Sept. 2021 20:30,0,0,0,
12. Sept. 2021 20:45,0,0,0,
12. Sept. 2021 21:00,0,0,0,
12. Sept. 2021 21:15,0,0,0,
12. Sept. 2021 21:30,0,0,0,
12. Sept. 2021 21:45,0,0,0,
12. Sept. 2021 22:00,0,0,0,
12. Sept. 2021 22:15,0,0,0,
12. Sept. 2021 22:30,0,0,0,
12. Sept. 2021 22:45,0,0,0,
12. Sept. 2021 23:00,0,0,0,
12. Sept. 2021 23:15,0,0,0,
12. Sept. 2021 23:30,0,0,0,
12. Sept. 2021 23:45,0,0,0,
13. Sept. 2021 00:00,0,0,0,
13. Sept. 2021 00:15,0,0,0,
13. Sept. 2021 00:30,0,0,0,
13. Sept. 2021 00:45,0,0,0,
13. Sept. 2021 01:00,0,0,0,
13. Sept. 2021 01:15,0,0,0,
13. Sept. 2021 01:30,0,0,0,
13. Sept. 2021 01:45,0,0,0,
13. Sept. 2021 02:00,0,0,0,
13. Sept. 2021 02:15,0,0,0,
13. Sept. 2021 02:30,0,0,0,
13. Sept. 2021 02:45,0,0,0,
13. Sept. 2021 03:00,0,0,0,
13. Sept. 2021 03:15,0,0,0,
13. Sept. 2021 03:30,0,0,0,
13. Sept. 2021 03:45,0,0,0,
13. Sept. 2021 04:00,0,0,0,
13. Sept. 2021 04:15,0,0,0,
13. Sept. 2021 04:30,0,0,0,
13. Sept. 2021 04:45,0,0,0,
13. Sept. 2021 05:00,0,0,0,
13. Sept. 2021 05:15,0,0,0,
13. Sept. 2021 05:30,0,0,0,
13. Sept. 2021 05:45,0,0,0,
13. Sept. 2021 06:00,0,0,0,
13. Sept. 2021 06:15,0,0,0,
13. Sept. 2021 06:30,0,0,0,
13. Sept. 2021 06:45,0,0,0,
13. Sept. 2021 07:00,0,0,0,
13. Sept. 2021 07:15,0,0,0,
13. Sept. 2021 07:30,0,0,0,
13. Sept. 2021 07:45,0,0,0,
13. Sept. 2021 08:00,0,0,0,
13. Sept. 2021 08:15,0,0,0,
13. Sept. 2021 08:30,0,0,0,
13. Sept. 2021 08:45,0,0,0,
13. Sept. 2021 09:00,0,0,0,
13. Sept. 2021 09:15,0,0,0,
13. Sept. 2021 09:30,0,0,0,
13. Sept. 2021 09:45,0,0,0,
13. Sept. 2021 10:00,0,0,0,
13. Sept. 2021 10:15,0,0,0,
13. Sept. 2021 10:30,0,0,0,
13. Sept. 2021 10:45,0,0,0,
13. Sept. 2021 11:00,0,0,0,
13. Sept. 2021 11:15,0,0,0,
13. Sept. 2021 11:30,0,0,0,
13. Sept. 2021 11:45,0,0,0,
13. Sept. 2021 12:00,0,0,0,
13. Sept. 2021 12:15,0,0,0,
13. Sept. 2021 12:30,0,0,0,
13. Sept. 2021 12:45,0,0,0,
13. Sept. 2021 13:00,0,0,0,
13. Sept. 2021 13:15,0,0,0,
13. Sept. 2021 13:30,0,0,0,
13. Sept. 2021 13:45,0,0,0,
13. Sept. 2021 14:00,0,0,0,
13. Sept. 2021 14:15,0,0,0,
13. Sept. 2021 14:30,0,0,0,
13. Sept. 2021 14:45,0,0,0,
13. Sept. 2021 15:00,0,0,0,
13. Sept. 2021 15:15,0,0,0,
13. Sept. 2021 15:30,0,0,0,
13. Sept. 2021 15:45,0,0,0,
13. Sept. 2021 16:00,0,0,0,
13. Sept. 2021 16:15,0,0,0,
13. Sept. 2021 16:30,0,0,0,
13. Sept. 2021 16:45,0,0,0,
13. Sept. 2021 17:00,0,0,0,
13. Sept. 2021 17:15,0,0,0,
13. Sept. 2021 17:30,0,0,0,
13. Sept. 2021 17:45,0,0,0,
13. Sept. 2021 18:00,0,0,0,
13. Sept. 2021 18:15,0,0,0,
13. Sept. 2021 18:30,0,0,0,
13. Sept. 2021 18:45,0,0,0,
13. Sept. 2021 19:00,0,0,0,
13. Sept. 2021 19:15,0,0,0,
13. Sept. 2021 19:30,0,0,0,
13. Sept. 2021 19:45,0,0,0,
13. Sept. 2021 20:00,0,0,0,
13. Sept. 2021 20:15,0,0,0,
13. Sept. 2021 20:30,0,0,0,
13. Sept. 2021 20:45,0,0,0,
13. Sept. 2021 21:00,0,0,0,
13. Sept. 2021 21:15,0,0,0,
13. Sept. 2021 21:30,0,0,0,
13. Sept. 2021 21:45,0,0,0,
13. Sept. 2021 22:00,0,0,0,
13. Sept. 2021 22:15,0,0,0,
13. Sept. 2021 22:30,0,0,0,
13. Sept. 2021 22:45,0,0,0,
13. Sept. 2021 23:00,0,0,0,
13. Sept. 2021 23:15,0,0,0,
13. Sept. 2021 23:30,0,0,0,
13. Sept. 2021 23:45,0,0,0,
14. Sept. 2021 00:00,0,0,0,
14. Sept. 2021 00:15,0,0,0,
14. Sept. 2021 00:30,0,0,0,
14. Sept. 2021 00:45,0,0,0,
14. Sept. 2021 01:00,0,0,0,
14. Sept. 2021 01:15,0,0,0,
14. Sept. 2021 01:30,0,0,0,
14. Sept. 2021 01:45,0,0,0,
14. Sept. 2021 02:00,0,0,0,
14. Sept. 2021 02:15,0,0,0,
14. Sept. 2021 02:30,0,0,0,
14. Sept. 2021 02:45,0,0,0,
14. Sept. 2021 03:00,0,0,0,
14. Sept. 2021 03:15,0,0,0,
14. Sept. 2021 03:30,0,0,0,
14. Sept. 2021 03:45,0,0,0,
14. Sept. 2021 04:00,0,0,0,
14. Sept. 2021 04:15,0,0,0,
14. Sept. 2021 04:30,0,0,0,
14. Sept. 2021 04:45,0,0,0,
14. Sept. 2021 05:00,0,0,0,
14. Sept. 2021 05:15,0,0,0,
14. Sept. 2021 05:30,0,0,0,
14. Sept. 2021 05:45,0,0,0,
14. Sept. 2021 06:00,0,0,0,
14. Sept. 2021 06:15,0,0,0,
14. Sept. 2021 06:30,0,0,0,
14. Sept. 2021 06:45,0,0,0,
14. Sept. 2021 07:00,0,0,0,
14. Sept. 2021 07:15,0,0,0,
14. Sept. 2021 07:30,0,0,0,
14. Sept. 2021 07:45,0,0,0,
14. Sept. 2021 08:00,0,0,0,
14. Sept. 2021 08:15,0,0,0,
14. Sept. 2021 08:30,0,0,0,
14. Sept. 2021 08:45,0,0,0,
14. Sept. 2021 09:00,0,0,0,
14. Sept. 2021 09:15,0,0,0,
14. Sept. 2021 09:30,0,0,0,
14. Sept. 2021 09:45,0,0,0,
14. Sept. 2021 10:00,0,0,0,
14. Sept. 2021 10:15,0,0,0,
14. Sept. 2021 10:30,0,0,0,
14. Sept. 2021 10:45,0,0,0,
14. Sept. 2021 11:00,0,0,0,
14. Sept. 2021 11:15,0,0,0,
14. Sept. 2021 11:30,0,0,0,
14. Sept. 2021 11:45,0,0,0,
14. Sept. 2021 12:00,0,0,0,
14. Sept. 2021 12:15,0,0,0,
14. Sept. 2021 12:30,0,0,0,
14. Sept. 2021 12:45,0,0,0,
14. Sept. 2021 13:00,0,0,0,
14. Sept. 2021 13:15,0,0,0,
14. Sept. 2021 13:30,0,0,0,
14. Sept. 2021 13:45,0,0,0,
14. Sept. 2021 14:00,0,0,0,
14. Sept. 2021 14:15,0,0,0,
14. Sept. 2021 14:30,0,0,0,
14. Sept. 2021 14:45,0,0,0,
14. Sept. 2021 15:00,0,0,0,
14. Sept. 2021 15:15,0,0,0,
14. Sept. 2021 15:30,0,0,0,
14. Sept. 2021 15:45,0,0,0,
14. Sept. 2021 16:00,0,0,0,
14. Sept. 2021 16:15,0,0,0,
14. Sept. 2021 16:30,0,0,0,
14. Sept. 2021 16:45,0,0,0,
14. Sept. 2021 17:00,0,0,0,
14. Sept. 2021 17:15,0,0,0,
14. Sept. 2021 17:30,0,0,0,
14. Sept. 2021 17:45,0,0,0,
14. Sept. 2021 18:00,0,0,0,
14. Sept. 2021 18:15,0,0,0,
14. Sept. 2021 18:30,0,0,0,
14. Sept. 2021 18:45,0,0,0,
14. Sept. 2021 19:00,0,0,0,
14. Sept. 2021 19:15,0,0,0,
14. Sept. 2021 19:30,0,0,0,
14. Sept. 2021 19:45,0,0,0,
14. Sept. 2021 20:00,0,0,0,
14. Sept. 2021 20:15,0,0,0,
14. Sept. 2021 20:30,0,0,0,
14. Sept. 2021 20:45,0,0,0,
14. Sept. 2021 21:00,0,0,0,
14. Sept. 2021 21:15,0,0,0,
14. Sept. 2021 21:30,0,0,0,
14. Sept. 2021 21:45,0,0,0,
14. Sept. 2021 22:00,0,0,0,
14. Sept. 2021 22:15,0,0,0,
14. Sept. 2021 22:30,0,0,0,
14. Sept. 2021 22:45,0,0,0,
14. Sept. 2021 23:00,0,0,0,
14. Sept. 2021 23:15,0,0,0,
14. Sept. 2021 23:30,0,0,0,
14. Sept. 2021 23:45,0,0,0,
15. Sept. 2021 00:00,0,0,0,
15. Sept. 2021 00:15,0,0,0,
15. Sept. 2021 00:30,0,0,0,
15. Sept. 2021 00:45,0,0,0,
15. Sept. 2021 01:00,0,0,0,
15. Sept. 2021 01:15,0,0,0,
15. Sept. 2021 01:30,0,0,0,
15. Sept. 2021 01:45,0,0,0,
15. Sept. 2021 02:00,0,0,0,
15. Sept. 2021 02:15,0,0,0,
15. Sept. 2021 02:30,0,0,0,
15. Sept. 2021 02:45,0,0,0,
15. Sept. 2021 03:00,0,0,0,
15. Sept. 2021 03:15,0,0,0,
15. Sept. 2021 03:30,0,0,0,
15. Sept. 2021 03:45,0,0,0,
15. Sept. 2021 04:00,0,0,0,
15. Sept. 2021 04:15,0,0,0,
15. Sept. 2021 04:30,0,0,0,
15. Sept. 2021 04:45,0,0,0,
15. Sept. 2021 05:00,0,0,0,
15. Sept. 2021 05:15,0,0,0,
15. Sept. 2021 05:30,0,0,0,
15. Sept. 2021 05:45,0,0,0,
15. Sept. 2021 06:00,0,0,0,
15. Sept. 2021 06:15,0,0,0,
15. Sept. 2021 06:30,0,0,0,
15. Sept. 2021 06:45,0,0,0,
15. Sept. 2021 07:00,0,0,0,
15. Sept. 2021 07:15,0,0,0,
15. Sept. 2021 07:30,0,0,0,
15. Sept. 2021 07:45,0,0,0,
15. Sept. 2021 08:00,0,0,0,
15. Sept. 2021 08:15,0,0,0,
15. Sept. 2021 08:30,0,0,0,
15. Sept. 2021 08:45,0,0,0,
15. Sept. 2021 09:00,0,0,0,
15. Sept. 2021 09:15,0,0,0,
15. Sept. 2021 09:30,0,0,0,
15. Sept. 2021 09:45,0,0,0,
15. Sept. 2021 10:00,0,0,0,
15. Sept. 2021 10:15,0,0,0,
15. Sept. 2021 10:30,0,0,0,
15. Sept. 2021 10:45,0,0,0,
15. Sept. 2021 11:00,0,0,0,
15. Sept. 2021 11:15,0,0,0,
15. Sept. 2021 11:30,0,0,0,
15. Sept. 2021 11:45,0,0,0,
15. Sept. 2021 12:00,0,0,0,
15. Sept. 2021 12:15,0,0,0,
15. Sept. 2021 12:30,0,0,0,
15. Sept. 2021 12:45,0,0,0,
15. Sept. 2021 13:00,0,0,0,
15. Sept. 2021 13:15,0,0,0,
15. Sept. 2021 13:30,0,0,0,
15. Sept. 2021 13:45,0,0,0,
15. Sept. 2021 14:00,0,0,0,
15. Sept. 2021 14:15,0,0,0,
15. Sept. 2021 14:30,0,0,0,
15. Sept. 2021 14:45,0,0,0,
15. Sept. 2021 15:00,0,0,0,
15. Sept. 2021 15:15,0,0,0,
15. Sept. 2021 15:30,0,0,0,
15. Sept. 2021 15:45,0,0,0,
15. Sept. 2021 16:00,0,0,0,
15. Sept. 2021 16:15,0,0,0,
15. Sept. 2021 16:30,0,0,0,
15. Sept. 2021 16:45,0,0,0,
15. Sept. 2021 17:00,0,0,0,
15. Sept. 2021 17:15,0,0,0,
15. Sept. 2021 17:30,0,0,0,
15. Sept. 2021 17:45,0,0,0,
15. Sept. 2021 18:00,0,0,0,
15. Sept. 2021 18:15,0,0,0,
15. Sept. 2021 18:30,0,0,0,
15. Sept. 2021 18:45,0,0,0,
15. Sept. 2021 19:00,0,0,0,
15. Sept. 2021 19:15,0,0,0,
15. Sept. 2021 19:30,0,0,0,
15. Sept. 2021 19:45,0,0,0,
15. Sept. 2021 20:00,0,0,0,
15. Sept. 2021 20:15,0,0,0,
15. Sept. 2021 20:30,0,0,0,
15. Sept. 2021 20:45,0,0,0,
15. Sept. 2021 21:00,0,0,0,
15. Sept. 2021 21:15,0,0,0,
15. Sept. 2021 21:30,0,0,0,
15. Sept. 2021 21:45,0,0,0,
15. Sept. 2021 22:00,0,0,0,
15. Sept. 2021 22:15,0,0,0,
15. Sept. 2021 22:30,0,0,0,
15. Sept. 2021 22:45,0,0,0,
15. Sept. 2021 23:00,0,0,0,
15. Sept. 2021 23:15,0,0,0,
15. Sept. 2021 23:30,0,0,0,
15. Sept. 2021 23:45,0,0,0,
16. Sept. 2021 00:00,0,0,0,
16. Sept. 2021 00:15,0,0,0,
16. Sept. 2021 00:30,0,0,0,
16. Sept. 2021 00:45,0,0,0,
16. Sept. 2021 01:00,0,0,0,
16. Sept. 2021 01:15,0,0,0,
16. Sept. 2021 01:30,0,0,0,
16. Sept. 2021 01:45,0,0,0,
16. Sept. 2021 02:00,0,0,0,
16. Sept. 2021 02:15,0,0,0,
16. Sept. 2021 02:30,0,0,0,
16. Sept. 2021 02:45,0,0,0,
16. Sept. 2021 03:00,0,0,0,
16. Sept. 2021 03:15,0,0,0,
16. Sept. 2021 03:30,0,0,0,
16. Sept. 2021 03:45,0,0,0,
16. Sept. 2021 04:00,0,0,0,
16. Sept. 2021 04:15,0,0,0,
16. Sept. 2021 04:30,0,0,0,
16. Sept. 2021 04:45,0,0,0,
16. Sept. 2021 05:00,0,0,0,
16. Sept. 2021 05:15,0,0,0,
16. Sept. 2021 05:30,0,0,0,
16. Sept. 2021 05:45,0,0,0,
16. Sept. 2021 06:00,0,0,0,
16. Sept. 2021 06:15,0,0,0,
16. Sept. 2021 06:30,0,0,0,
16. Sept. 2021 06:45,0,0,0,
16. Sept. 2021 07:00,0,0,0,
16. Sept. 2021 07:15,0,0,0,
16. Sept. 2021 07:30,0,0,0,
16. Sept. 2021 07:45,0,0,0,
16. Sept. 2021 08:00,0,0,0,
16. Sept. 2021 08:15,0,0,0,
16. Sept. 2021 08:30,0,0,0,
16. Sept. 2021 08:45,0,0,0,
16. Sept. 2021 09:00,0,0,0,
16. Sept. 2021 09:15,0,0,0,
16. Sept. 2021 09:30,0,0,0,
16. Sept. 2021 09:45,0,0,0,
16. Sept. 2021 10:00,0,0,0,
16. Sept. 2021 10:15,0,0,0,
16. Sept. 2021 10:30,0,0,0,
16. Sept. 2021 10:45,0,0,0,
16. Sept. 2021 11:00,0,0,0,
16. Sept. 2021 11:15,0,0,0,
16. Sept. 2021 11:30,0,0,0,
16. Sept. 2021 11:45,0,0,0,
16. Sept. 2021 12:00,0,0,0,
16. Sept. 2021 12:15,0,0,0,
16. Sept. 2021 12:30,0,0,0,
16. Sept. 2021 12:45,0,0,0,
16. Sept. 2021 13:00,0,0,0,
16. Sept. 2021 13:15,0,0,0,
16. Sept. 2021 13:30,0,0,0,
16. Sept. 2021 13:45,0,0,0,
16. Sept. 2021 14:00,0,0,0,
16. Sept. 2021 14:15,0,0,0,
16. Sept. 2021 14:30,0,0,0,
16. Sept. 2021 14:45,0,0,0,
16. Sept. 2021 15:00,0,0,0,
16. Sept. 2021 15:15,0,0,0,
16. Sept. 2021 15:30,0,0,0,
16. Sept. 2021 15:45,0,0,0,
16. Sept. 2021 16:00,0,0,0,
16. Sept. 2021 16:15,0,0,0,
16. Sept. 2021 16:30,0,0,0,
16. Sept. 2021 16:45,0,0,0,
16. Sept. 2021 17:00,0,0,0,
16. Sept. 2021 17:15,0,0,0,
16. Sept. 2021 17:30,0,0,0,
16. Sept. 2021 17:45,0,0,0,
16. Sept. 2021 18:00,0,0,0,
16. Sept. 2021 18:15,0,0,0,
16. Sept. 2021 18:30,0,0,0,
16. Sept. 2021 18:45,0,0,0,
16. Sept. 2021 19:00,0,0,0,
16. Sept. 2021 19:15,0,0,0,
16. Sept. 2021 19:30,0,0,0,
16. Sept. 2021 19:45,0,0,0,
16. Sept. 2021 20:00,0,0,0,
16. Sept. 2021 20:15,0,0,0,
16. Sept. 2021 20:30,0,0,0,
16. Sept. 2021 20:45,0,0,0,
16. Sept. 2021 21:00,0,0,0,
16. Sept. 2021 21:15,0,0,0,
16. Sept. 2021 21:30,0,0,0,
16. Sept. 2021 21:45,0,0,0,
16. Sept. 2021 22:00,0,0,0,
16. Sept. 2021 22:15,0,0,0,
16. Sept. 2021 22:30,0,0,0,
16. Sept. 2021 22:45,0,0,0,
16. Sept. 2021 23:00,0,0,0,
16. Sept. 2021 23:15,0,0,0,
16. Sept. 2021 23:30,0,0,0,
16. Sept. 2021 23:45,0,0,0,
17. Sept. 2021 00:00,0,0,0,
17. Sept. 2021 00:15,0,0,0,
17. Sept. 2021 00:30,0,0,0,
17. Sept. 2021 00:45,0,0,0,
17. Sept. 2021 01:00,0,0,0,
17. Sept. 2021 01:15,0,0,0,
17. Sept. 2021 01:30,0,0,0,
17. Sept. 2021 01:45,0,0,0,
17. Sept. 2021 02:00,0,0,0,
17. Sept. 2021 02:15,0,0,0,
17. Sept. 2021 02:30,0,0,0,
17. Sept. 2021 02:45,0,0,0,
17. Sept. 2021 03:00,0,0,0,
17. Sept. 2021 03:15,0,0,0,
17. Sept. 2021 03:30,0,0,0,
17. Sept. 2021 03:45,0,0,0,
17. Sept. 2021 04:00,0,0,0,
17. Sept. 2021 04:15,0,0,0,
17. Sept. 2021 04:30,0,0,0,
17. Sept. 2021 04:45,0,0,0,
17. Sept. 2021 05:00,0,0,0,
17. Sept. 2021 05:15,0,0,0,
17. Sept. 2021 05:30,0,0,0,
17. Sept. 2021 05:45,0,0,0,
17. Sept. 2021 06:00,0,0,0,
17. Sept. 2021 06:15,0,0,0,
17. Sept. 2021 06:30,0,0,0,
17. Sept. 2021 06:45,0,0,0,
17. Sept. 2021 07:00,0,0,0,
17. Sept. 2021 07:15,0,0,0,
17. Sept. 2021 07:30,0,0,0,
17. Sept. 2021 07:45,0,0,0,
17. Sept. 2021 08:00,0,0,0,
17. Sept. 2021 08:15,0,0,0,
17. Sept. 2021 08:30,0,0,0,
17. Sept. 2021 08:45,0,0,0,
17. Sept. 2021 09:00,0,0,0,
17. Sept. 2021 09:15,0,0,0,
17. Sept. 2021 09:30,0,0,0,
17. Sept. 2021 09:45,0,0,0,
17. Sept. 2021 10:00,0,0,0,
17. Sept. 2021 10:15,0,0,0,
17. Sept. 2021 10:30,0,0,0,
17. Sept. 2021 10:45,0,0,0,
17. Sept. 2021 11:00,0,0,0,
17. Sept. 2021 11:15,0,0,0,
17. Sept. 2021 11:30,0,0,0,
17. Sept. 2021 11:45,0,0,0,
17. Sept. 2021 12:00,0,0,0,
17. Sept. 2021 12:15,0,0,0,
17. Sept. 2021 12:30,0,0,0,
17. Sept. 2021 12:45,0,0,0,
17. Sept. 2021 13:00,0,0,0,
17. Sept. 2021 13:15,0,0,0,
17. Sept. 2021 13:30,0,0,0,
17. Sept. 2021 13:45,0,0,0,
17. Sept. 2021 14:00,0,0,0,
17. Sept. 2021 14:15,0,0,0,
17. Sept. 2021 14:30,0,0,0,
17. Sept. 2021 14:45,0,0,0,
17. Sept. 2021 15:00,0,0,0,
17. Sept. 2021 15:15,0,0,0,
17. Sept. 2021 15:30,0,0,0,
17. Sept. 2021 15:45,0,0,0,
17. Sept. 2021 16:00,0,0,0,
17. Sept. 2021 16:15,0,0,0,
17. Sept. 2021 16:30,0,0,0,
17. Sept. 2021 16:45,0,0,0,
17. Sept. 2021 17:00,0,0,0,
17. Sept. 2021 17:15,0,0,0,
17. Sept. 2021 17:30,0,0,0,
17. Sept. 2021 17:45,0,0,0,
17. Sept. 2021 18:00,0,0,0,
17. Sept. 2021 18:15,0,0,0,
17. Sept. 2021 18:30,0,0,0,
17. Sept. 2021 18:45,0,0,0,
17. Sept. 2021 19:00,0,0,0,
17. Sept. 2021 19:15,0,0,0,
17. Sept. 2021 19:30,0,0,0,
17. Sept. 2021 19:45,0,0,0,
17. Sept. 2021 20:00,0,0,0,
17. Sept. 2021 20:15,0,0,0,
17. Sept. 2021 20:30,0,0,0,
17. Sept. 2021 20:45,0,0,0,
17. Sept. 2021 21:00,0,0,0,
17. Sept. 2021 21:15,0,0,0,
17. Sept. 2021 21:30,0,0,0,
17. Sept. 2021 21:45,0,0,0,
17. Sept. 2021 22:00,0,0,0,
17. Sept. 2021 22:15,0,0,0,
17. Sept. 2021 22:30,0,0,0,
17. Sept. 2021 22:45,0,0,0,
17. Sept. 2021 23:00,0,0,0,
17. Sept. 2021 23:15,0,0,0,
17. Sept. 2021 23:30,0,0,0,
17. Sept. 2021 23:45,0,0,0,
18. Sept. 2021 00:00,0,0,0,
18. Sept. 2021 00:15,0,0,0,
18. Sept. 2021 00:30,0,0,0,
18. Sept. 2021 00:45,0,0,0,
18. Sept. 2021 01:00,0,0,0,
18. Sept. 2021 01:15,0,0,0,
18. Sept. 2021 01:30,0,0,0,
18. Sept. 2021 01:45,0,0,0,
18. Sept. 2021 02:00,0,0,0,
18. Sept. 2021 02:15,0,0,0,
18. Sept. 2021 02:30,0,0,0,
18. Sept. 2021 02:45,0,0,0,
18. Sept. 2021 03:00,0,0,0,
18. Sept. 2021 03:15,0,0,0,
18. Sept. 2021 03:30,0,0,0,
18. Sept. 2021 03:45,0,0,0,
18. Sept. 2021 04:00,0,0,0,
18. Sept. 2021 04:15,0,0,0,
18. Sept. 2021 04:30,0,0,0,
18. Sept. 2021 04:45,0,0,0,
18. Sept. 2021 05:00,0,0,0,
18. Sept. 2021 05:15,0,0,0,
18. Sept. 2021 05:30,0,0,0,
18. Sept. 2021 05:45,0,0,0,
18. Sept. 2021 06:00,0,0,0,
18. Sept. 2021 06:15,0,0,0,
18. Sept. 2021 06:30,0,0,0,
18. Sept. 2021 06:45,0,0,0,
18. Sept. 2021 07:00,0,0,0,
18. Sept. 2021 07:15,0,0,0,
18. Sept. 2021 07:30,0,0,0,
18. Sept. 2021 07:45,0,0,0,
18. Sept. 2021 08:00,0,0,0,
18. Sept. 2021 08:15,0,0,0,
18. Sept. 2021 08:30,0,0,0,
18. Sept. 2021 08:45,0,0,0,
18. Sept. 2021 09:00,0,0,0,
18. Sept. 2021 09:15,0,0,0,
18. Sept. 2021 09:30,0,0,0,
18. Sept. 2021 09:45,0,0,0,
18. Sept. 2021 10:00,0,0,0,
18. Sept. 2021 10:15,0,0,0,
18. Sept. 2021 10:30,0,0,0,
18. Sept. 2021 10:45,0,0,0,
18. Sept. 2021 11:00,0,0,0,
18. Sept. 2021 11:15,0,0,0,
18. Sept. 2021 11:30,0,0,0,
18. Sept. 2021 11:45,0,0,0,
18. Sept. 2021 12:00,0,0,0,
18. Sept. 2021 12:15,0,0,0,
18. Sept. 2021 12:30,0,0,0,
18. Sept. 2021 12:45,0,0,0,
18. Sept. 2021 13:00,0,0,0,
18. Sept. 2021 13:15,0,0,0,
18. Sept. 2021 13:30,0,0,0,
18. Sept. 2021 13:45,0,0,0,
18. Sept. 2021 14:00,0,0,0,
18. Sept. 2021 14:15,0,0,0,
18. Sept. 2021 14:30,0,0,0,
18. Sept. 2021 14:45,0,0,0,
18. Sept. 2021 15:00,0,0,0,
18. Sept. 2021 15:15,0,0,0,
18. Sept. 2021 15:30,0,0,0,
18. Sept. 2021 15:45,0,0,0,
18. Sept. 2021 16:00,0,0,0,
18. Sept. 2021 16:15,0,0,0,
18. Sept. 2021 16:30,0,0,0,
18. Sept. 2021 16:45,0,0,0,
18. Sept. 2021 17:00,0,0,0,
18. Sept. 2021 17:15,0,0,0,
18. Sept. 2021 17:30,0,0,0,
18. Sept. 2021 17:45,0,0,0,
18. Sept. 2021 18:00,0,0,0,
18. Sept. 2021 18:15,0,0,0,
18. Sept. 2021 18:30,0,0,0,
18. Sept. 2021 18:45,0,0,0,
18. Sept. 2021 19:00,0,0,0,
18. Sept. 2021 19:15,0,0,0,
18. Sept. 2021 19:30,0,0,0,
18. Sept. 2021 19:45,0,0,0,
18. Sept. 2021 20:00,0,0,0,
18. Sept. 2021 20:15,0,0,0,
18. Sept. 2021 20:30,0,0,0,
18. Sept. 2021 20:45,0,0,0,
18. Sept. 2021 21:00,0,0,0,
18. Sept. 2021 21:15,0,0,0,
18. Sept. 2021 21:30,0,0,0,
18. Sept. 2021 21:45,0,0,0,
18. Sept. 2021 22:00,0,0,0,
18. Sept. 2021 22:15,0,0,0,
18. Sept. 2021 22:30,0,0,0,
18. Sept. 2021 22:45,0,0,0,
18. Sept. 2021 23:00,0,0,0,
18. Sept. 2021 23:15,0,0,0,
18. Sept. 2021 23:30,0,0,0,
18. Sept. 2021 23:45,0,0,0,
19. Sept. 2021 00:00,0,0,0,
19. Sept. 2021 00:15,0,0,0,
19. Sept. 2021 00:30,0,0,0,
19. Sept. 2021 00:45,0,0,0,
19. Sept. 2021 01:00,0,0,0,
19. Sept. 2021 01:15,0,0,0,
19. Sept. 2021 01:30,0,0,0,
19. Sept. 2021 01:45,0,0,0,
19. Sept. 2021 02:00,0,0,0,
19. Sept. 2021 02:15,0,0,0,
19. Sept. 2021 02:30,0,0,0,
19. Sept. 2021 02:45,0,0,0,
19. Sept. 2021 03:00,0,0,0,
19. Sept. 2021 03:15,0,0,0,
19. Sept. 2021 03:30,0,0,0,
19. Sept. 2021 03:45,0,0,0,
19. Sept. 2021 04:00,0,0,0,
19. Sept. 2021 04:15,0,0,0,
19. Sept. 2021 04:30,0,0,0,
19. Sept. 2021 04:45,0,0,0,
19. Sept. 2021 05:00,0,0,0,
19. Sept. 2021 05:15,0,0,0,
19. Sept. 2021 05:30,0,0,0,
19. Sept. 2021 05:45,0,0,0,
19. Sept. 2021 06:00,0,0,0,
19. Sept. 2021 06:15,0,0,0,
19. Sept. 2021 06:30,0,0,0,
19. Sept. 2021 06:45,0,0,0,
19. Sept. 2021 07:00,0,0,0,
19. Sept. 2021 07:15,0,0,0,
19. Sept. 2021 07:30,0,0,0,
19. Sept. 2021 07:45,0,0,0,
19. Sept. 2021 08:00,0,0,0,
19. Sept. 2021 08:15,0,0,0,
19. Sept. 2021 08:30,0,0,0,
19. Sept. 2021 08:45,0,0,0,
19. Sept. 2021 09:00,0,0,0,
19. Sept. 2021 09:15,0,0,0,
19. Sept. 2021 09:30,0,0,0,
19. Sept. 2021 09:45,0,0,0,
19. Sept. 2021 10:00,0,0,0,
19. Sept. 2021 10:15,0,0,0,
19. Sept. 2021 10:30,0,0,0,
19. Sept. 2021 10:45,0,0,0,
19. Sept. 2021 11:00,0,0,0,
19. Sept. 2021 11:15,0,0,0,
19. Sept. 2021 11:30,0,0,0,
19. Sept. 2021 11:45,0,0,0,
19. Sept. 2021 12:00,0,0,0,
19. Sept. 2021 12:15,0,0,0,
19. Sept. 2021 12:30,0,0,0,
19. Sept. 2021 12:45,0,0,0,
19. Sept. 2021 13:00,0,0,0,
19. Sept. 2021 13:15,0,0,0,
19. Sept. 2021 13:30,0,0,0,
19. Sept. 2021 13:45,0,0,0,
19. Sept. 2021 14:00,0,0,0,
19. Sept. 2021 14:15,0,0,0,
19. Sept. 2021 14:30,0,0,0,
19. Sept. 2021 14:45,0,0,0,
19. Sept. 2021 15:00,0,0,0,
19. Sept. 2021 15:15,0,0,0,
19. Sept. 2021 15:30,0,0,0,
19. Sept. 2021 15:45,0,0,0,
19. Sept. 2021 16:00,0,0,0,
19. Sept. 2021 16:15,0,0,0,
19. Sept. 2021 16:30,0,0,0,
19. Sept. 2021 16:45,0,0,0,
19. Sept. 2021 17:00,0,0,0,
19. Sept. 2021 17:15,0,0,0,
19. Sept. 2021 17:30,0,0,0,
19. Sept. 2021 17:45,0,0,0,
19. Sept. 2021 18:00,0,0,0,
19. Sept. 2021 18:15,0,0,0,
19. Sept. 2021 18:30,0,0,0,
19. Sept. 2021 18:45,0,0,0,
19. Sept. 2021 19:00,0,0,0,
19. Sept. 2021 19:15,0,0,0,
19. Sept. 2021 19:30,0,0,0,
19. Sept. 2021 19:45,0,0,0,
19. Sept. 2021 20:00,0,0,0,
19. Sept. 2021 20:15,0,0,0,
19. Sept. 2021 20:30,0,0,0,
19. Sept. 2021 20:45,0,0,0,
19. Sept. 2021 21:00,0,0,0,
19. Sept. 2021 21:15,0,0,0,
19. Sept. 2021 21:30,0,0,0,
19. Sept. 2021 21:45,0,0,0,
19. Sept. 2021 22:00,0,0,0,
19. Sept. 2021 22:15,0,0,0,
19. Sept. 2021 22:30,0,0,0,
19. Sept. 2021 22:45,0,0,0,
19. Sept. 2021 23:00,0,0,0,
19. Sept. 2021 23:15,0,0,0,
19. Sept. 2021 23:30,0,0,0,
19. Sept. 2021 23:45,0,0,0,
20. Sept. 2021 00:00,0,0,0,
20. Sept. 2021 00:15,0,0,0,
20. Sept. 2021 00:30,0,0,0,
20. Sept. 2021 00:45,0,0,0,
20. Sept. 2021 01:00,0,0,0,
20. Sept. 2021 01:15,0,0,0,
20. Sept. 2021 01:30,0,0,0,
20. Sept. 2021 01:45,0,0,0,
20. Sept. 2021 02:00,0,0,0,
20. Sept. 2021 02:15,0,0,0,
20. Sept. 2021 02:30,0,0,0,
20. Sept. 2021 02:45,0,0,0,
20. Sept. 2021 03:00,0,0,0,
20. Sept. 2021 03:15,0,0,0,
20. Sept. 2021 03:30,0,0,0,
20. Sept. 2021 03:45,0,0,0,
20. Sept. 2021 04:00,0,0,0,
20. Sept. 2021 04:15,0,0,0,
20. Sept. 2021 04:30,0,0,0,
20. Sept. 2021 04:45,0,0,0,
20. Sept. 2021 05:00,0,0,0,
20. Sept. 2021 05:15,0,0,0,
20. Sept. 2021 05:30,0,0,0,
20. Sept. 2021 05:45,0,0,0,
20. Sept. 2021 06:00,0,0,0,
20. Sept. 2021 06:15,0,0,0,
20. Sept. 2021 06:30,0,0,0,
20. Sept. 2021 06:45,0,0,0,
20. Sept. 2021 07:00,0,0,0,
20. Sept. 2021 07:15,0,0,0,
20. Sept. 2021 07:30,0,0,0,
20. Sept. 2021 07:45,0,0,0,
20. Sept. 2021 08:00,0,0,0,
20. Sept. 2021 08:15,0,0,0,
20. Sept. 2021 08:30,0,0,0,
20. Sept. 2021 08:45,0,0,0,
20. Sept. 2021 09:00,0,0,0,
20. Sept. 2021 09:15,0,0,0,
20. Sept. 2021 09:30,0,0,0,
20. Sept. 2021 09:45,0,0,0,
20. Sept. 2021 10:00,0,0,0,
20. Sept. 2021 10:15,0,0,0,
20. Sept. 2021 10:30,0,0,0,
20. Sept. 2021 10:45,0,0,0,
20. Sept. 2021 11:00,0,0,0,
20. Sept. 2021 11:15,0,0,0,
20. Sept. 2021 11:30,0,0,0,
20. Sept. 2021 11:45,0,0,0,
20. Sept. 2021 12:00,0,0,0,
20. Sept. 2021 12:15,0,0,0,
20. Sept. 2021 12:30,0,0,0,
20. Sept. 2021 12:45,0,0,0,
20. Sept. 2021 13:00,0,0,0,
20. Sept. 2021 13:15,0,0,0,
20. Sept. 2021 13:30,0,0,0,
20. Sept. 2021 13:45,0,0,0,
20. Sept. 2021 14:00,0,0,0,
20. Sept. 2021 14:15,0,0,0,
20. Sept. 2021 14:30,0,0,0,
20. Sept. 2021 14:45,0,0,0,
20. Sept. 2021 15:00,0,0,0,
20. Sept. 2021 15:15,0,0,0,
20. Sept. 2021 15:30,0,0,0,
20. Sept. 2021 15:45,0,0,0,
20. Sept. 2021 16:00,0,0,0,
20. Sept. 2021 16:15,0,0,0,
20. Sept. 2021 16:30,0,0,0,
20. Sept. 2021 16:45,0,0,0,
20. Sept. 2021 17:00,0,0,0,
20. Sept. 2021 17:15,0,0,0,
20. Sept. 2021 17:30,0,0,0,
20. Sept. 2021 17:45,0,0,0,
20. Sept. 2021 18:00,0,0,0,
20. Sept. 2021 18:15,0,0,0,
20. Sept. 2021 18:30,0,0,0,
20. Sept. 2021 18:45,0,0,0,
20. Sept. 2021 19:00,0,0,0,
20. Sept. 2021 19:15,0,0,0,
20. Sept. 2021 19:30,0,0,0,
20. Sept. 2021 19:45,0,0,0,
20. Sept. 2021 20:00,0,0,0,
20. Sept. 2021 20:15,0,0,0,
20. Sept. 2021 20:30,0,0,0,
20. Sept. 2021 20:45,0,0,0,
20. Sept. 2021 21:00,0,0,0,
20. Sept. 2021 21:15,0,0,0,
20. Sept. 2021 21:30,0,0,0,
20. Sept. 2021 21:45,0,0,0,
20. Sept. 2021 22:00,0,0,0,
20. Sept. 2021 22:15,0,0,0,
20. Sept. 2021 22:30,0,0,0,
20. Sept. 2021 22:45,0,0,0,
20. Sept. 2021 23:00,0,0,0,
20. Sept. 2021 23:15,0,0,0,
20. Sept. 2021 23:30,0,0,0,
20. Sept. 2021 23:45,0,0,0,
21. Sept. 2021 00:00,0,0,0,
21. Sept. 2021 00:15,0,0,0,
21. Sept. 2021 00:30,0,0,0,
21. Sept. 2021 00:45,0,0,0,
21. Sept. 2021 01:00,0,0,0,
21. Sept. 2021 01:15,0,0,0,
21. Sept. 2021 01:30,0,0,0,
21. Sept. 2021 01:45,0,0,0,
21. Sept. 2021 02:00,0,0,0,
21. Sept. 2021 02:15,0,0,0,
21. Sept. 2021 02:30,0,0,0,
21. Sept. 2021 02:45,0,0,0,
21. Sept. 2021 03:00,0,0,0,
21. Sept. 2021 03:15,0,0,0,
21. Sept. 2021 03:30,0,0,0,
21. Sept. 2021 03:45,0,0,0,
21. Sept. 2021 04:00,0,0,0,
21. Sept. 2021 04:15,0,0,0,
21. Sept. 2021 04:30,0,0,0,
21. Sept. 2021 04:45,0,0,0,
21. Sept. 2021 05:00,0,0,0,
21. Sept. 2021 05:15,0,0,0,
21. Sept. 2021 05:30,0,0,0,
21. Sept. 2021 05:45,0,0,0,
21. Sept. 2021 06:00,0,0,0,
21. Sept. 2021 06:15,0,0,0,
21. Sept. 2021 06:30,0,0,0,
21. Sept. 2021 06:45,0,0,0,
21. Sept. 2021 07:00,0,0,0,
21. Sept. 2021 07:15,0,0,0,
21. Sept. 2021 07:30,0,0,0,
21. Sept. 2021 07:45,0,0,0,
21. Sept. 2021 08:00,0,0,0,
21. Sept. 2021 08:15,0,0,0,
21. Sept. 2021 08:30,0,0,0,
21. Sept. 2021 08:45,0,0,0,
21. Sept. 2021 09:00,0,0,0,
21. Sept. 2021 09:15,0,0,0,
21. Sept. 2021 09:30,0,0,0,
21. Sept. 2021 09:45,0,0,0,
21. Sept. 2021 10:00,0,0,0,
21. Sept. 2021 10:15,0,0,0,
21. Sept. 2021 10:30,0,0,0,
21. Sept. 2021 10:45,0,0,0,
21. Sept. 2021 11:00,0,0,0,
21. Sept. 2021 11:15,0,0,0,
21. Sept. 2021 11:30,0,0,0,
21. Sept. 2021 11:45,0,0,0,
21. Sept. 2021 12:00,0,0,0,
21. Sept. 2021 12:15,0,0,0,
21. Sept. 2021 12:30,0,0,0,
21. Sept. 2021 12:45,0,0,0,
21. Sept. 2021 13:00,0,0,0,
21. Sept. 2021 13:15,0,0,0,
21. Sept. 2021 13:30,0,0,0,
21. Sept. 2021 13:45,0,0,0,
21. Sept. 2021 14:00,0,0,0,
21. Sept. 2021 14:15,0,0,0,
21. Sept. 2021 14:30,0,0,0,
21. Sept. 2021 14:45,0,0,0,
21. Sept. 2021 15:00,0,0,0,
21. Sept. 2021 15:15,0,0,0,
21. Sept. 2021 15:30,0,0,0,
21. Sept. 2021 15:45,0,0,0,
21. Sept. 2021 16:00,0,0,0,
21. Sept. 2021 16:15,0,0,0,
21. Sept. 2021 16:30,0,0,0,
21. Sept. 2021 16:45,0,0,0,
21. Sept. 2021 17:00,0,0,0,
21. Sept. 2021 17:15,0,0,0,
21. Sept. 2021 17:30,0,0,0,
21. Sept. 2021 17:45,0,0,0,
21. Sept. 2021 18:00,0,0,0,
21. Sept. 2021 18:15,0,0,0,
21. Sept. 2021 18:30,0,0,0,
21. Sept. 2021 18:45,0,0,0,
21. Sept. 2021 19:00,0,0,0,
21. Sept. 2021 19:15,0,0,0,
21. Sept. 2021 19:30,0,0,0,
21. Sept. 2021 19:45,0,0,0,
21. Sept. 2021 20:00,0,0,0,
21. Sept. 2021 20:15,0,0,0,
21. Sept. 2021 20:30,0,0,0,
21. Sept. 2021 20:45,0,0,0,
21. Sept. 2021 21:00,0,0,0,
21. Sept. 2021 21:15,0,0,0,
21. Sept. 2021 21:30,0,0,0,
21. Sept. 2021 21:45,0,0,0,
21. Sept. 2021 22:00,0,0,0,
21. Sept. 2021 22:15,0,0,0,
21. Sept. 2021 22:30,0,0,0,
21. Sept. 2021 22:45,0,0,0,
21. Sept. 2021 23:00,0,0,0,
21. Sept. 2021 23:15,0,0,0,
21. Sept. 2021 23:30,0,0,0,
21. Sept. 2021 23:45,0,0,0,
22. Sept. 2021 00:00,0,0,0,
22. Sept. 2021 00:15,0,0,0,
22. Sept. 2021 00:30,0,0,0,
22. Sept. 2021 00:45,0,0,0,
22. Sept. 2021 01:00,0,0,0,
22. Sept. 2021 01:15,0,0,0,
22. Sept. 2021 01:30,0,0,0,
22. Sept. 2021 01:45,0,0,0,
22. Sept. 2021 02:00,0,0,0,
22. Sept. 2021 02:15,0,0,0,
22. Sept. 2021 02:30,0,0,0,
22. Sept. 2021 02:45,0,0,0,
22. Sept. 2021 03:00,0,0,0,
22. Sept. 2021 03:15,0,0,0,
22. Sept. 2021 03:30,0,0,0,
22. Sept. 2021 03:45,0,0,0,
22. Sept. 2021 04:00,0,0,0,
22. Sept. 2021 04:15,0,0,0,
22. Sept. 2021 04:30,0,0,0,
22. Sept. 2021 04:45,0,0,0,
22. Sept. 2021 05:00,0,0,0,
22. Sept. 2021 05:15,0,0,0,
22. Sept. 2021 05:30,0,0,0,
22. Sept. 2021 05:45,0,0,0,
22. Sept. 2021 06:00,0,0,0,
22. Sept. 2021 06:15,0,0,0,
22. Sept. 2021 06:30,0,0,0,
22. Sept. 2021 06:45,0,0,0,
22. Sept. 2021 07:00,0,0,0,
22. Sept. 2021 07:15,0,0,0,
22. Sept. 2021 07:30,0,0,0,
22. Sept. 2021 07:45,0,0,0,
22. Sept. 2021 08:00,0,0,0,
22. Sept. 2021 08:15,0,0,0,
22. Sept. 2021 08:30,0,0,0,
22. Sept. 2021 08:45,0,0,0,
22. Sept. 2021 09:00,0,0,0,
22. Sept. 2021 09:15,0,0,0,
22. Sept. 2021 09:30,0,0,0,
22. Sept. 2021 09:45,0,0,0,
22. Sept. 2021 10:00,0,0,0,
22. Sept. 2021 10:15,0,0,0,
22. Sept. 2021 10:30,0,0,0,
22. Sept. 2021 10:45,0,0,0,
22. Sept. 2021 11:00,0,0,0,
22. Sept. 2021 11:15,0,0,0,
22. Sept. 2021 11:30,0,0,0,
22. Sept. 2021 11:45,0,0,0,
22. Sept. 2021 12:00,0,0,0,
22. Sept. 2021 12:15,0,0,0,
22. Sept. 2021 12:30,0,0,0,
22. Sept. 2021 12:45,0,0,0,
22. Sept. 2021 13:00,0,0,0,
22. Sept. 2021 13:15,0,0,0,
22. Sept. 2021 13:30,0,0,0,
22. Sept. 2021 13:45,0,0,0,
22. Sept. 2021 14:00,0,0,0,
22. Sept. 2021 14:15,0,0,0,
22. Sept. 2021 14:30,0,0,0,
22. Sept. 2021 14:45,0,0,0,
22. Sept. 2021 15:00,0,0,0,
22. Sept. 2021 15:15,0,0,0,
22. Sept. 2021 15:30,0,0,0,
22. Sept. 2021 15:45,0,0,0,
22. Sept. 2021 16:00,0,0,0,
22. Sept. 2021 16:15,0,0,0,
22. Sept. 2021 16:30,0,0,0,
22. Sept. 2021 16:45,0,0,0,
22. Sept. 2021 17:00,0,0,0,
22. Sept. 2021 17:15,0,0,0,
22. Sept. 2021 17:30,0,0,0,
22. Sept. 2021 17:45,0,0,0,
22. Sept. 2021 18:00,0,0,0,
22. Sept. 2021 18:15,0,0,0,
22. Sept. 2021 18:30,0,0,0,
22. Sept. 2021 18:45,0,0,0,
22. Sept. 2021 19:00,0,0,0,
22. Sept. 2021 19:15,0,0,0,
22. Sept. 2021 19:30,0,0,0,
22. Sept. 2021 19:45,0,0,0,
22. Sept. 2021 20:00,0,0,0,
22. Sept. 2021 20:15,0,0,0,
22. Sept. 2021 20:30,0,0,0,
22. Sept. 2021 20:45,0,0,0,
22. Sept. 2021 21:00,0,0,0,
22. Sept. 2021 21:15,0,0,0,
22. Sept. 2021 21:30,0,0,0,
22. Sept. 2021 21:45,0,0,0,
22. Sept. 2021 22:00,0,0,0,
22. Sept. 2021 22:15,0,0,0,
22. Sept. 2021 22:30,0,0,0,
22. Sept. 2021 22:45,0,0,0,
22. Sept. 2021 23:00,0,0,0,
22. Sept. 2021 23:15,0,0,0,
22. Sept. 2021 23:30,0,0,0,
22. Sept. 2021 23:45,0,0,0,
23. Sept. 2021 00:00,0,0,0,
23. Sept. 2021 00:15,0,0,0,
23. Sept. 2021 00:30,0,0,0,
23. Sept. 2021 00:45,0,0,0,
23. Sept. 2021 01:00,0,0,0,
23. Sept. 2021 01:15,0,0,0,
23. Sept. 2021 01:30,0,0,0,
23. Sept. 2021 01:45,0,0,0,
23. Sept. 2021 02:00,0,0,0,
23. Sept. 2021 02:15,0,0,0,
23. Sept. 2021 02:30,0,0,0,
23. Sept. 2021 02:45,0,0,0,
23. Sept. 2021 03:00,0,0,0,
23. Sept. 2021 03:15,0,0,0,
23. Sept. 2021 03:30,0,0,0,
23. Sept. 2021 03:45,0,0,0,
23. Sept. 2021 04:00,0,0,0,
23. Sept. 2021 04:15,0,0,0,
23. Sept. 2021 04:30,0,0,0,
23. Sept. 2021 04:45,0,0,0,
23. Sept. 2021 05:00,0,0,0,
23. Sept. 2021 05:15,0,0,0,
23. Sept. 2021 05:30,0,0,0,
23. Sept. 2021 05:45,0,0,0,
23. Sept. 2021 06:00,0,0,0,
23. Sept. 2021 06:15,0,0,0,
23. Sept. 2021 06:30,0,0,0,
23. Sept. 2021 06:45,0,0,0,
23. Sept. 2021 07:00,0,0,0,
23. Sept. 2021 07:15,0,0,0,
23. Sept. 2021 07:30,0,0,0,
23. Sept. 2021 07:45,0,0,0,
23. Sept. 2021 08:00,0,0,0,
23. Sept. 2021 08:15,0,0,0,
23. Sept. 2021 08:30,0,0,0,
23. Sept. 2021 08:45,0,0,0,
23. Sept. 2021 09:00,0,0,0,
23. Sept. 2021 09:15,0,0,0,
23. Sept. 2021 09:30,0,0,0,
23. Sept. 2021 09:45,0,0,0,
23. Sept. 2021 10:00,0,0,0,
23. Sept. 2021 10:15,0,0,0,
23. Sept. 2021 10:30,0,0,0,
23. Sept. 2021 10:45,0,0,0,
23. Sept. 2021 11:00,0,0,0,
23. Sept. 2021 11:15,0,0,0,
23. Sept. 2021 11:30,0,0,0,
23. Sept. 2021 11:45,0,0,0,
23. Sept. 2021 12:00,0,0,0,
23. Sept. 2021 12:15,0,0,0,
23. Sept. 2021 12:30,0,0,0,
23. Sept. 2021 12:45,0,0,0,
23. Sept. 2021 13:00,0,0,0,
23. Sept. 2021 13:15,0,0,0,
23. Sept. 2021 13:30,0,0,0,
23. Sept. 2021 13:45,0,0,0,
23. Sept. 2021 14:00,0,0,0,
23. Sept. 2021 14:15,0,0,0,
23. Sept. 2021 14:30,0,0,0,
23. Sept. 2021 14:45,0,0,0,
23. Sept. 2021 15:00,0,0,0,
23. Sept. 2021 15:15,0,0,0,
23. Sept. 2021 15:30,0,0,0,
23. Sept. 2021 15:45,0,0,0,
23. Sept. 2021 16:00,0,0,0,
23. Sept. 2021 16:15,0,0,0,
23. Sept. 2021 16:30,0,0,0,
23. Sept. 2021 16:45,0,0,0,
23. Sept. 2021 17:00,0,0,0,
23. Sept. 2021 17:15,0,0,0,
23. Sept. 2021 17:30,0,0,0,
23. Sept. 2021 17:45,0,0,0,
23. Sept. 2021 18:00,0,0,0,
23. Sept. 2021 18:15,0,0,0,
23. Sept. 2021 18:30,0,0,0,
23. Sept. 2021 18:45,0,0,0,
23. Sept. 2021 19:00,0,0,0,
23. Sept. 2021 19:15,0,0,0,
23. Sept. 2021 19:30,0,0,0,
23. Sept. 2021 19:45,0,0,0,
23. Sept. 2021 20:00,0,0,0,
23. Sept. 2021 20:15,0,0,0,
23. Sept. 2021 20:30,0,0,0,
23. Sept. 2021 20:45,0,0,0,
23. Sept. 2021 21:00,0,0,0,
23. Sept. 2021 21:15,0,0,0,
23. Sept. 2021 21:30,0,0,0,
23. Sept. 2021 21:45,0,0,0,
23. Sept. 2021 22:00,0,0,0,
23. Sept. 2021 22:15,0,0,0,
23. Sept. 2021 22:30,0,0,0,
23. Sept. 2021 22:45,0,0,0,
23. Sept. 2021 23:00,0,0,0,
23. Sept. 2021 23:15,0,0,0,
23. Sept. 2021 23:30,0,0,0,
23. Sept. 2021 23:45,0,0,0,
24. Sept. 2021 00:00,0,0,0,
24. Sept. 2021 00:15,0,0,0,
24. Sept. 2021 00:30,0,0,0,
24. Sept. 2021 00:45,0,0,0,
24. Sept. 2021 01:00,0,0,0,
24. Sept. 2021 01:15,0,0,0,
24. Sept. 2021 01:30,0,0,0,
24. Sept. 2021 01:45,0,0,0,
24. Sept. 2021 02:00,0,0,0,
24. Sept. 2021 02:15,0,0,0,
24. Sept. 2021 02:30,0,0,0,
24. Sept. 2021 02:45,0,0,0,
24. Sept. 2021 03:00,0,0,0,
24. Sept. 2021 03:15,0,0,0,
24. Sept. 2021 03:30,0,0,0,
24. Sept. 2021 03:45,0,0,0,
24. Sept. 2021 04:00,0,0,0,
24. Sept. 2021 04:15,0,0,0,
24. Sept. 2021 04:30,0,0,0,
24. Sept. 2021 04:45,0,0,0,
24. Sept. 2021 05:00,0,0,0,
24. Sept. 2021 05:15,0,0,0,
24. Sept. 2021 05:30,0,0,0,
24. Sept. 2021 05:45,0,0,0,
24. Sept. 2021 06:00,0,0,0,
24. Sept. 2021 06:15,0,0,0,
24. Sept. 2021 06:30,0,0,0,
24. Sept. 2021 06:45,0,0,0,
24. Sept. 2021 07:00,0,0,0,
24. Sept. 2021 07:15,0,0,0,
24. Sept. 2021 07:30,0,0,0,
24. Sept. 2021 07:45,0,0,0,
24. Sept. 2021 08:00,0,0,0,
24. Sept. 2021 08:15,0,0,0,
24. Sept. 2021 08:30,0,0,0,
24. Sept. 2021 08:45,0,0,0,
24. Sept. 2021 09:00,0,0,0,
24. Sept. 2021 09:15,0,0,0,
24. Sept. 2021 09:30,0,0,0,
24. Sept. 2021 09:45,0,0,0,
24. Sept. 2021 10:00,0,0,0,
24. Sept. 2021 10:15,0,0,0,
24. Sept. 2021 10:30,0,0,0,
24. Sept. 2021 10:45,0,0,0,
24. Sept. 2021 11:00,0,0,0,
24. Sept. 2021 11:15,0,0,0,
24. Sept. 2021 11:30,0,0,0,
24. Sept. 2021 11:45,0,0,0,
24. Sept. 2021 12:00,0,0,0,
24. Sept. 2021 12:15,0,0,0,
24. Sept. 2021 12:30,0,0,0,
24. Sept. 2021 12:45,0,0,0,
24. Sept. 2021 13:00,0,0,0,
24. Sept. 2021 13:15,0,0,0,
24. Sept. 2021 13:30,0,0,0,
24. Sept. 2021 13:45,0,0,0,
24. Sept. 2021 14:00,0,0,0,
24. Sept. 2021 14:15,0,0,0,
24. Sept. 2021 14:30,0,0,0,
24. Sept. 2021 14:45,0,0,0,
24. Sept. 2021 15:00,0,0,0,
24. Sept. 2021 15:15,0,0,0,
24. Sept. 2021 15:30,0,0,0,
24. Sept. 2021 15:45,0,0,0,
24. Sept. 2021 16:00,0,0,0,
24. Sept. 2021 16:15,0,0,0,
24. Sept. 2021 16:30,0,0,0,
24. Sept. 2021 16:45,0,0,0,
24. Sept. 2021 17:00,0,0,0,
24. Sept. 2021 17:15,0,0,0,
24. Sept. 2021 17:30,0,0,0,
24. Sept. 2021 17:45,0,0,0,
24. Sept. 2021 18:00,0,0,0,
24. Sept. 2021 18:15,0,0,0,
24. Sept. 2021 18:30,0,0,0,
24. Sept. 2021 18:45,0,0,0,
24. Sept. 2021 19:00,0,0,0,
24. Sept. 2021 19:15,0,0,0,
24. Sept. 2021 19:30,0,0,0,
24. Sept. 2021 19:45,0,0,0,
24. Sept. 2021 20:00,0,0,0,
24. Sept. 2021 20:15,0,0,0,
24. Sept. 2021 20:30,0,0,0,
24. Sept. 2021 20:45,0,0,0,
24. Sept. 2021 21:00,0,0,0,
24. Sept. 2021 21:15,0,0,0,
24. Sept. 2021 21:30,0,0,0,
24. Sept. 2021 21:45,0,0,0,
24. Sept. 2021 22:00,0,0,0,
24. Sept. 2021 22:15,0,0,0,
24. Sept. 2021 22:30,0,0,0,
24. Sept. 2021 22:45,0,0,0,
24. Sept. 2021 23:00,0,0,0,
24. Sept. 2021 23:15,0,0,0,
24. Sept. 2021 23:30,0,0,0,
24. Sept. 2021 23:45,0,0,0,
25. Sept. 2021 00:00,0,0,0,
25. Sept. 2021 00:15,0,0,0,
25. Sept. 2021 00:30,0,0,0,
25. Sept. 2021 00:45,0,0,0,
25. Sept. 2021 01:00,0,0,0,
25. Sept. 2021 01:15,0,0,0,
25. Sept. 2021 01:30,0,0,0,
25. Sept. 2021 01:45,0,0,0,
25. Sept. 2021 02:00,0,0,0,
25. Sept. 2021 02:15,0,0,0,
25. Sept. 2021 02:30,0,0,0,
25. Sept. 2021 02:45,0,0,0,
25. Sept. 2021 03:00,0,0,0,
25. Sept. 2021 03:15,0,0,0,
25. Sept. 2021 03:30,0,0,0,
25. Sept. 2021 03:45,0,0,0,
25. Sept. 2021 04:00,0,0,0,
25. Sept. 2021 04:15,0,0,0,
25. Sept. 2021 04:30,0,0,0,
25. Sept. 2021 04:45,0,0,0,
25. Sept. 2021 05:00,0,0,0,
25. Sept. 2021 05:15,0,0,0,
25. Sept. 2021 05:30,0,0,0,
25. Sept. 2021 05:45,0,0,0,
25. Sept. 2021 06:00,0,0,0,
25. Sept. 2021 06:15,0,0,0,
25. Sept. 2021 06:30,0,0,0,
25. Sept. 2021 06:45,0,0,0,
25. Sept. 2021 07:00,0,0,0,
25. Sept. 2021 07:15,0,0,0,
25. Sept. 2021 07:30,0,0,0,
25. Sept. 2021 07:45,0,0,0,
25. Sept. 2021 08:00,0,0,0,
25. Sept. 2021 08:15,0,0,0,
25. Sept. 2021 08:30,0,0,0,
25. Sept. 2021 08:45,0,0,0,
25. Sept. 2021 09:00,0,0,0,
25. Sept. 2021 09:15,0,0,0,
25. Sept. 2021 09:30,0,0,0,
25. Sept. 2021 09:45,0,0,0,
25. Sept. 2021 10:00,0,0,0,
25. Sept. 2021 10:15,0,0,0,
25. Sept. 2021 10:30,0,0,0,
25. Sept. 2021 10:45,0,0,0,
25. Sept. 2021 11:00,0,0,0,
25. Sept. 2021 11:15,0,0,0,
25. Sept. 2021 11:30,0,0,0,
25. Sept. 2021 11:45,0,0,0,
25. Sept. 2021 12:00,0,0,0,
25. Sept. 2021 12:15,0,0,0,
25. Sept. 2021 12:30,0,0,0,
25. Sept. 2021 12:45,0,0,0,
25. Sept. 2021 13:00,0,0,0,
25. Sept. 2021 13:15,0,0,0,
25. Sept. 2021 13:30,0,0,0,
25. Sept. 2021 13:45,0,0,0,
25. Sept. 2021 14:00,0,0,0,
25. Sept. 2021 14:15,0,0,0,
25. Sept. 2021 14:30,0,0,0,
25. Sept. 2021 14:45,0,0,0,
25. Sept. 2021 15:00,0,0,0,
25. Sept. 2021 15:15,0,0,0,
25. Sept. 2021 15:30,0,0,0,
25. Sept. 2021 15:45,0,0,0,
25. Sept. 2021 16:00,0,0,0,
25. Sept. 2021 16:15,0,0,0,
25. Sept. 2021 16:30,0,0,0,
25. Sept. 2021 16:45,0,0,0,
25. Sept. 2021 17:00,0,0,0,
25. Sept. 2021 17:15,0,0,0,
25. Sept. 2021 17:30,0,0,0,
25. Sept. 2021 17:45,0,0,0,
25. Sept. 2021 18:00,0,0,0,
25. Sept. 2021 18:15,0,0,0,
25. Sept. 2021 18:30,0,0,0,
25. Sept. 2021 18:45,0,0,0,
25. Sept. 2021 19:00,0,0,0,
25. Sept. 2021 19:15,0,0,0,
25. Sept. 2021 19:30,0,0,0,
25. Sept. 2021 19:45,0,0,0,
25. Sept. 2021 20:00,0,0,0,
25. Sept. 2021 20:15,0,0,0,
25. Sept. 2021 20:30,0,0,0,
25. Sept. 2021 20:45,0,0,0,
25. Sept. 2021 21:00,0,0,0,
25. Sept. 2021 21:15,0,0,0,
25. Sept. 2021 21:30,0,0,0,
25. Sept. 2021 21:45,0,0,0,
25. Sept. 2021 22:00,0,0,0,
25. Sept. 2021 22:15,0,0,0,
25. Sept. 2021 22:30,0,0,0,
25. Sept. 2021 22:45,0,0,0,
25. Sept. 2021 23:00,0,0,0,
25. Sept. 2021 23:15,0,0,0,
25. Sept. 2021 23:30,0,0,0,
25. Sept. 2021 23:45,0,0,0,
26. Sept. 2021 00:00,,,,
26. Sept. 2021 00:15,,,,
26. Sept. 2021 00:30,,,,
26. Sept. 2021 00:45,,,,
26. Sept. 2021 01:00,,,,
26. Sept. 2021 01:15,,,,
26. Sept. 2021 01:30,,,,
26. Sept. 2021 01:45,,,,
26. Sept. 2021 02:00,,,,
26. Sept. 2021 02:15,,,,
26. Sept. 2021 02:30,,,,
26. Sept. 2021 02:45,,,,
26. Sept. 2021 03:00,,,,
26. Sept. 2021 03:15,,,,
26. Sept. 2021 03:30,,,,
26. Sept. 2021 03:45,,,,
26. Sept. 2021 04:00,,,,
26. Sept. 2021 04:15,,,,
26. Sept. 2021 04:30,,,,
26. Sept. 2021 04:45,,,,
26. Sept. 2021 05:00,,,,
26. Sept. 2021 05:15,,,,
26. Sept. 2021 05:30,,,,
26. Sept. 2021 05:45,,,,
26. Sept. 2021 06:00,,,,
26. Sept. 2021 06:15,,,,
26. Sept. 2021 06:30,,,,
26. Sept. 2021 06:45,,,,
26. Sept. 2021 07:00,,,,
26. Sept. 2021 07:15,,,,
26. Sept. 2021 07:30,,,,
26. Sept. 2021 07:45,,,,
26. Sept. 2021 08:00,,,,
26. Sept. 2021 08:15,,,,
26. Sept. 2021 08:30,,,,
26. Sept. 2021 08:45,,,,
26. Sept. 2021 09:00,,,,
26. Sept. 2021 09:15,,,,
26. Sept. 2021 09:30,,,,
26. Sept. 2021 09:45,,,,
26. Sept. 2021 10:00,,,,
26. Sept. 2021 10:15,,,,
26. Sept. 2021 10:30,,,,
26. Sept. 2021 10:45,,,,
26. Sept. 2021 11:00,,,,
26. Sept. 2021 11:15,,,,
26. Sept. 2021 11:30,,,,
26. Sept. 2021 11:45,,,,
26. Sept. 2021 12:00,,,,
26. Sept. 2021 12:15,,,,
26. Sept. 2021 12:30,,,,
26. Sept. 2021 12:45,,,,
26. Sept. 2021 13:00,,,,
26. Sept. 2021 13:15,,,,
26. Sept. 2021 13:30,,,,
26. Sept. 2021 13:45,,,,
26. Sept. 2021 14:00,,,,
26. Sept. 2021 14:15,,,,
26. Sept. 2021 14:30,,,,
26. Sept. 2021 14:45,,,,
26. Sept. 2021 15:00,,,,
26. Sept. 2021 15:15,,,,
26. Sept. 2021 15:30,,,,
26. Sept. 2021 15:45,,,,
26. Sept. 2021 16:00,,,,
26. Sept. 2021 16:15,,,,
26. Sept. 2021 16:30,,,,
26. Sept. 2021 16:45,,,,
26. Sept. 2021 17:00,,,,
26. Sept. 2021 17:15,,,,
26. Sept. 2021 17:30,,,,
26. Sept. 2021 17:45,,,,
26. Sept. 2021 18:00,,,,
26. Sept. 2021 18:15,,,,
26. Sept. 2021 18:30,,,,
26. Sept. 2021 18:45,,,,
26. Sept. 2021 19:00,,,,
26. Sept. 2021 19:15,,,,
26. Sept. 2021 19:30,,,,
26. Sept. 2021 19:45,,,,
26. Sept. 2021 20:00,,,,
26. Sept. 2021 20:15,,,,
26. Sept. 2021 20:30,,,,
26. Sept. 2021 20:45,,,,
26. Sept. 2021 21:00,,,,
26. Sept. 2021 21:15,,,,
26. Sept. 2021 21:30,,,,
26. Sept. 2021 21:45,,,,
26. Sept. 2021 22:00,,,,
26. Sept. 2021 22:15,,,,
26. Sept. 2021 22:30,,,,
26. Sept. 2021 22:45,,,,
26. Sept. 2021 23:00,,,,
26. Sept. 2021 23:15,,,,
26. Sept. 2021 23:30,,,,
26. Sept. 2021 23:45,,,,
27. Sept. 2021 00:00,,,,
27. Sept. 2021 00:15,,,,
27. Sept. 2021 00:30,,,,
27. Sept. 2021 00:45,,,,
27. Sept. 2021 01:00,,,,
27. Sept. 2021 01:15,,,,
27. Sept. 2021 01:30,,,,
27. Sept. 2021 01:45,,,,
27. Sept. 2021 02:00,,,,
27. Sept. 2021 02:15,,,,
27. Sept. 2021 02:30,,,,
27. Sept. 2021 02:45,,,,
27. Sept. 2021 03:00,,,,
27. Sept. 2021 03:15,,,,
27. Sept. 2021 03:30,,,,
27. Sept. 2021 03:45,,,,
27. Sept. 2021 04:00,,,,
27. Sept. 2021 04:15,,,,
27. Sept. 2021 04:30,,,,
27. Sept. 2021 04:45,,,,
27. Sept. 2021 05:00,,,,
27. Sept. 2021 05:15,,,,
27. Sept. 2021 05:30,,,,
27. Sept. 2021 05:45,,,,
27. Sept. 2021 06:00,,,,
27. Sept. 2021 06:15,,,,
27. Sept. 2021 06:30,,,,
27. Sept. 2021 06:45,,,,
27. Sept. 2021 07:00,,,,
27. Sept. 2021 07:15,,,,
27. Sept. 2021 07:30,,,,
27. Sept. 2021 07:45,,,,
27. Sept. 2021 08:00,,,,
27. Sept. 2021 08:15,,,,
27. Sept. 2021 08:30,,,,
27. Sept. 2021 08:45,,,,
27. Sept. 2021 09:00,,,,
27. Sept. 2021 09:15,,,,
27. Sept. 2021 09:30,,,,
27. Sept. 2021 09:45,,,,
27. Sept. 2021 10:00,,,,
27. Sept. 2021 10:15,,,,
27. Sept. 2021 10:30,,,,
27. Sept. 2021 10:45,,,,
27. Sept. 2021 11:00,,,,
27. Sept. 2021 11:15,,,,
27. Sept. 2021 11:30,,,,
27. Sept. 2021 11:45,,,,
27. Sept. 2021 12:00,,,,
27. Sept. 2021 12:15,,,,
27. Sept. 2021 12:30,,,,
27. Sept. 2021 12:45,,,,
27. Sept. 2021 13:00,,,,
27. Sept. 2021 13:15,,,,
27. Sept. 2021 13:30,,,,
27. Sept. 2021 13:45,,,,
27. Sept. 2021 14:00,,,,
27. Sept. 2021 14:15,,,,
27. Sept. 2021 14:30,,,,
27. Sept. 2021 14:45,,,,
27. Sept. 2021 15:00,,,,
27. Sept. 2021 15:15,,,,
27. Sept. 2021 15:30,,,,
27. Sept. 2021 15:45,,,,
27. Sept. 2021 16:00,,,,
27. Sept. 2021 16:15,,,,
27. Sept. 2021 16:30,,,,
27. Sept. 2021 16:45,,,,
27. Sept. 2021 17:00,,,,
27. Sept. 2021 17:15,,,,
27. Sept. 2021 17:30,,,,
27. Sept. 2021 17:45,,,,
27. Sept. 2021 18:00,,,,
27. Sept. 2021 18:15,,,,
27. Sept. 2021 18:30,,,,
27. Sept. 2021 18:45,,,,
27. Sept. 2021 19:00,,,,
27. Sept. 2021 19:15,,,,
27. Sept. 2021 19:30,,,,
27. Sept. 2021 19:45,,,,
27. Sept. 2021 20:00,,,,
27. Sept. 2021 20:15,,,,
27. Sept. 2021 20:30,,,,
27. Sept. 2021 20:45,,,,
27. Sept. 2021 21:00,,,,
27. Sept. 2021 21:15,,,,
27. Sept. 2021 21:30,,,,
27. Sept. 2021 21:45,,,,
27. Sept. 2021 22:00,,,,
27. Sept. 2021 22:15,,,,
27. Sept. 2021 22:30,,,,
27. Sept. 2021 22:45,,,,
27. Sept. 2021 23:00,,,,
27. Sept. 2021 23:15,,,,
27. Sept. 2021 23:30,,,,
27. Sept. 2021 23:45,,,,
28. Sept. 2021 00:00,,,,
28. Sept. 2021 00:15,,,,
28. Sept. 2021 00:30,,,,
28. Sept. 2021 00:45,,,,
28. Sept. 2021 01:00,,,,
28. Sept. 2021 01:15,,,,
28. Sept. 2021 01:30,,,,
28. Sept. 2021 01:45,,,,
28. Sept. 2021 02:00,,,,
28. Sept. 2021 02:15,,,,
28. Sept. 2021 02:30,,,,
28. Sept. 2021 02:45,,,,
28. Sept. 2021 03:00,,,,
28. Sept. 2021 03:15,,,,
28. Sept. 2021 03:30,,,,
28. Sept. 2021 03:45,,,,
28. Sept. 2021 04:00,,,,
28. Sept. 2021 04:15,,,,
28. Sept. 2021 04:30,,,,
28. Sept. 2021 04:45,,,,
28. Sept. 2021 05:00,,,,
28. Sept. 2021 05:15,,,,
28. Sept. 2021 05:30,,,,
28. Sept. 2021 05:45,,,,
28. Sept. 2021 06:00,,,,
28. Sept. 2021 06:15,,,,
28. Sept. 2021 06:30,,,,
28. Sept. 2021 06:45,,,,
28. Sept. 2021 07:00,,,,
28. Sept. 2021 07:15,,,,
28. Sept. 2021 07:30,,,,
28. Sept. 2021 07:45,,,,
28. Sept. 2021 08:00,,,,
28. Sept. 2021 08:15,,,,
28. Sept. 2021 08:30,,,,
28. Sept. 2021 08:45,,,,
28. Sept. 2021 09:00,,,,
28. Sept. 2021 09:15,,,,
28. Sept. 2021 09:30,,,,
28. Sept. 2021 09:45,,,,
28. Sept. 2021 10:00,,,,
28. Sept. 2021 10:15,,,,
28. Sept. 2021 10:30,,,,
28. Sept. 2021 10:45,,,,
28. Sept. 2021 11:00,,,,
28. Sept. 2021 11:15,,,,
28. Sept. 2021 11:30,,,,
28. Sept. 2021 11:45,,,,
28. Sept. 2021 12:00,,,,
28. Sept. 2021 12:15,,,,
28. Sept. 2021 12:30,,,,
28. Sept. 2021 12:45,,,,
28. Sept. 2021 13:00,,,,
28. Sept. 2021 13:15,,,,
28. Sept. 2021 13:30,,,,
28. Sept. 2021 13:45,,,,
28. Sept. 2021 14:00,,,,
28. Sept. 2021 14:15,,,,
28. Sept. 2021 14:30,,,,
28. Sept. 2021 14:45,,,,
28. Sept. 2021 15:00,,,,
28. Sept. 2021 15:15,,,,
28. Sept. 2021 15:30,,,,
28. Sept. 2021 15:45,,,,
28. Sept. 2021 16:00,,,,
28. Sept. 2021 16:15,,,,
28. Sept. 2021 16:30,,,,
28. Sept. 2021 16:45,,,,
28. Sept. 2021 17:00,,,,
28. Sept. 2021 17:15,,,,
28. Sept. 2021 17:30,,,,
28. Sept. 2021 17:45,,,,
28. Sept. 2021 18:00,,,,
28. Sept. 2021 18:15,,,,
28. Sept. 2021 18:30,,,,
28. Sept. 2021 18:45,,,,
28. Sept. 2021 19:00,,,,
28. Sept. 2021 19:15,,,,
28. Sept. 2021 19:30,,,,
28. Sept. 2021 19:45,,,,
28. Sept. 2021 20:00,,,,
28. Sept. 2021 20:15,,,,
28. Sept. 2021 20:30,,,,
28. Sept. 2021 20:45,,,,
28. Sept. 2021 21:00,,,,
28. Sept. 2021 21:15,,,,
28. Sept. 2021 21:30,,,,
28. Sept. 2021 21:45,,,,
28. Sept. 2021 22:00,,,,
28. Sept. 2021 22:15,,,,
28. Sept. 2021 22:30,,,,
28. Sept. 2021 22:45,,,,
28. Sept. 2021 23:00,,,,
28. Sept. 2021 23:15,,,,
28. Sept. 2021 23:30,,,,
28. Sept. 2021 23:45,,,,
29. Sept. 2021 00:00,,,,
29. Sept. 2021 00:15,,,,
29. Sept. 2021 00:30,,,,
29. Sept. 2021 00:45,,,,
29. Sept. 2021 01:00,,,,
29. Sept. 2021 01:15,,,,
29. Sept. 2021 01:30,,,,
29. Sept. 2021 01:45,,,,
29. Sept. 2021 02:00,,,,
29. Sept. 2021 02:15,,,,
29. Sept. 2021 02:30,,,,
29. Sept. 2021 02:45,,,,
29. Sept. 2021 03:00,,,,
29. Sept. 2021 03:15,,,,
29. Sept. 2021 03:30,,,,
29. Sept. 2021 03:45,,,,
29. Sept. 2021 04:00,,,,
29. Sept. 2021 04:15,,,,
29. Sept. 2021 04:30,,,,
29. Sept. 2021 04:45,,,,
29. Sept. 2021 05:00,,,,
29. Sept. 2021 05:15,,,,
29. Sept. 2021 05:30,,,,
29. Sept. 2021 05:45,,,,
29. Sept. 2021 06:00,,,,
29. Sept. 2021 06:15,,,,
29. Sept. 2021 06:30,,,,
29. Sept. 2021 06:45,,,,
29. Sept. 2021 07:00,,,,
29. Sept. 2021 07:15,,,,
29. Sept. 2021 07:30,,,,
29. Sept. 2021 07:45,,,,
29. Sept. 2021 08:00,,,,
29. Sept. 2021 08:15,,,,
29. Sept. 2021 08:30,,,,
29. Sept. 2021 08:45,,,,
29. Sept. 2021 09:00,,,,
29. Sept. 2021 09:15,,,,
29. Sept. 2021 09:30,,,,
29. Sept. 2021 09:45,,,,
29. Sept. 2021 10:00,,,,
29. Sept. 2021 10:15,,,,
29. Sept. 2021 10:30,,,,
29. Sept. 2021 10:45,,,,
29. Sept. 2021 11:00,,,,
29. Sept. 2021 11:15,,,,
29. Sept. 2021 11:30,,,,
29. Sept. 2021 11:45,,,,
29. Sept. 2021 12:00,,,,
29. Sept. 2021 12:15,,,,
29. Sept. 2021 12:30,,,,
29. Sept. 2021 12:45,,,,
29. Sept. 2021 13:00,,,,
29. Sept. 2021 13:15,,,,
29. Sept. 2021 13:30,,,,
29. Sept. 2021 13:45,,,,
29. Sept. 2021 14:00,,,,
29. Sept. 2021 14:15,,,,
29. Sept. 2021 14:30,,,,
29. Sept. 2021 14:45,,,,
29. Sept. 2021 15:00,,,,
29. Sept. 2021 15:15,,,,
29. Sept. 2021 15:30,,,,
29. Sept. 2021 15:45,,,,
29. Sept. 2021 16:00,,,,
29. Sept. 2021 16:15,,,,
29. Sept. 2021 16:30,,,,
29. Sept. 2021 16:45,,,,
29. Sept. 2021 17:00,,,,
29. Sept. 2021 17:15,,,,
29. Sept. 2021 17:30,,,,
29. Sept. 2021 17:45,,,,
29. Sept. 2021 18:00,,,,
29. Sept. 2021 18:15,,,,
29. Sept. 2021 18:30,,,,
29. Sept. 2021 18:45,,,,
29. Sept. 2021 19:00,,,,
29. Sept. 2021 19:15,,,,
29. Sept. 2021 19:30,,,,
29. Sept. 2021 19:45,,,,
29. Sept. 2021 20:00,,,,
29. Sept. 2021 20:15,,,,
29. Sept. 2021 20:30,,,,
29. Sept. 2021 20:45,,,,
29. Sept. 2021 21:00,,,,
29. Sept. 2021 21:15,,,,
29. Sept. 2021 21:30,,,,
29. Sept. 2021 21:45,,,,
29. Sept. 2021 22:00,,,,
29. Sept. 2021 22:15,,,,
29. Sept. 2021 22:30,,,,
29. Sept. 2021 22:45,,,,
29. Sept. 2021 23:00,,,,
29. Sept. 2021 23:15,,,,
29. Sept. 2021 23:30,,,,
29. Sept. 2021 23:45,,,,
30. Sept. 2021 00:00,,,,
30. Sept. 2021 00:15,,,,
30. Sept. 2021 00:30,,,,
30. Sept. 2021 00:45,,,,
30. Sept. 2021 01:00,,,,
30. Sept. 2021 01:15,,,,
30. Sept. 2021 01:30,,,,
30. Sept. 2021 01:45,,,,
30. Sept. 2021 02:00,,,,
30. Sept. 2021 02:15,,,,
30. Sept. 2021 02:30,,,,
30. Sept. 2021 02:45,,,,
30. Sept. 2021 03:00,,,,
30. Sept. 2021 03:15,,,,
30. Sept. 2021 03:30,,,,
30. Sept. 2021 03:45,,,,
30. Sept. 2021 04:00,,,,
30. Sept. 2021 04:15,,,,
30. Sept. 2021 04:30,,,,
30. Sept. 2021 04:45,,,,
30. Sept. 2021 05:00,0,0,0,
30. Sept. 2021 05:15,0,0,0,
30. Sept. 2021 05:30,0,0,0,
30. Sept. 2021 05:45,0,0,0,
30. Sept. 2021 06:00,0,0,0,
30. Sept. 2021 06:15,0,0,0,
30. Sept. 2021 06:30,0,0,0,
30. Sept. 2021 06:45,0,0,0,
30. Sept. 2021 07:00,0,0,0,
30. Sept. 2021 07:15,0,0,0,
30. Sept. 2021 07:30,0,0,0,
30. Sept. 2021 07:45,0,0,0,
30. Sept. 2021 08:00,0,0,0,
30. Sept. 2021 08:15,0,0,0,
30. Sept. 2021 08:30,0,0,0,
30. Sept. 2021 08:45,0,0,0,
30. Sept. 2021 09:00,0,0,0,
30. Sept. 2021 09:15,0,0,0,
30. Sept. 2021 09:30,0,0,0,
30. Sept. 2021 09:45,0,0,0,
30. Sept. 2021 10:00,0,0,0,
30. Sept. 2021 10:15,0,0,0,
30. Sept. 2021 10:30,0,0,0,
30. Sept. 2021 10:45,0,0,0,
30. Sept. 2021 11:00,0,0,0,
30. Sept. 2021 11:15,0,0,0,
30. Sept. 2021 11:30,0,0,0,
30. Sept. 2021 11:45,0,0,0,
30. Sept. 2021 12:00,0,0,0,
30. Sept. 2021 12:15,0,0,0,
30. Sept. 2021 12:30,0,0,0,
30. Sept. 2021 12:45,0,0,0,
30. Sept. 2021 13:00,0,0,0,
30. Sept. 2021 13:15,0,0,0,
30. Sept. 2021 13:30,0,0,0,
30. Sept. 2021 13:45,0,0,0,
30. Sept. 2021 14:00,0,0,0,
30. Sept. 2021 14:15,22,11,11,
30. Sept. 2021 14:30,194,95,99,
30. Sept. 2021 14:45,211,104,107,
30. Sept. 2021 15:00,222,108,114,
30. Sept. 2021 15:15,233,112,121,
30. Sept. 2021 15:30,350,169,181,
30. Sept. 2021 15:45,282,151,131,
30. Sept. 2021 16:00,245,140,105,
30. Sept. 2021 16:15,265,141,124,
30. Sept. 2021 16:30,244,123,121,
30. Sept. 2021 16:45,266,131,135,
30. Sept. 2021 17:00,263,130,133,
30. Sept. 2021 17:15,333,120,213,
30. Sept. 2021 17:30,264,111,153,
30. Sept. 2021 17:45,286,130,156,
30. Sept. 2021 18:00,278,127,151,
30. Sept. 2021 18:15,243,120,123,
30. Sept. 2021 18:30,227,92,135,
30. Sept. 2021 18:45,235,111,124,
30. Sept. 2021 19:00,209,107,102,
30. Sept. 2021 19:15,162,76,86,
30. Sept. 2021 19:30,140,61,79,
30. Sept. 2021 19:45,167,79,88,
30. Sept. 2021 20:00,137,49,88,
30. Sept. 2021 20:15,125,48,77,
30. Sept. 2021 20:30,85,40,45,
30. Sept. 2021 20:45,78,35,43,
30. Sept. 2021 21:00,61,24,37,
30. Sept. 2021 21:15,82,38,44,
30. Sept. 2021 21:30,69,31,38,
30. Sept. 2021 21:45,52,26,26,
30. Sept. 2021 22:00,50,26,24,
30. Sept. 2021 22:15,61,29,32,
30. Sept. 2021 22:30,47,12,35,
30. Sept. 2021 22:45,51,23,28,
30. Sept. 2021 23:00,44,17,27,
30. Sept. 2021 23:15,44,17,27,
30. Sept. 2021 23:30,42,11,31,
30. Sept. 2021 23:45,28,5,23,
1. Okt. 2021 00:00,38,17,21,
1. Okt. 2021 00:15,24,8,16,
1. Okt. 2021 00:30,17,8,9,
1. Okt. 2021 00:45,11,4,7,
1. Okt. 2021 01:00,22,5,17,
1. Okt. 2021 01:15,17,3,14,
1. Okt. 2021 01:30,4,0,4,
1. Okt. 2021 01:45,3,0,3,
1. Okt. 2021 02:00,2,0,2,
1. Okt. 2021 02:15,3,0,3,
1. Okt. 2021 02:30,6,2,4,
1. Okt. 2021 02:45,3,3,0,
1. Okt. 2021 03:00,0,0,0,
1. Okt. 2021 03:15,5,4,1,
1. Okt. 2021 03:30,0,0,0,
1. Okt. 2021 03:45,1,0,1,
1. Okt. 2021 04:00,1,1,0,
1. Okt. 2021 04:15,2,0,2,
1. Okt. 2021 04:30,2,1,1,
1. Okt. 2021 04:45,2,1,1,
1. Okt. 2021 05:00,3,2,1,
1. Okt. 2021 05:15,4,3,1,
1. Okt. 2021 05:30,10,8,2,
1. Okt. 2021 05:45,20,12,8,
1. Okt. 2021 06:00,19,13,6,
1. Okt. 2021 06:15,32,19,13,
1. Okt. 2021 06:30,45,29,16,
1. Okt. 2021 06:45,66,39,27,
1. Okt. 2021 07:00,76,40,36,
1. Okt. 2021 07:15,191,118,73,
1. Okt. 2021 07:30,470,308,162,
1. Okt. 2021 07:45,214,120,94,
1. Okt. 2021 08:00,173,95,78,
1. Okt. 2021 08:15,201,117,84,
1. Okt. 2021 08:30,200,115,85,
1. Okt. 2021 08:45,215,135,80,
1. Okt. 2021 09:00,138,77,61,
1. Okt. 2021 09:15,178,115,63,
1. Okt. 2021 09:30,158,96,62,
1. Okt. 2021 09:45,147,92,55,
1. Okt. 2021 10:00,138,88,50,
1. Okt. 2021 10:15,131,71,60,
1. Okt. 2021 10:30,128,72,56,
1. Okt. 2021 10:45,145,69,76,
1. Okt. 2021 11:00,155,67,88,
1. Okt. 2021 11:15,189,94,95,
1. Okt. 2021 11:30,181,99,82,
1. Okt. 2021 11:45,183,83,100,
1. Okt. 2021 12:00,191,79,112,
1. Okt. 2021 12:15,235,114,121,
1. Okt. 2021 12:30,217,94,123,
1. Okt. 2021 12:45,213,101,112,
1. Okt. 2021 13:00,388,117,271,
1. Okt. 2021 13:15,225,98,127,
1. Okt. 2021 13:30,227,103,124,
1. Okt. 2021 13:45,218,100,118,
1. Okt. 2021 14:00,208,98,110,
1. Okt. 2021 14:15,205,115,90,
1. Okt. 2021 14:30,199,97,102,
1. Okt. 2021 14:45,238,124,114,
1. Okt. 2021 15:00,199,97,102,
1. Okt. 2021 15:15,258,137,121,
1. Okt. 2021 15:30,187,108,79,
1. Okt. 2021 15:45,249,109,140,
1. Okt. 2021 16:00,242,123,119,
1. Okt. 2021 16:15,204,106,98,
1. Okt. 2021 16:30,208,103,105,
1. Okt. 2021 16:45,219,98,121,
1. Okt. 2021 17:00,203,88,115,
1. Okt. 2021 17:15,222,101,121,
1. Okt. 2021 17:30,202,89,113,
1. Okt. 2021 17:45,193,106,87,
1. Okt. 2021 18:00,206,104,102,
1. Okt. 2021 18:15,175,93,82,
1. Okt. 2021 18:30,246,105,141,
1. Okt. 2021 18:45,184,89,95,
1. Okt. 2021 19:00,191,93,98,
1. Okt. 2021 19:15,179,86,93,
1. Okt. 2021 19:30,138,60,78,
1. Okt. 2021 19:45,136,64,72,
1. Okt. 2021 20:00,126,66,60,
1. Okt. 2021 20:15,146,78,68,
1. Okt. 2021 20:30,103,45,58,
1. Okt. 2021 20:45,74,33,41,
1. Okt. 2021 21:00,85,54,31,
1. Okt. 2021 21:15,99,51,48,
1. Okt. 2021 21:30,73,30,43,
1. Okt. 2021 21:45,73,51,22,
1. Okt. 2021 22:00,53,22,31,
1. Okt. 2021 22:15,72,40,32,
1. Okt. 2021 22:30,53,27,26,
1. Okt. 2021 22:45,45,25,20,
1. Okt. 2021 23:00,58,23,35,
1. Okt. 2021 23:15,58,27,31,
1. Okt. 2021 23:30,48,13,35,
1. Okt. 2021 23:45,48,18,30,
2. Okt. 2021 00:00,47,23,24,
2. Okt. 2021 00:15,53,14,39,
2. Okt. 2021 00:30,34,9,25,
2. Okt. 2021 00:45,33,15,18,
2. Okt. 2021 01:00,45,12,33,
2. Okt. 2021 01:15,41,14,27,
2. Okt. 2021 01:30,16,6,10,
2. Okt. 2021 01:45,36,13,23,
2. Okt. 2021 02:00,21,2,19,
2. Okt. 2021 02:15,17,5,12,
2. Okt. 2021 02:30,24,10,14,
2. Okt. 2021 02:45,14,5,9,
2. Okt. 2021 03:00,20,6,14,
2. Okt. 2021 03:15,12,3,9,
2. Okt. 2021 03:30,17,3,14,
2. Okt. 2021 03:45,9,4,5,
2. Okt. 2021 04:00,12,7,5,
2. Okt. 2021 04:15,11,6,5,
2. Okt. 2021 04:30,7,2,5,
2. Okt. 2021 04:45,2,1,1,
2. Okt. 2021 05:00,11,6,5,
2. Okt. 2021 05:15,6,2,4,
2. Okt. 2021 05:30,7,5,2,
2. Okt. 2021 05:45,14,9,5,
2. Okt. 2021 06:00,6,4,2,
2. Okt. 2021 06:15,9,7,2,
2. Okt. 2021 06:30,12,6,6,
2. Okt. 2021 06:45,14,9,5,
2. Okt. 2021 07:00,9,5,4,
2. Okt. 2021 07:15,15,10,5,
2. Okt. 2021 07:30,10,7,3,
2. Okt. 2021 07:45,33,17,16,
2. Okt. 2021 08:00,23,7,16,
2. Okt. 2021 08:15,23,12,11,
2. Okt. 2021 08:30,51,28,23,
2. Okt. 2021 08:45,67,43,24,
2. Okt. 2021 09:00,49,20,29,
2. Okt. 2021 09:15,78,42,36,
2. Okt. 2021 09:30,98,63,35,
2. Okt. 2021 09:45,140,82,58,
2. Okt. 2021 10:00,97,47,50,
2. Okt. 2021 10:15,116,54,62,
2. Okt. 2021 10:30,128,78,50,
2. Okt. 2021 10:45,114,64,50,
2. Okt. 2021 11:00,144,81,63,
2. Okt. 2021 11:15,143,67,76,
2. Okt. 2021 11:30,157,92,65,
2. Okt. 2021 11:45,170,98,72,
2. Okt. 2021 12:00,157,69,88,
2. Okt. 2021 12:15,151,75,76,
2. Okt. 2021 12:30,190,105,85,
2. Okt. 2021 12:45,177,108,69,
2. Okt. 2021 13:00,115,53,62,
2. Okt. 2021 13:15,157,70,87,
2. Okt. 2021 13:30,170,84,86,
2. Okt. 2021 13:45,189,95,94,
2. Okt. 2021 14:00,161,84,77,
2. Okt. 2021 14:15,162,85,77,
2. Okt. 2021 14:30,188,103,85,
2. Okt. 2021 14:45,193,93,100,
2. Okt. 2021 15:00,186,88,98,
2. Okt. 2021 15:15,169,89,80,
2. Okt. 2021 15:30,168,81,87,
2. Okt. 2021 15:45,205,101,104,
2. Okt. 2021 16:00,177,65,112,
2. Okt. 2021 16:15,172,81,91,
2. Okt. 2021 16:30,182,91,91,
2. Okt. 2021 16:45,152,65,87,
2. Okt. 2021 17:00,150,56,94,
2. Okt. 2021 17:15,162,71,91,
2. Okt. 2021 17:30,154,75,79,
2. Okt. 2021 17:45,172,76,96,
2. Okt. 2021 18:00,176,85,91,
2. Okt. 2021 18:15,153,81,72,
2. Okt. 2021 18:30,163,81,82,
2. Okt. 2021 18:45,157,80,77,
2. Okt. 2021 19:00,128,66,62,
2. Okt. 2021 19:15,149,71,78,
2. Okt. 2021 19:30,116,75,41,
2. Okt. 2021 19:45,131,71,60,
2. Okt. 2021 20:00,108,60,48,
2. Okt. 2021 20:15,101,57,44,
2. Okt. 2021 20:30,81,37,44,
2. Okt. 2021 20:45,51,20,31,
2. Okt. 2021 21:00,66,25,41,
2. Okt. 2021 21:15,46,23,23,
2. Okt. 2021 21:30,94,35,59,
2. Okt. 2021 21:45,80,46,34,
2. Okt. 2021 22:00,46,19,27,
2. Okt. 2021 22:15,56,18,38,
2. Okt. 2021 22:30,55,25,30,
2. Okt. 2021 22:45,52,20,32,
2. Okt. 2021 23:00,53,26,27,
2. Okt. 2021 23:15,53,15,38,
2. Okt. 2021 23:30,30,16,14,
2. Okt. 2021 23:45,40,11,29,
3. Okt. 2021 00:00,29,12,17,
3. Okt. 2021 00:15,30,14,16,
3. Okt. 2021 00:30,30,10,20,
3. Okt. 2021 00:45,31,5,26,
3. Okt. 2021 01:00,17,5,12,
3. Okt. 2021 01:15,28,14,14,
3. Okt. 2021 01:30,14,6,8,
3. Okt. 2021 01:45,31,11,20,
3. Okt. 2021 02:00,32,6,26,
3. Okt. 2021 02:15,19,5,14,
3. Okt. 2021 02:30,24,7,17,
3. Okt. 2021 02:45,17,3,14,
3. Okt. 2021 03:00,24,4,20,
3. Okt. 2021 03:15,14,2,12,
3. Okt. 2021 03:30,21,5,16,
3. Okt. 2021 03:45,7,1,6,
3. Okt. 2021 04:00,11,2,9,
3. Okt. 2021 04:15,10,6,4,
3. Okt. 2021 04:30,14,6,8,
3. Okt. 2021 04:45,4,1,3,
3. Okt. 2021 05:00,10,9,1,
3. Okt. 2021 05:15,2,0,2,
3. Okt. 2021 05:30,1,0,1,
3. Okt. 2021 05:45,6,4,2,
3. Okt. 2021 06:00,5,3,2,
3. Okt. 2021 06:15,13,8,5,
3. Okt. 2021 06:30,8,3,5,
3. Okt. 2021 06:45,9,7,2,
3. Okt. 2021 07:00,13,6,7,
3. Okt. 2021 07:15,9,6,3,
3. Okt. 2021 07:30,10,3,7,
3. Okt. 2021 07:45,29,11,18,
3. Okt. 2021 08:00,18,10,8,
3. Okt. 2021 08:15,19,11,8,
3. Okt. 2021 08:30,26,15,11,
3. Okt. 2021 08:45,44,25,19,
3. Okt. 2021 09:00,32,15,17,
3. Okt. 2021 09:15,46,19,27,
3. Okt. 2021 09:30,47,21,26,
3. Okt. 2021 09:45,60,31,29,
3. Okt. 2021 10:00,57,40,17,
3. Okt. 2021 10:15,69,35,34,
3. Okt. 2021 10:30,70,43,27,
3. Okt. 2021 10:45,83,43,40,
3. Okt. 2021 11:00,91,46,45,
3. Okt. 2021 11:15,122,75,47,
3. Okt. 2021 11:30,81,47,34,
3. Okt. 2021 11:45,113,59,54,
3. Okt. 2021 12:00,101,58,43,
3. Okt. 2021 12:15,98,46,52,
3. Okt. 2021 12:30,114,70,44,
3. Okt. 2021 12:45,119,72,47,
3. Okt. 2021 13:00,90,53,37,
3. Okt. 2021 13:15,111,84,27,
3. Okt. 2021 13:30,140,84,56,
3. Okt. 2021 13:45,130,80,50,
3. Okt. 2021 14:00,142,79,63,
3. Okt. 2021 14:15,131,74,57,
3. Okt. 2021 14:30,144,73,71,
3. Okt. 2021 14:45,165,92,73,
3. Okt. 2021 15:00,159,83,76,
3. Okt. 2021 15:15,166,77,89,
3. Okt. 2021 15:30,142,64,78,
3. Okt. 2021 15:45,129,60,69,
3. Okt. 2021 16:00,147,67,80,
3. Okt. 2021 16:15,145,53,92,
3. Okt. 2021 16:30,151,82,69,
3. Okt. 2021 16:45,155,64,91,
3. Okt. 2021 17:00,160,65,95,
3. Okt. 2021 17:15,156,59,97,
3. Okt. 2021 17:30,124,44,80,
3. Okt. 2021 17:45,152,57,95,
3. Okt. 2021 18:00,135,41,94,
3. Okt. 2021 18:15,131,48,83,
3. Okt. 2021 18:30,104,52,52,
3. Okt. 2021 18:45,70,30,40,
3. Okt. 2021 19:00,80,35,45,
3. Okt. 2021 19:15,92,40,52,
3. Okt. 2021 19:30,73,28,45,
3. Okt. 2021 19:45,51,17,34,
3. Okt. 2021 20:00,64,26,38,
3. Okt. 2021 20:15,53,23,30,
3. Okt. 2021 20:30,46,28,18,
3. Okt. 2021 20:45,38,17,21,
3. Okt. 2021 21:00,23,8,15,
3. Okt. 2021 21:15,36,17,19,
3. Okt. 2021 21:30,34,13,21,
3. Okt. 2021 21:45,28,13,15,
3. Okt. 2021 22:00,26,10,16,
3. Okt. 2021 22:15,32,10,22,
3. Okt. 2021 22:30,13,4,9,
3. Okt. 2021 22:45,19,6,13,
3. Okt. 2021 23:00,24,10,14,
3. Okt. 2021 23:15,9,1,8,
3. Okt. 2021 23:30,10,3,7,
3. Okt. 2021 23:45,9,3,6,
4. Okt. 2021 00:00,8,8,0,
4. Okt. 2021 00:15,5,1,4,
4. Okt. 2021 00:30,16,10,6,
4. Okt. 2021 00:45,6,2,4,
4. Okt. 2021 01:00,10,6,4,
4. Okt. 2021 01:15,9,7,2,
4. Okt. 2021 01:30,2,2,0,
4. Okt. 2021 01:45,1,1,0,
4. Okt. 2021 02:00,1,1,0,
4. Okt. 2021 02:15,6,1,5,
4. Okt. 2021 02:30,0,0,0,
4. Okt. 2021 02:45,2,1,1,
4. Okt. 2021 03:00,3,0,3,
4. Okt. 2021 03:15,0,0,0,
4. Okt. 2021 03:30,0,0,0,
4. Okt. 2021 03:45,0,0,0,
4. Okt. 2021 04:00,2,2,0,
4. Okt. 2021 04:15,0,0,0,
4. Okt. 2021 04:30,4,2,2,
4. Okt. 2021 04:45,5,4,1,
4. Okt. 2021 05:00,3,2,1,
4. Okt. 2021 05:15,6,1,5,
4. Okt. 2021 05:30,6,4,2,
4. Okt. 2021 05:45,24,16,8,
4. Okt. 2021 06:00,20,11,9,
4. Okt. 2021 06:15,35,28,7,
4. Okt. 2021 06:30,49,34,15,
4. Okt. 2021 06:45,69,36,33,
4. Okt. 2021 07:00,75,41,34,
4. Okt. 2021 07:15,201,123,78,
4. Okt. 2021 07:30,405,276,129,
4. Okt. 2021 07:45,227,144,83,
4. Okt. 2021 08:00,106,65,41,
4. Okt. 2021 08:15,141,84,57,
4. Okt. 2021 08:30,160,78,82,
4. Okt. 2021 08:45,120,73,47,
4. Okt. 2021 09:00,115,58,57,
4. Okt. 2021 09:15,163,119,44,
4. Okt. 2021 09:30,124,70,54,
4. Okt. 2021 09:45,93,48,45,
4. Okt. 2021 10:00,67,41,26,
4. Okt. 2021 10:15,80,42,38,
4. Okt. 2021 10:30,76,49,27,
4. Okt. 2021 10:45,87,47,40,
4. Okt. 2021 11:00,114,64,50,
4. Okt. 2021 11:15,121,67,54,
4. Okt. 2021 11:30,86,43,43,
4. Okt. 2021 11:45,84,40,44,
4. Okt. 2021 12:00,83,44,39,
4. Okt. 2021 12:15,119,47,72,
4. Okt. 2021 12:30,107,59,48,
4. Okt. 2021 12:45,137,64,73,
4. Okt. 2021 13:00,283,59,224,
4. Okt. 2021 13:15,138,69,69,
4. Okt. 2021 13:30,123,60,63,
4. Okt. 2021 13:45,219,132,87,
4. Okt. 2021 14:00,121,60,61,
4. Okt. 2021 14:15,103,44,59,
4. Okt. 2021 14:30,116,66,50,
4. Okt. 2021 14:45,161,91,70,
4. Okt. 2021 15:00,109,52,57,
4. Okt. 2021 15:15,146,82,64,
4. Okt. 2021 15:30,327,150,177,
4. Okt. 2021 15:45,250,139,111,
4. Okt. 2021 16:00,171,85,86,
4. Okt. 2021 16:15,198,110,88,
4. Okt. 2021 16:30,186,93,93,
4. Okt. 2021 16:45,209,98,111,
4. Okt. 2021 17:00,225,78,147,
4. Okt. 2021 17:15,257,111,146,
4. Okt. 2021 17:30,212,90,122,
4. Okt. 2021 17:45,228,97,131,
4. Okt. 2021 18:00,199,90,109,
4. Okt. 2021 18:15,199,99,100,
4. Okt. 2021 18:30,155,76,79,
4. Okt. 2021 18:45,177,89,88,
4. Okt. 2021 19:00,171,66,105,
4. Okt. 2021 19:15,132,73,59,
4. Okt. 2021 19:30,115,49,66,
4. Okt. 2021 19:45,112,57,55,
4. Okt. 2021 20:00,84,41,43,
4. Okt. 2021 20:15,107,62,45,
4. Okt. 2021 20:30,82,37,45,
4. Okt. 2021 20:45,73,33,40,
4. Okt. 2021 21:00,43,14,29,
4. Okt. 2021 21:15,56,22,34,
4. Okt. 2021 21:30,52,27,25,
4. Okt. 2021 21:45,51,18,33,
4. Okt. 2021 22:00,59,22,37,
4. Okt. 2021 22:15,46,25,21,
4. Okt. 2021 22:30,55,23,32,
4. Okt. 2021 22:45,25,9,16,
4. Okt. 2021 23:00,19,5,14,
4. Okt. 2021 23:15,27,11,16,
4. Okt. 2021 23:30,17,7,10,
4. Okt. 2021 23:45,14,9,5,
5. Okt. 2021 00:00,19,7,12,
5. Okt. 2021 00:15,15,6,9,
5. Okt. 2021 00:30,7,3,4,
5. Okt. 2021 00:45,7,3,4,
5. Okt. 2021 01:00,14,3,11,
5. Okt. 2021 01:15,10,3,7,
5. Okt. 2021 01:30,2,1,1,
5. Okt. 2021 01:45,1,1,0,
5. Okt. 2021 02:00,3,2,1,
5. Okt. 2021 02:15,4,2,2,
5. Okt. 2021 02:30,2,0,2,
5. Okt. 2021 02:45,5,5,0,
5. Okt. 2021 03:00,6,3,3,
5. Okt. 2021 03:15,4,2,2,
5. Okt. 2021 03:30,3,1,2,
5. Okt. 2021 03:45,4,2,2,
5. Okt. 2021 04:00,3,2,1,
5. Okt. 2021 04:15,3,2,1,
5. Okt. 2021 04:30,6,4,2,
5. Okt. 2021 04:45,5,2,3,
5. Okt. 2021 05:00,4,4,0,
5. Okt. 2021 05:15,5,2,3,
5. Okt. 2021 05:30,10,7,3,
5. Okt. 2021 05:45,17,12,5,
5. Okt. 2021 06:00,25,15,10,
5. Okt. 2021 06:15,24,16,8,
5. Okt. 2021 06:30,44,32,12,
5. Okt. 2021 06:45,64,38,26,
5. Okt. 2021 07:00,72,40,32,
5. Okt. 2021 07:15,196,142,54,
5. Okt. 2021 07:30,381,261,120,
5. Okt. 2021 07:45,296,209,87,
5. Okt. 2021 08:00,147,79,68,
5. Okt. 2021 08:15,187,105,82,
5. Okt. 2021 08:30,181,88,93,
5. Okt. 2021 08:45,161,98,63,
5. Okt. 2021 09:00,118,72,46,
5. Okt. 2021 09:15,166,108,58,
5. Okt. 2021 09:30,217,131,86,
5. Okt. 2021 09:45,124,65,59,
5. Okt. 2021 10:00,88,51,37,
5. Okt. 2021 10:15,90,51,39,
5. Okt. 2021 10:30,111,61,50,
5. Okt. 2021 10:45,102,62,40,
5. Okt. 2021 11:00,128,58,70,
5. Okt. 2021 11:15,209,138,71,
5. Okt. 2021 11:30,116,56,60,
5. Okt. 2021 11:45,113,50,63,
5. Okt. 2021 12:00,119,50,69,
5. Okt. 2021 12:15,162,74,88,
5. Okt. 2021 12:30,123,44,79,
5. Okt. 2021 12:45,141,66,75,
5. Okt. 2021 13:00,308,90,218,
5. Okt. 2021 13:15,167,67,100,
5. Okt. 2021 13:30,173,99,74,
5. Okt. 2021 13:45,220,150,70,
5. Okt. 2021 14:00,118,51,67,
5. Okt. 2021 14:15,138,65,73,
5. Okt. 2021 14:30,102,48,54,
5. Okt. 2021 14:45,131,58,73,
5. Okt. 2021 15:00,109,51,58,
5. Okt. 2021 15:15,138,64,74,
5. Okt. 2021 15:30,296,131,165,
5. Okt. 2021 15:45,224,100,124,
5. Okt. 2021 16:00,185,87,98,
5. Okt. 2021 16:15,196,105,91,
5. Okt. 2021 16:30,184,76,108,
5. Okt. 2021 16:45,197,89,108,
5. Okt. 2021 17:00,190,84,106,
5. Okt. 2021 17:15,336,150,186,
5. Okt. 2021 17:30,226,106,120,
5. Okt. 2021 17:45,209,91,118,
5. Okt. 2021 18:00,209,95,114,
5. Okt. 2021 18:15,210,117,93,
5. Okt. 2021 18:30,205,104,101,
5. Okt. 2021 18:45,221,96,125,
5. Okt. 2021 19:00,200,101,99,
5. Okt. 2021 19:15,142,56,86,
5. Okt. 2021 19:30,136,69,67,
5. Okt. 2021 19:45,107,49,58,
5. Okt. 2021 20:00,107,44,63,
5. Okt. 2021 20:15,100,41,59,
5. Okt. 2021 20:30,94,30,64,
5. Okt. 2021 20:45,83,41,42,
5. Okt. 2021 21:00,63,21,42,
5. Okt. 2021 21:15,66,31,35,
5. Okt. 2021 21:30,56,21,35,
5. Okt. 2021 21:45,63,31,32,
5. Okt. 2021 22:00,66,19,47,
5. Okt. 2021 22:15,44,19,25,
5. Okt. 2021 22:30,40,23,17,
5. Okt. 2021 22:45,31,15,16,
5. Okt. 2021 23:00,37,15,22,
5. Okt. 2021 23:15,19,6,13,
5. Okt. 2021 23:30,16,5,11,
5. Okt. 2021 23:45,19,1,18,
6. Okt. 2021 00:00,23,7,16,
6. Okt. 2021 00:15,7,4,3,
6. Okt. 2021 00:30,15,5,10,
6. Okt. 2021 00:45,7,2,5,
6. Okt. 2021 01:00,7,4,3,
6. Okt. 2021 01:15,15,5,10,
6. Okt. 2021 01:30,9,1,8,
6. Okt. 2021 01:45,9,4,5,
6. Okt. 2021 02:00,6,1,5,
6. Okt. 2021 02:15,3,1,2,
6. Okt. 2021 02:30,0,0,0,
6. Okt. 2021 02:45,2,0,2,
6. Okt. 2021 03:00,0,0,0,
6. Okt. 2021 03:15,1,1,0,
6. Okt. 2021 03:30,1,0,1,
6. Okt. 2021 03:45,3,2,1,
6. Okt. 2021 04:00,1,1,0,
6. Okt. 2021 04:15,1,1,0,
6. Okt. 2021 04:30,5,2,3,
6. Okt. 2021 04:45,1,1,0,
6. Okt. 2021 05:00,5,3,2,
6. Okt. 2021 05:15,7,5,2,
6. Okt. 2021 05:30,18,13,5,
6. Okt. 2021 05:45,29,22,7,
6. Okt. 2021 06:00,19,9,10,
6. Okt. 2021 06:15,35,24,11,
6. Okt. 2021 06:30,42,24,18,
6. Okt. 2021 06:45,67,42,25,
6. Okt. 2021 07:00,82,52,30,
6. Okt. 2021 07:15,217,147,70,
6. Okt. 2021 07:30,469,313,156,
6. Okt. 2021 07:45,388,305,83,
6. Okt. 2021 08:00,179,119,60,
6. Okt. 2021 08:15,192,109,83,
6. Okt. 2021 08:30,205,105,100,
6. Okt. 2021 08:45,219,130,89,
6. Okt. 2021 09:00,112,72,40,
6. Okt. 2021 09:15,188,114,74,
6. Okt. 2021 09:30,258,161,97,
6. Okt. 2021 09:45,146,94,52,
6. Okt. 2021 10:00,117,58,59,
6. Okt. 2021 10:15,104,71,33,
6. Okt. 2021 10:30,101,45,56,
6. Okt. 2021 10:45,130,64,66,
6. Okt. 2021 11:00,135,58,77,
6. Okt. 2021 11:15,248,100,148,
6. Okt. 2021 11:30,177,91,86,
6. Okt. 2021 11:45,154,63,91,
6. Okt. 2021 12:00,164,76,88,
6. Okt. 2021 12:15,201,93,108,
6. Okt. 2021 12:30,168,87,81,
6. Okt. 2021 12:45,196,107,89,
6. Okt. 2021 13:00,376,140,236,
6. Okt. 2021 13:15,222,117,105,
6. Okt. 2021 13:30,195,122,73,
6. Okt. 2021 13:45,335,231,104,
6. Okt. 2021 14:00,182,88,94,
6. Okt. 2021 14:15,194,106,88,
6. Okt. 2021 14:30,171,81,90,
6. Okt. 2021 14:45,186,98,88,
6. Okt. 2021 15:00,167,70,97,
6. Okt. 2021 15:15,231,128,103,
6. Okt. 2021 15:30,395,144,251,
6. Okt. 2021 15:45,291,116,175,
6. Okt. 2021 16:00,185,82,103,
6. Okt. 2021 16:15,219,103,116,
6. Okt. 2021 16:30,208,79,129,
6. Okt. 2021 16:45,239,120,119,
6. Okt. 2021 17:00,246,107,139,
6. Okt. 2021 17:15,301,131,170,
6. Okt. 2021 17:30,270,114,156,
6. Okt. 2021 17:45,202,99,103,
6. Okt. 2021 18:00,212,103,109,
6. Okt. 2021 18:15,203,80,123,
6. Okt. 2021 18:30,163,66,97,
6. Okt. 2021 18:45,169,71,98,
6. Okt. 2021 19:00,165,74,91,
6. Okt. 2021 19:15,113,52,61,
6. Okt. 2021 19:30,92,43,49,
6. Okt. 2021 19:45,109,37,72,
6. Okt. 2021 20:00,101,47,54,
6. Okt. 2021 20:15,106,52,54,
6. Okt. 2021 20:30,107,57,50,
6. Okt. 2021 20:45,61,28,33,
6. Okt. 2021 21:00,54,19,35,
6. Okt. 2021 21:15,55,30,25,
6. Okt. 2021 21:30,37,6,31,
6. Okt. 2021 21:45,57,31,26,
6. Okt. 2021 22:00,49,15,34,
6. Okt. 2021 22:15,50,23,27,
6. Okt. 2021 22:30,48,27,21,
6. Okt. 2021 22:45,26,7,19,
6. Okt. 2021 23:00,25,9,16,
6. Okt. 2021 23:15,21,9,12,
6. Okt. 2021 23:30,25,9,16,
6. Okt. 2021 23:45,21,4,17,
7. Okt. 2021 00:00,21,3,18,
7. Okt. 2021 00:15,29,6,23,
7. Okt. 2021 00:30,20,7,13,
7. Okt. 2021 00:45,20,9,11,
7. Okt. 2021 01:00,17,9,8,
7. Okt. 2021 01:15,9,4,5,
7. Okt. 2021 01:30,8,4,4,
7. Okt. 2021 01:45,9,3,6,
7. Okt. 2021 02:00,7,3,4,
7. Okt. 2021 02:15,4,3,1,
7. Okt. 2021 02:30,3,0,3,
7. Okt. 2021 02:45,5,2,3,
7. Okt. 2021 03:00,5,3,2,
7. Okt. 2021 03:15,0,0,0,
7. Okt. 2021 03:30,2,2,0,
7. Okt. 2021 03:45,2,0,2,
7. Okt. 2021 04:00,4,4,0,
7. Okt. 2021 04:15,4,2,2,
7. Okt. 2021 04:30,4,3,1,
7. Okt. 2021 04:45,3,2,1,
7. Okt. 2021 05:00,8,8,0,
7. Okt. 2021 05:15,8,5,3,
7. Okt. 2021 05:30,14,10,4,
7. Okt. 2021 05:45,12,8,4,
7. Okt. 2021 06:00,18,9,9,
7. Okt. 2021 06:15,39,31,8,
7. Okt. 2021 06:30,37,23,14,
7. Okt. 2021 06:45,64,36,28,
7. Okt. 2021 07:00,82,46,36,
7. Okt. 2021 07:15,202,133,69,
7. Okt. 2021 07:30,419,293,126,
7. Okt. 2021 07:45,359,255,104,
7. Okt. 2021 08:00,181,89,92,
7. Okt. 2021 08:15,222,119,103,
7. Okt. 2021 08:30,151,69,82,
7. Okt. 2021 08:45,185,122,63,
7. Okt. 2021 09:00,147,77,70,
7. Okt. 2021 09:15,162,87,75,
7. Okt. 2021 09:30,251,154,97,
7. Okt. 2021 09:45,153,101,52,
7. Okt. 2021 10:00,94,54,40,
7. Okt. 2021 10:15,111,61,50,
7. Okt. 2021 10:30,101,51,50,
7. Okt. 2021 10:45,146,97,49,
7. Okt. 2021 11:00,166,98,68,
7. Okt. 2021 11:15,231,118,113,
7. Okt. 2021 11:30,172,69,103,
7. Okt. 2021 11:45,125,66,59,
7. Okt. 2021 12:00,144,75,69,
7. Okt. 2021 12:15,141,52,89,
7. Okt. 2021 12:30,165,75,90,
7. Okt. 2021 12:45,198,87,111,
7. Okt. 2021 13:00,302,98,204,
7. Okt. 2021 13:15,188,80,108,
7. Okt. 2021 13:30,157,66,91,
7. Okt. 2021 13:45,264,169,95,
7. Okt. 2021 14:00,167,76,91,
7. Okt. 2021 14:15,165,84,81,
7. Okt. 2021 14:30,160,82,78,
7. Okt. 2021 14:45,189,111,78,
7. Okt. 2021 15:00,153,86,67,
7. Okt. 2021 15:15,186,100,86,
7. Okt. 2021 15:30,457,195,262,
7. Okt. 2021 15:45,223,103,120,
7. Okt. 2021 16:00,224,97,127,
7. Okt. 2021 16:15,261,133,128,
7. Okt. 2021 16:30,207,87,120,
7. Okt. 2021 16:45,229,108,121,
7. Okt. 2021 17:00,265,129,136,
7. Okt. 2021 17:15,342,145,197,
7. Okt. 2021 17:30,225,82,143,
7. Okt. 2021 17:45,246,116,130,
7. Okt. 2021 18:00,217,91,126,
7. Okt. 2021 18:15,252,132,120,
7. Okt. 2021 18:30,188,99,89,
7. Okt. 2021 18:45,262,137,125,
7. Okt. 2021 19:00,221,92,129,
7. Okt. 2021 19:15,160,77,83,
7. Okt. 2021 19:30,133,64,69,
7. Okt. 2021 19:45,139,57,82,
7. Okt. 2021 20:00,122,68,54,
7. Okt. 2021 20:15,117,51,66,
7. Okt. 2021 20:30,74,24,50,
7. Okt. 2021 20:45,77,40,37,
7. Okt. 2021 21:00,77,30,47,
7. Okt. 2021 21:15,58,29,29,
7. Okt. 2021 21:30,51,32,19,
7. Okt. 2021 21:45,58,28,30,
7. Okt. 2021 22:00,69,22,47,
7. Okt. 2021 22:15,76,24,52,
7. Okt. 2021 22:30,50,20,30,
7. Okt. 2021 22:45,34,9,25,
7. Okt. 2021 23:00,42,16,26,
7. Okt. 2021 23:15,28,9,19,
7. Okt. 2021 23:30,26,7,19,
7. Okt. 2021 23:45,42,12,30,
8. Okt. 2021 00:00,27,10,17,
8. Okt. 2021 00:15,19,4,15,
8. Okt. 2021 00:30,17,4,13,
8. Okt. 2021 00:45,18,6,12,
8. Okt. 2021 01:00,27,9,18,
8. Okt. 2021 01:15,12,1,11,
8. Okt. 2021 01:30,4,2,2,
8. Okt. 2021 01:45,6,2,4,
8. Okt. 2021 02:00,12,4,8,
8. Okt. 2021 02:15,0,0,0,
8. Okt. 2021 02:30,4,1,3,
8. Okt. 2021 02:45,7,5,2,
8. Okt. 2021 03:00,2,0,2,
8. Okt. 2021 03:15,8,4,4,
8. Okt. 2021 03:30,5,4,1,
8. Okt. 2021 03:45,3,3,0,
8. Okt. 2021 04:00,0,0,0,
8. Okt. 2021 04:15,5,4,1,
8. Okt. 2021 04:30,5,5,0,
8. Okt. 2021 04:45,5,4,1,
8. Okt. 2021 05:00,6,6,0,
8. Okt. 2021 05:15,9,4,5,
8. Okt. 2021 05:30,8,4,4,
8. Okt. 2021 05:45,17,10,7,
8. Okt. 2021 06:00,21,18,3,
8. Okt. 2021 06:15,28,20,8,
8. Okt. 2021 06:30,39,21,18,
8. Okt. 2021 06:45,63,30,33,
8. Okt. 2021 07:00,75,38,37,
8. Okt. 2021 07:15,198,126,72,
8. Okt. 2021 07:30,431,276,155,
8. Okt. 2021 07:45,257,171,86,
8. Okt. 2021 08:00,138,73,65,
8. Okt. 2021 08:15,175,101,74,
8. Okt. 2021 08:30,192,102,90,
8. Okt. 2021 08:45,174,93,81,
8. Okt. 2021 09:00,141,76,65,
8. Okt. 2021 09:15,169,116,53,
8. Okt. 2021 09:30,206,151,55,
8. Okt. 2021 09:45,149,96,53,
8. Okt. 2021 10:00,135,67,68,
8. Okt. 2021 10:15,123,71,52,
8. Okt. 2021 10:30,119,57,62,
8. Okt. 2021 10:45,155,85,70,
8. Okt. 2021 11:00,212,70,142,
8. Okt. 2021 11:15,302,160,142,
8. Okt. 2021 11:30,217,131,86,
8. Okt. 2021 11:45,179,92,87,
8. Okt. 2021 12:00,170,67,103,
8. Okt. 2021 12:15,197,80,117,
8. Okt. 2021 12:30,177,75,102,
8. Okt. 2021 12:45,244,92,152,
8. Okt. 2021 13:00,328,91,237,
8. Okt. 2021 13:15,217,109,108,
8. Okt. 2021 13:30,210,94,116,
8. Okt. 2021 13:45,189,79,110,
8. Okt. 2021 14:00,166,71,95,
8. Okt. 2021 14:15,209,110,99,
8. Okt. 2021 14:30,170,76,94,
8. Okt. 2021 14:45,194,103,91,
8. Okt. 2021 15:00,206,122,84,
8. Okt. 2021 15:15,202,94,108,
8. Okt. 2021 15:30,201,102,99,
8. Okt. 2021 15:45,233,94,139,
8. Okt. 2021 16:00,214,109,105,
8. Okt. 2021 16:15,195,105,90,
8. Okt. 2021 16:30,219,124,95,
8. Okt. 2021 16:45,214,100,114,
8. Okt. 2021 17:00,228,118,110,
8. Okt. 2021 17:15,202,89,113,
8. Okt. 2021 17:30,222,119,103,
8. Okt. 2021 17:45,216,117,99,
8. Okt. 2021 18:00,191,85,106,
8. Okt. 2021 18:15,180,100,80,
8. Okt. 2021 18:30,176,85,91,
8. Okt. 2021 18:45,194,88,106,
8. Okt. 2021 19:00,173,88,85,
8. Okt. 2021 19:15,158,91,67,
8. Okt. 2021 19:30,105,69,36,
8. Okt. 2021 19:45,114,64,50,
8. Okt. 2021 20:00,114,64,50,
8. Okt. 2021 20:15,99,53,46,
8. Okt. 2021 20:30,98,54,44,
8. Okt. 2021 20:45,82,49,33,
8. Okt. 2021 21:00,75,42,33,
8. Okt. 2021 21:15,57,29,28,
8. Okt. 2021 21:30,61,27,34,
8. Okt. 2021 21:45,96,48,48,
8. Okt. 2021 22:00,46,20,26,
8. Okt. 2021 22:15,48,20,28,
8. Okt. 2021 22:30,62,19,43,
8. Okt. 2021 22:45,40,18,22,
8. Okt. 2021 23:00,51,22,29,
8. Okt. 2021 23:15,49,16,33,
8. Okt. 2021 23:30,29,12,17,
8. Okt. 2021 23:45,45,10,35,
9. Okt. 2021 00:00,40,8,32,
9. Okt. 2021 00:15,43,14,29,
9. Okt. 2021 00:30,31,16,15,
9. Okt. 2021 00:45,24,9,15,
9. Okt. 2021 01:00,31,12,19,
9. Okt. 2021 01:15,30,9,21,
9. Okt. 2021 01:30,22,4,18,
9. Okt. 2021 01:45,22,5,17,
9. Okt. 2021 02:00,26,0,26,
9. Okt. 2021 02:15,37,7,30,
9. Okt. 2021 02:30,33,5,28,
9. Okt. 2021 02:45,29,4,25,
9. Okt. 2021 03:00,22,6,16,
9. Okt. 2021 03:15,19,2,17,
9. Okt. 2021 03:30,13,1,12,
9. Okt. 2021 03:45,8,1,7,
9. Okt. 2021 04:00,10,2,8,
9. Okt. 2021 04:15,5,1,4,
9. Okt. 2021 04:30,7,6,1,
9. Okt. 2021 04:45,8,1,7,
9. Okt. 2021 05:00,6,5,1,
9. Okt. 2021 05:15,8,1,7,
9. Okt. 2021 05:30,7,3,4,
9. Okt. 2021 05:45,10,5,5,
9. Okt. 2021 06:00,10,8,2,
9. Okt. 2021 06:15,11,5,6,
9. Okt. 2021 06:30,7,4,3,
9. Okt. 2021 06:45,20,12,8,
9. Okt. 2021 07:00,12,6,6,
9. Okt. 2021 07:15,11,5,6,
9. Okt. 2021 07:30,14,6,8,
9. Okt. 2021 07:45,25,12,13,
9. Okt. 2021 08:00,31,20,11,
9. Okt. 2021 08:15,37,22,15,
9. Okt. 2021 08:30,44,27,17,
9. Okt. 2021 08:45,79,47,32,
9. Okt. 2021 09:00,42,26,16,
9. Okt. 2021 09:15,72,51,21,
9. Okt. 2021 09:30,99,63,36,
9. Okt. 2021 09:45,133,89,44,
9. Okt. 2021 10:00,100,57,43,
9. Okt. 2021 10:15,110,57,53,
9. Okt. 2021 10:30,103,54,49,
9. Okt. 2021 10:45,136,70,66,
9. Okt. 2021 11:00,130,68,62,
9. Okt. 2021 11:15,122,67,55,
9. Okt. 2021 11:30,179,92,87,
9. Okt. 2021 11:45,159,87,72,
9. Okt. 2021 12:00,146,74,72,
9. Okt. 2021 12:15,144,82,62,
9. Okt. 2021 12:30,154,89,65,
9. Okt. 2021 12:45,175,85,90,
9. Okt. 2021 13:00,145,66,79,
9. Okt. 2021 13:15,153,78,75,
9. Okt. 2021 13:30,171,85,86,
9. Okt. 2021 13:45,161,84,77,
9. Okt. 2021 14:00,138,76,62,
9. Okt. 2021 14:15,165,95,70,
9. Okt. 2021 14:30,158,81,77,
9. Okt. 2021 14:45,146,66,80,
9. Okt. 2021 15:00,155,82,73,
9. Okt. 2021 15:15,165,87,78,
9. Okt. 2021 15:30,175,93,82,
9. Okt. 2021 15:45,151,83,68,
9. Okt. 2021 16:00,169,73,96,
9. Okt. 2021 16:15,176,99,77,
9. Okt. 2021 16:30,152,73,79,
9. Okt. 2021 16:45,183,84,99,
9. Okt. 2021 17:00,189,89,100,
9. Okt. 2021 17:15,144,72,72,
9. Okt. 2021 17:30,123,55,68,
9. Okt. 2021 17:45,176,70,106,
9. Okt. 2021 18:00,154,58,96,
9. Okt. 2021 18:15,159,72,87,
9. Okt. 2021 18:30,118,56,62,
9. Okt. 2021 18:45,135,61,74,
9. Okt. 2021 19:00,124,61,63,
9. Okt. 2021 19:15,111,51,60,
9. Okt. 2021 19:30,101,59,42,
9. Okt. 2021 19:45,104,48,56,
9. Okt. 2021 20:00,93,52,41,
9. Okt. 2021 20:15,74,47,27,
9. Okt. 2021 20:30,87,53,34,
9. Okt. 2021 20:45,64,42,22,
9. Okt. 2021 21:00,76,51,25,
9. Okt. 2021 21:15,57,36,21,
9. Okt. 2021 21:30,73,39,34,
9. Okt. 2021 21:45,45,17,28,
9. Okt. 2021 22:00,37,26,11,
9. Okt. 2021 22:15,65,34,31,
9. Okt. 2021 22:30,49,18,31,
9. Okt. 2021 22:45,48,23,25,
9. Okt. 2021 23:00,49,22,27,
9. Okt. 2021 23:15,42,19,23,
9. Okt. 2021 23:30,51,22,29,
9. Okt. 2021 23:45,28,8,20,
10. Okt. 2021 00:00,35,11,24,
10. Okt. 2021 00:15,35,11,24,
10. Okt. 2021 00:30,34,18,16,
10. Okt. 2021 00:45,18,6,12,
10. Okt. 2021 01:00,29,9,20,
10. Okt. 2021 01:15,45,16,29,
10. Okt. 2021 01:30,39,7,32,
10. Okt. 2021 01:45,23,6,17,
10. Okt. 2021 02:00,21,5,16,
10. Okt. 2021 02:15,16,3,13,
10. Okt. 2021 02:30,24,10,14,
10. Okt. 2021 02:45,24,6,18,
10. Okt. 2021 03:00,20,4,16,
10. Okt. 2021 03:15,30,6,24,
10. Okt. 2021 03:30,20,2,18,
10. Okt. 2021 03:45,16,5,11,
10. Okt. 2021 04:00,15,7,8,
10. Okt. 2021 04:15,5,1,4,
10. Okt. 2021 04:30,7,1,6,
10. Okt. 2021 04:45,9,1,8,
10. Okt. 2021 05:00,1,1,0,
10. Okt. 2021 05:15,4,4,0,
10. Okt. 2021 05:30,12,6,6,
10. Okt. 2021 05:45,8,6,2,
10. Okt. 2021 06:00,6,4,2,
10. Okt. 2021 06:15,8,6,2,
10. Okt. 2021 06:30,3,3,0,
10. Okt. 2021 06:45,6,3,3,
10. Okt. 2021 07:00,7,4,3,
10. Okt. 2021 07:15,17,5,12,
10. Okt. 2021 07:30,15,4,11,
10. Okt. 2021 07:45,11,6,5,
10. Okt. 2021 08:00,10,6,4,
10. Okt. 2021 08:15,8,5,3,
10. Okt. 2021 08:30,21,10,11,
10. Okt. 2021 08:45,32,19,13,
10. Okt. 2021 09:00,26,14,12,
10. Okt. 2021 09:15,41,24,17,
10. Okt. 2021 09:30,42,18,24,
10. Okt. 2021 09:45,55,28,27,
10. Okt. 2021 10:00,58,42,16,
10. Okt. 2021 10:15,58,27,31,
10. Okt. 2021 10:30,56,27,29,
10. Okt. 2021 10:45,47,23,24,
10. Okt. 2021 11:00,85,43,42,
10. Okt. 2021 11:15,73,36,37,
10. Okt. 2021 11:30,58,21,37,
10. Okt. 2021 11:45,61,31,30,
10. Okt. 2021 12:00,64,26,38,
10. Okt. 2021 12:15,74,34,40,
10. Okt. 2021 12:30,67,41,26,
10. Okt. 2021 12:45,75,35,40,
10. Okt. 2021 13:00,72,37,35,
10. Okt. 2021 13:15,79,27,52,
10. Okt. 2021 13:30,68,40,28,
10. Okt. 2021 13:45,81,40,41,
10. Okt. 2021 14:00,76,36,40,
10. Okt. 2021 14:15,95,48,47,
10. Okt. 2021 14:30,84,53,31,
10. Okt. 2021 14:45,101,53,48,
10. Okt. 2021 15:00,98,48,50,
10. Okt. 2021 15:15,87,48,39,
10. Okt. 2021 15:30,99,52,47,
10. Okt. 2021 15:45,95,43,52,
10. Okt. 2021 16:00,115,60,55,
10. Okt. 2021 16:15,109,43,66,
10. Okt. 2021 16:30,136,76,60,
10. Okt. 2021 16:45,96,43,53,
10. Okt. 2021 17:00,123,59,64,
10. Okt. 2021 17:15,125,76,49,
10. Okt. 2021 17:30,114,62,52,
10. Okt. 2021 17:45,108,68,40,
10. Okt. 2021 18:00,95,49,46,
10. Okt. 2021 18:15,92,37,55,
10. Okt. 2021 18:30,106,42,64,
10. Okt. 2021 18:45,91,42,49,
10. Okt. 2021 19:00,74,41,33,
10. Okt. 2021 19:15,70,29,41,
10. Okt. 2021 19:30,41,19,22,
10. Okt. 2021 19:45,54,38,16,
10. Okt. 2021 20:00,50,25,25,
10. Okt. 2021 20:15,50,25,25,
10. Okt. 2021 20:30,56,26,30,
10. Okt. 2021 20:45,35,14,21,
10. Okt. 2021 21:00,39,19,20,
10. Okt. 2021 21:15,31,15,16,
10. Okt. 2021 21:30,29,16,13,
10. Okt. 2021 21:45,30,8,22,
10. Okt. 2021 22:00,27,13,14,
10. Okt. 2021 22:15,28,14,14,
10. Okt. 2021 22:30,19,4,15,
10. Okt. 2021 22:45,23,3,20,
10. Okt. 2021 23:00,18,5,13,
10. Okt. 2021 23:15,23,7,16,
10. Okt. 2021 23:30,5,2,3,
10. Okt. 2021 23:45,17,2,15,
11. Okt. 2021 00:00,7,3,4,
11. Okt. 2021 00:15,1,1,0,
11. Okt. 2021 00:30,2,1,1,
11. Okt. 2021 00:45,6,0,6,
11. Okt. 2021 01:00,8,3,5,
11. Okt. 2021 01:15,0,0,0,
11. Okt. 2021 01:30,2,0,2,
11. Okt. 2021 01:45,4,4,0,
11. Okt. 2021 02:00,1,0,1,
11. Okt. 2021 02:15,3,0,3,
11. Okt. 2021 02:30,0,0,0,
11. Okt. 2021 02:45,0,0,0,
11. Okt. 2021 03:00,0,0,0,
11. Okt. 2021 03:15,1,0,1,
11. Okt. 2021 03:30,0,0,0,
11. Okt. 2021 03:45,1,0,1,
11. Okt. 2021 04:00,3,1,2,
11. Okt. 2021 04:15,2,1,1,
11. Okt. 2021 04:30,7,4,3,
11. Okt. 2021 04:45,1,1,0,
11. Okt. 2021 05:00,2,2,0,
11. Okt. 2021 05:15,7,3,4,
11. Okt. 2021 05:30,9,5,4,
11. Okt. 2021 05:45,17,9,8,
11. Okt. 2021 06:00,18,13,5,
11. Okt. 2021 06:15,38,29,9,
11. Okt. 2021 06:30,48,28,20,
11. Okt. 2021 06:45,64,30,34,
11. Okt. 2021 07:00,81,36,45,
11. Okt. 2021 07:15,231,148,83,
11. Okt. 2021 07:30,423,279,144,
11. Okt. 2021 07:45,289,203,86,
11. Okt. 2021 08:00,167,87,80,
11. Okt. 2021 08:15,176,87,89,
11. Okt. 2021 08:30,188,114,74,
11. Okt. 2021 08:45,181,91,90,
11. Okt. 2021 09:00,135,80,55,
11. Okt. 2021 09:15,170,106,64,
11. Okt. 2021 09:30,251,173,78,
11. Okt. 2021 09:45,139,84,55,
11. Okt. 2021 10:00,97,50,47,
11. Okt. 2021 10:15,117,72,45,
11. Okt. 2021 10:30,91,53,38,
11. Okt. 2021 10:45,124,68,56,
11. Okt. 2021 11:00,150,63,87,
11. Okt. 2021 11:15,258,122,136,
11. Okt. 2021 11:30,137,67,70,
11. Okt. 2021 11:45,153,63,90,
11. Okt. 2021 12:00,134,54,80,
11. Okt. 2021 12:15,140,53,87,
11. Okt. 2021 12:30,155,69,86,
11. Okt. 2021 12:45,157,79,78,
11. Okt. 2021 13:00,371,88,283,
11. Okt. 2021 13:15,215,82,133,
11. Okt. 2021 13:30,192,109,83,
11. Okt. 2021 13:45,285,175,110,
11. Okt. 2021 14:00,191,87,104,
11. Okt. 2021 14:15,157,92,65,
11. Okt. 2021 14:30,157,85,72,
11. Okt. 2021 14:45,166,87,79,
11. Okt. 2021 15:00,194,94,100,
11. Okt. 2021 15:15,223,113,110,
11. Okt. 2021 15:30,399,156,243,
11. Okt. 2021 15:45,227,107,120,
11. Okt. 2021 16:00,222,101,121,
11. Okt. 2021 16:15,214,114,100,
11. Okt. 2021 16:30,252,133,119,
11. Okt. 2021 16:45,240,118,122,
11. Okt. 2021 17:00,269,127,142,
11. Okt. 2021 17:15,317,120,197,
11. Okt. 2021 17:30,250,113,137,
11. Okt. 2021 17:45,235,107,128,
11. Okt. 2021 18:00,245,113,132,
11. Okt. 2021 18:15,173,78,95,
11. Okt. 2021 18:30,178,81,97,
11. Okt. 2021 18:45,197,93,104,
11. Okt. 2021 19:00,183,73,110,
11. Okt. 2021 19:15,120,54,66,
11. Okt. 2021 19:30,131,45,86,
11. Okt. 2021 19:45,114,48,66,
11. Okt. 2021 20:00,93,34,59,
11. Okt. 2021 20:15,134,81,53,
11. Okt. 2021 20:30,88,39,49,
11. Okt. 2021 20:45,70,29,41,
11. Okt. 2021 21:00,60,20,40,
11. Okt. 2021 21:15,64,35,29,
11. Okt. 2021 21:30,46,20,26,
11. Okt. 2021 21:45,39,24,15,
11. Okt. 2021 22:00,51,26,25,
11. Okt. 2021 22:15,52,18,34,
11. Okt. 2021 22:30,27,10,17,
11. Okt. 2021 22:45,26,6,20,
11. Okt. 2021 23:00,34,16,18,
11. Okt. 2021 23:15,26,7,19,
11. Okt. 2021 23:30,24,7,17,
11. Okt. 2021 23:45,13,7,6,
12. Okt. 2021 00:00,8,1,7,
12. Okt. 2021 00:15,9,4,5,
12. Okt. 2021 00:30,6,3,3,
12. Okt. 2021 00:45,4,1,3,
12. Okt. 2021 01:00,6,2,4,
12. Okt. 2021 01:15,14,2,12,
12. Okt. 2021 01:30,11,2,9,
12. Okt. 2021 01:45,4,3,1,
12. Okt. 2021 02:00,7,6,1,
12. Okt. 2021 02:15,1,1,0,
12. Okt. 2021 02:30,1,1,0,
12. Okt. 2021 02:45,4,1,3,
12. Okt. 2021 03:00,5,5,0,
12. Okt. 2021 03:15,2,2,0,
12. Okt. 2021 03:30,2,2,0,
12. Okt. 2021 03:45,2,2,0,
12. Okt. 2021 04:00,5,1,4,
12. Okt. 2021 04:15,3,1,2,
12. Okt. 2021 04:30,7,7,0,
12. Okt. 2021 04:45,5,5,0,
12. Okt. 2021 05:00,5,5,0,
12. Okt. 2021 05:15,7,3,4,
12. Okt. 2021 05:30,14,9,5,
12. Okt. 2021 05:45,23,18,5,
12. Okt. 2021 06:00,26,14,12,
12. Okt. 2021 06:15,28,18,10,
12. Okt. 2021 06:30,60,34,26,
12. Okt. 2021 06:45,72,40,32,
12. Okt. 2021 07:00,72,40,32,
12. Okt. 2021 07:15,242,181,61,
12. Okt. 2021 07:30,428,291,137,
12. Okt. 2021 07:45,371,271,100,
12. Okt. 2021 08:00,172,93,79,
12. Okt. 2021 08:15,218,112,106,
12. Okt. 2021 08:30,208,119,89,
12. Okt. 2021 08:45,190,117,73,
12. Okt. 2021 09:00,189,116,73,
12. Okt. 2021 09:15,169,109,60,
12. Okt. 2021 09:30,228,144,84,
12. Okt. 2021 09:45,153,94,59,
12. Okt. 2021 10:00,109,65,44,
12. Okt. 2021 10:15,102,59,43,
12. Okt. 2021 10:30,129,72,57,
12. Okt. 2021 10:45,107,74,33,
12. Okt. 2021 11:00,145,58,87,
12. Okt. 2021 11:15,219,125,94,
12. Okt. 2021 11:30,158,64,94,
12. Okt. 2021 11:45,120,52,68,
12. Okt. 2021 12:00,158,62,96,
12. Okt. 2021 12:15,170,74,96,
12. Okt. 2021 12:30,149,57,92,
12. Okt. 2021 12:45,184,77,107,
12. Okt. 2021 13:00,308,69,239,
12. Okt. 2021 13:15,176,70,106,
12. Okt. 2021 13:30,173,110,63,
12. Okt. 2021 13:45,293,191,102,
12. Okt. 2021 14:00,136,61,75,
12. Okt. 2021 14:15,154,81,73,
12. Okt. 2021 14:30,132,66,66,
12. Okt. 2021 14:45,135,61,74,
12. Okt. 2021 15:00,171,75,96,
12. Okt. 2021 15:15,204,100,104,
12. Okt. 2021 15:30,396,181,215,
12. Okt. 2021 15:45,234,110,124,
12. Okt. 2021 16:00,209,79,130,
12. Okt. 2021 16:15,209,88,121,
12. Okt. 2021 16:30,242,113,129,
12. Okt. 2021 16:45,234,110,124,
12. Okt. 2021 17:00,210,96,114,
12. Okt. 2021 17:15,332,124,208,
12. Okt. 2021 17:30,222,104,118,
12. Okt. 2021 17:45,222,99,123,
12. Okt. 2021 18:00,207,83,124,
12. Okt. 2021 18:15,194,94,100,
12. Okt. 2021 18:30,190,83,107,
12. Okt. 2021 18:45,206,89,117,
12. Okt. 2021 19:00,208,98,110,
12. Okt. 2021 19:15,162,76,86,
12. Okt. 2021 19:30,117,47,70,
12. Okt. 2021 19:45,122,56,66,
12. Okt. 2021 20:00,111,45,66,
12. Okt. 2021 20:15,129,68,61,
12. Okt. 2021 20:30,91,45,46,
12. Okt. 2021 20:45,80,36,44,
12. Okt. 2021 21:00,59,30,29,
12. Okt. 2021 21:15,57,29,28,
12. Okt. 2021 21:30,51,11,40,
12. Okt. 2021 21:45,60,19,41,
12. Okt. 2021 22:00,69,27,42,
12. Okt. 2021 22:15,43,14,29,
12. Okt. 2021 22:30,34,10,24,
12. Okt. 2021 22:45,30,7,23,
12. Okt. 2021 23:00,45,21,24,
12. Okt. 2021 23:15,32,7,25,
12. Okt. 2021 23:30,18,6,12,
12. Okt. 2021 23:45,24,5,19,
13. Okt. 2021 00:00,12,2,10,
13. Okt. 2021 00:15,16,4,12,
13. Okt. 2021 00:30,14,1,13,
13. Okt. 2021 00:45,7,3,4,
13. Okt. 2021 01:00,3,1,2,
13. Okt. 2021 01:15,10,3,7,
13. Okt. 2021 01:30,5,2,3,
13. Okt. 2021 01:45,4,0,4,
13. Okt. 2021 02:00,7,0,7,
13. Okt. 2021 02:15,3,2,1,
13. Okt. 2021 02:30,3,0,3,
13. Okt. 2021 02:45,2,2,0,
13. Okt. 2021 03:00,5,3,2,
13. Okt. 2021 03:15,3,0,3,
13. Okt. 2021 03:30,3,0,3,
13. Okt. 2021 03:45,0,0,0,
13. Okt. 2021 04:00,1,1,0,
13. Okt. 2021 04:15,1,1,0,
13. Okt. 2021 04:30,5,4,1,
13. Okt. 2021 04:45,4,4,0,
13. Okt. 2021 05:00,3,3,0,
13. Okt. 2021 05:15,14,6,8,
13. Okt. 2021 05:30,11,6,5,
13. Okt. 2021 05:45,30,22,8,
13. Okt. 2021 06:00,20,12,8,
13. Okt. 2021 06:15,37,27,10,
13. Okt. 2021 06:30,56,30,26,
13. Okt. 2021 06:45,76,45,31,
13. Okt. 2021 07:00,84,44,40,
13. Okt. 2021 07:15,207,130,77,
13. Okt. 2021 07:30,464,300,164,
13. Okt. 2021 07:45,399,302,97,
13. Okt. 2021 08:00,170,104,66,
13. Okt. 2021 08:15,187,108,79,
13. Okt. 2021 08:30,205,116,89,
13. Okt. 2021 08:45,202,120,82,
13. Okt. 2021 09:00,129,72,57,
13. Okt. 2021 09:15,170,95,75,
13. Okt. 2021 09:30,232,155,77,
13. Okt. 2021 09:45,127,60,67,
13. Okt. 2021 10:00,81,35,46,
13. Okt. 2021 10:15,113,78,35,
13. Okt. 2021 10:30,123,82,41,
13. Okt. 2021 10:45,98,56,42,
13. Okt. 2021 11:00,130,53,77,
13. Okt. 2021 11:15,255,80,175,
13. Okt. 2021 11:30,123,52,71,
13. Okt. 2021 11:45,129,53,76,
13. Okt. 2021 12:00,157,62,95,
13. Okt. 2021 12:15,177,79,98,
13. Okt. 2021 12:30,198,87,111,
13. Okt. 2021 12:45,212,113,99,
13. Okt. 2021 13:00,402,168,234,
13. Okt. 2021 13:15,197,90,107,
13. Okt. 2021 13:30,172,109,63,
13. Okt. 2021 13:45,303,204,99,
13. Okt. 2021 14:00,172,88,84,
13. Okt. 2021 14:15,171,102,69,
13. Okt. 2021 14:30,139,66,73,
13. Okt. 2021 14:45,193,96,97,
13. Okt. 2021 15:00,208,98,110,
13. Okt. 2021 15:15,234,118,116,
13. Okt. 2021 15:30,390,148,242,
13. Okt. 2021 15:45,268,111,157,
13. Okt. 2021 16:00,224,105,119,
13. Okt. 2021 16:15,199,94,105,
13. Okt. 2021 16:30,253,119,134,
13. Okt. 2021 16:45,224,112,112,
13. Okt. 2021 17:00,241,103,138,
13. Okt. 2021 17:15,335,137,198,
13. Okt. 2021 17:30,250,128,122,
13. Okt. 2021 17:45,256,104,152,
13. Okt. 2021 18:00,265,114,151,
13. Okt. 2021 18:15,225,84,141,
13. Okt. 2021 18:30,205,74,131,
13. Okt. 2021 18:45,221,110,111,
13. Okt. 2021 19:00,181,89,92,
13. Okt. 2021 19:15,143,72,71,
13. Okt. 2021 19:30,97,48,49,
13. Okt. 2021 19:45,123,54,69,
13. Okt. 2021 20:00,125,71,54,
13. Okt. 2021 20:15,115,57,58,
13. Okt. 2021 20:30,101,49,52,
13. Okt. 2021 20:45,86,46,40,
13. Okt. 2021 21:00,68,23,45,
13. Okt. 2021 21:15,63,35,28,
13. Okt. 2021 21:30,63,23,40,
13. Okt. 2021 21:45,52,13,39,
13. Okt. 2021 22:00,51,17,34,
13. Okt. 2021 22:15,79,30,49,
13. Okt. 2021 22:30,42,16,26,
13. Okt. 2021 22:45,40,13,27,
13. Okt. 2021 23:00,32,13,19,
13. Okt. 2021 23:15,32,9,23,
13. Okt. 2021 23:30,27,8,19,
13. Okt. 2021 23:45,35,10,25,
14. Okt. 2021 00:00,15,5,10,
14. Okt. 2021 00:15,10,6,4,
14. Okt. 2021 00:30,13,3,10,
14. Okt. 2021 00:45,18,3,15,
14. Okt. 2021 01:00,10,3,7,
14. Okt. 2021 01:15,14,1,13,
14. Okt. 2021 01:30,14,7,7,
14. Okt. 2021 01:45,11,3,8,
14. Okt. 2021 02:00,2,1,1,
14. Okt. 2021 02:15,7,2,5,
14. Okt. 2021 02:30,4,2,2,
14. Okt. 2021 02:45,1,1,0,
14. Okt. 2021 03:00,0,0,0,
14. Okt. 2021 03:15,0,0,0,
14. Okt. 2021 03:30,1,0,1,
14. Okt. 2021 03:45,1,1,0,
14. Okt. 2021 04:00,2,1,1,
14. Okt. 2021 04:15,3,2,1,
14. Okt. 2021 04:30,2,2,0,
14. Okt. 2021 04:45,3,3,0,
14. Okt. 2021 05:00,3,3,0,
14. Okt. 2021 05:15,7,4,3,
14. Okt. 2021 05:30,14,7,7,
14. Okt. 2021 05:45,23,17,6,
14. Okt. 2021 06:00,17,6,11,
14. Okt. 2021 06:15,33,27,6,
14. Okt. 2021 06:30,48,24,24,
14. Okt. 2021 06:45,59,34,25,
14. Okt. 2021 07:00,78,38,40,
14. Okt. 2021 07:15,183,127,56,
14. Okt. 2021 07:30,481,334,147,
14. Okt. 2021 07:45,309,238,71,
14. Okt. 2021 08:00,176,88,88,
14. Okt. 2021 08:15,248,141,107,
14. Okt. 2021 08:30,216,126,90,
14. Okt. 2021 08:45,207,130,77,
14. Okt. 2021 09:00,147,103,44,
14. Okt. 2021 09:15,189,102,87,
14. Okt. 2021 09:30,262,141,121,
14. Okt. 2021 09:45,152,82,70,
14. Okt. 2021 10:00,111,57,54,
14. Okt. 2021 10:15,120,69,51,
14. Okt. 2021 10:30,93,51,42,
14. Okt. 2021 10:45,125,74,51,
14. Okt. 2021 11:00,127,55,72,
14. Okt. 2021 11:15,228,116,112,
14. Okt. 2021 11:30,151,70,81,
14. Okt. 2021 11:45,123,47,76,
14. Okt. 2021 12:00,168,83,85,
14. Okt. 2021 12:15,174,79,95,
14. Okt. 2021 12:30,137,64,73,
14. Okt. 2021 12:45,194,84,110,
14. Okt. 2021 13:00,362,108,254,
14. Okt. 2021 13:15,193,79,114,
14. Okt. 2021 13:30,181,88,93,
14. Okt. 2021 13:45,300,173,127,
14. Okt. 2021 14:00,170,90,80,
14. Okt. 2021 14:15,210,113,97,
14. Okt. 2021 14:30,171,73,98,
14. Okt. 2021 14:45,186,88,98,
14. Okt. 2021 15:00,202,127,75,
14. Okt. 2021 15:15,218,99,119,
14. Okt. 2021 15:30,431,171,260,
14. Okt. 2021 15:45,270,130,140,
14. Okt. 2021 16:00,232,106,126,
14. Okt. 2021 16:15,201,108,93,
14. Okt. 2021 16:30,218,97,121,
14. Okt. 2021 16:45,257,123,134,
14. Okt. 2021 17:00,245,115,130,
14. Okt. 2021 17:15,364,136,228,
14. Okt. 2021 17:30,263,124,139,
14. Okt. 2021 17:45,277,103,174,
14. Okt. 2021 18:00,234,100,134,
14. Okt. 2021 18:15,222,106,116,
14. Okt. 2021 18:30,215,95,120,
14. Okt. 2021 18:45,246,106,140,
14. Okt. 2021 19:00,201,84,117,
14. Okt. 2021 19:15,145,75,70,
14. Okt. 2021 19:30,141,76,65,
14. Okt. 2021 19:45,122,57,65,
14. Okt. 2021 20:00,129,69,60,
14. Okt. 2021 20:15,130,58,72,
14. Okt. 2021 20:30,89,43,46,
14. Okt. 2021 20:45,79,41,38,
14. Okt. 2021 21:00,74,30,44,
14. Okt. 2021 21:15,54,27,27,
14. Okt. 2021 21:30,75,33,42,
14. Okt. 2021 21:45,62,24,38,
14. Okt. 2021 22:00,81,38,43,
14. Okt. 2021 22:15,54,16,38,
14. Okt. 2021 22:30,70,22,48,
14. Okt. 2021 22:45,47,16,31,
14. Okt. 2021 23:00,43,11,32,
14. Okt. 2021 23:15,50,19,31,
14. Okt. 2021 23:30,31,10,21,
14. Okt. 2021 23:45,24,8,16,
15. Okt. 2021 00:00,32,11,21,
15. Okt. 2021 00:15,18,8,10,
15. Okt. 2021 00:30,30,0,30,
15. Okt. 2021 00:45,21,7,14,
15. Okt. 2021 01:00,23,4,19,
15. Okt. 2021 01:15,22,1,21,
15. Okt. 2021 01:30,15,5,10,
15. Okt. 2021 01:45,8,2,6,
15. Okt. 2021 02:00,14,3,11,
15. Okt. 2021 02:15,6,4,2,
15. Okt. 2021 02:30,7,2,5,
15. Okt. 2021 02:45,5,2,3,
15. Okt. 2021 03:00,6,2,4,
15. Okt. 2021 03:15,5,2,3,
15. Okt. 2021 03:30,6,3,3,
15. Okt. 2021 03:45,2,1,1,
15. Okt. 2021 04:00,1,0,1,
15. Okt. 2021 04:15,1,1,0,
15. Okt. 2021 04:30,6,5,1,
15. Okt. 2021 04:45,4,4,0,
15. Okt. 2021 05:00,6,6,0,
15. Okt. 2021 05:15,7,6,1,
15. Okt. 2021 05:30,10,6,4,
15. Okt. 2021 05:45,23,18,5,
15. Okt. 2021 06:00,24,13,11,
15. Okt. 2021 06:15,27,21,6,
15. Okt. 2021 06:30,45,28,17,
15. Okt. 2021 06:45,57,34,23,
15. Okt. 2021 07:00,74,45,29,
15. Okt. 2021 07:15,182,104,78,
15. Okt. 2021 07:30,415,275,140,
15. Okt. 2021 07:45,254,174,80,
15. Okt. 2021 08:00,137,78,59,
15. Okt. 2021 08:15,178,105,73,
15. Okt. 2021 08:30,155,89,66,
15. Okt. 2021 08:45,181,103,78,
15. Okt. 2021 09:00,138,84,54,
15. Okt. 2021 09:15,196,122,74,
15. Okt. 2021 09:30,230,151,79,
15. Okt. 2021 09:45,156,100,56,
15. Okt. 2021 10:00,124,85,39,
15. Okt. 2021 10:15,112,72,40,
15. Okt. 2021 10:30,125,77,48,
15. Okt. 2021 10:45,139,77,62,
15. Okt. 2021 11:00,143,59,84,
15. Okt. 2021 11:15,215,111,104,
15. Okt. 2021 11:30,183,79,104,
15. Okt. 2021 11:45,172,81,91,
15. Okt. 2021 12:00,172,79,93,
15. Okt. 2021 12:15,236,113,123,
15. Okt. 2021 12:30,213,106,107,
15. Okt. 2021 12:45,209,98,111,
15. Okt. 2021 13:00,476,126,350,
15. Okt. 2021 13:15,240,117,123,
15. Okt. 2021 13:30,210,95,115,
15. Okt. 2021 13:45,226,133,93,
15. Okt. 2021 14:00,202,92,110,
15. Okt. 2021 14:15,168,100,68,
15. Okt. 2021 14:30,180,97,83,
15. Okt. 2021 14:45,222,116,106,
15. Okt. 2021 15:00,199,92,107,
15. Okt. 2021 15:15,203,105,98,
15. Okt. 2021 15:30,229,108,121,
15. Okt. 2021 15:45,218,99,119,
15. Okt. 2021 16:00,239,115,124,
15. Okt. 2021 16:15,192,92,100,
15. Okt. 2021 16:30,241,129,112,
15. Okt. 2021 16:45,225,121,104,
15. Okt. 2021 17:00,202,105,97,
15. Okt. 2021 17:15,223,102,121,
15. Okt. 2021 17:30,169,70,99,
15. Okt. 2021 17:45,166,96,70,
15. Okt. 2021 18:00,170,69,101,
15. Okt. 2021 18:15,164,69,95,
15. Okt. 2021 18:30,170,88,82,
15. Okt. 2021 18:45,196,87,109,
15. Okt. 2021 19:00,171,85,86,
15. Okt. 2021 19:15,131,53,78,
15. Okt. 2021 19:30,123,63,60,
15. Okt. 2021 19:45,101,71,30,
15. Okt. 2021 20:00,121,67,54,
15. Okt. 2021 20:15,98,46,52,
15. Okt. 2021 20:30,75,38,37,
15. Okt. 2021 20:45,74,36,38,
15. Okt. 2021 21:00,63,30,33,
15. Okt. 2021 21:15,74,31,43,
15. Okt. 2021 21:30,68,43,25,
15. Okt. 2021 21:45,52,26,26,
15. Okt. 2021 22:00,69,16,53,
15. Okt. 2021 22:15,51,15,36,
15. Okt. 2021 22:30,61,30,31,
15. Okt. 2021 22:45,36,23,13,
15. Okt. 2021 23:00,57,24,33,
15. Okt. 2021 23:15,53,24,29,
15. Okt. 2021 23:30,58,11,47,
15. Okt. 2021 23:45,53,18,35,
16. Okt. 2021 00:00,34,10,24,
16. Okt. 2021 00:15,39,3,36,
16. Okt. 2021 00:30,46,17,29,
16. Okt. 2021 00:45,27,7,20,
16. Okt. 2021 01:00,34,9,25,
16. Okt. 2021 01:15,23,7,16,
16. Okt. 2021 01:30,9,4,5,
16. Okt. 2021 01:45,16,6,10,
16. Okt. 2021 02:00,23,9,14,
16. Okt. 2021 02:15,22,7,15,
16. Okt. 2021 02:30,19,7,12,
16. Okt. 2021 02:45,9,3,6,
16. Okt. 2021 03:00,24,3,21,
16. Okt. 2021 03:15,14,2,12,
16. Okt. 2021 03:30,5,1,4,
16. Okt. 2021 03:45,15,4,11,
16. Okt. 2021 04:00,3,1,2,
16. Okt. 2021 04:15,7,4,3,
16. Okt. 2021 04:30,6,1,5,
16. Okt. 2021 04:45,5,3,2,
16. Okt. 2021 05:00,3,2,1,
16. Okt. 2021 05:15,7,4,3,
16. Okt. 2021 05:30,9,3,6,
16. Okt. 2021 05:45,16,10,6,
16. Okt. 2021 06:00,7,6,1,
16. Okt. 2021 06:15,12,5,7,
16. Okt. 2021 06:30,10,8,2,
16. Okt. 2021 06:45,17,10,7,
16. Okt. 2021 07:00,22,15,7,
16. Okt. 2021 07:15,19,11,8,
16. Okt. 2021 07:30,22,9,13,
16. Okt. 2021 07:45,27,18,9,
16. Okt. 2021 08:00,29,10,19,
16. Okt. 2021 08:15,27,12,15,
16. Okt. 2021 08:30,50,30,20,
16. Okt. 2021 08:45,68,41,27,
16. Okt. 2021 09:00,51,27,24,
16. Okt. 2021 09:15,80,49,31,
16. Okt. 2021 09:30,87,55,32,
16. Okt. 2021 09:45,128,84,44,
16. Okt. 2021 10:00,89,45,44,
16. Okt. 2021 10:15,92,40,52,
16. Okt. 2021 10:30,113,73,40,
16. Okt. 2021 10:45,121,59,62,
16. Okt. 2021 11:00,110,56,54,
16. Okt. 2021 11:15,127,65,62,
16. Okt. 2021 11:30,98,43,55,
16. Okt. 2021 11:45,138,66,72,
16. Okt. 2021 12:00,156,73,83,
16. Okt. 2021 12:15,138,88,50,
16. Okt. 2021 12:30,199,102,97,
16. Okt. 2021 12:45,143,89,54,
16. Okt. 2021 13:00,130,55,75,
16. Okt. 2021 13:15,126,71,55,
16. Okt. 2021 13:30,130,51,79,
16. Okt. 2021 13:45,158,79,79,
16. Okt. 2021 14:00,147,70,77,
16. Okt. 2021 14:15,173,104,69,
16. Okt. 2021 14:30,136,71,65,
16. Okt. 2021 14:45,156,86,70,
16. Okt. 2021 15:00,140,62,78,
16. Okt. 2021 15:15,147,84,63,
16. Okt. 2021 15:30,142,61,81,
16. Okt. 2021 15:45,148,70,78,
16. Okt. 2021 16:00,123,53,70,
16. Okt. 2021 16:15,150,62,88,
16. Okt. 2021 16:30,158,86,72,
16. Okt. 2021 16:45,107,58,49,
16. Okt. 2021 17:00,173,70,103,
16. Okt. 2021 17:15,143,56,87,
16. Okt. 2021 17:30,165,73,92,
16. Okt. 2021 17:45,183,108,75,
16. Okt. 2021 18:00,166,73,93,
16. Okt. 2021 18:15,151,76,75,
16. Okt. 2021 18:30,145,60,85,
16. Okt. 2021 18:45,105,56,49,
16. Okt. 2021 19:00,104,41,63,
16. Okt. 2021 19:15,118,68,50,
16. Okt. 2021 19:30,96,41,55,
16. Okt. 2021 19:45,91,47,44,
16. Okt. 2021 20:00,97,42,55,
16. Okt. 2021 20:15,95,49,46,
16. Okt. 2021 20:30,58,29,29,
16. Okt. 2021 20:45,76,28,48,
16. Okt. 2021 21:00,65,29,36,
16. Okt. 2021 21:15,58,24,34,
16. Okt. 2021 21:30,63,24,39,
16. Okt. 2021 21:45,52,26,26,
16. Okt. 2021 22:00,46,23,23,
16. Okt. 2021 22:15,65,29,36,
16. Okt. 2021 22:30,35,16,19,
16. Okt. 2021 22:45,50,16,34,
16. Okt. 2021 23:00,58,16,42,
16. Okt. 2021 23:15,27,10,17,
16. Okt. 2021 23:30,24,6,18,
16. Okt. 2021 23:45,23,3,20,
17. Okt. 2021 00:00,47,24,23,
17. Okt. 2021 00:15,23,5,18,
17. Okt. 2021 00:30,37,11,26,
17. Okt. 2021 00:45,35,14,21,
17. Okt. 2021 01:00,16,7,9,
17. Okt. 2021 01:15,13,4,9,
17. Okt. 2021 01:30,19,6,13,
17. Okt. 2021 01:45,30,11,19,
17. Okt. 2021 02:00,32,11,21,
17. Okt. 2021 02:15,16,11,5,
17. Okt. 2021 02:30,14,3,11,
17. Okt. 2021 02:45,21,8,13,
17. Okt. 2021 03:00,9,3,6,
17. Okt. 2021 03:15,9,2,7,
17. Okt. 2021 03:30,18,5,13,
17. Okt. 2021 03:45,12,5,7,
17. Okt. 2021 04:00,14,4,10,
17. Okt. 2021 04:15,8,3,5,
17. Okt. 2021 04:30,5,2,3,
17. Okt. 2021 04:45,6,6,0,
17. Okt. 2021 05:00,8,5,3,
17. Okt. 2021 05:15,2,2,0,
17. Okt. 2021 05:30,7,5,2,
17. Okt. 2021 05:45,10,7,3,
17. Okt. 2021 06:00,7,5,2,
17. Okt. 2021 06:15,7,5,2,
17. Okt. 2021 06:30,10,4,6,
17. Okt. 2021 06:45,7,5,2,
17. Okt. 2021 07:00,6,3,3,
17. Okt. 2021 07:15,5,4,1,
17. Okt. 2021 07:30,10,5,5,
17. Okt. 2021 07:45,22,6,16,
17. Okt. 2021 08:00,15,9,6,
17. Okt. 2021 08:15,11,6,5,
17. Okt. 2021 08:30,12,8,4,
17. Okt. 2021 08:45,24,13,11,
17. Okt. 2021 09:00,12,8,4,
17. Okt. 2021 09:15,32,8,24,
17. Okt. 2021 09:30,21,6,15,
17. Okt. 2021 09:45,61,34,27,
17. Okt. 2021 10:00,38,13,25,
17. Okt. 2021 10:15,53,31,22,
17. Okt. 2021 10:30,27,11,16,
17. Okt. 2021 10:45,63,39,24,
17. Okt. 2021 11:00,81,55,26,
17. Okt. 2021 11:15,59,33,26,
17. Okt. 2021 11:30,80,49,31,
17. Okt. 2021 11:45,56,27,29,
17. Okt. 2021 12:00,55,26,29,
17. Okt. 2021 12:15,76,32,44,
17. Okt. 2021 12:30,79,38,41,
17. Okt. 2021 12:45,93,48,45,
17. Okt. 2021 13:00,108,44,64,
17. Okt. 2021 13:15,78,40,38,
17. Okt. 2021 13:30,63,25,38,
17. Okt. 2021 13:45,89,46,43,
17. Okt. 2021 14:00,91,44,47,
17. Okt. 2021 14:15,90,52,38,
17. Okt. 2021 14:30,77,31,46,
17. Okt. 2021 14:45,115,57,58,
17. Okt. 2021 15:00,88,41,47,
17. Okt. 2021 15:15,108,51,57,
17. Okt. 2021 15:30,85,40,45,
17. Okt. 2021 15:45,64,27,37,
17. Okt. 2021 16:00,100,42,58,
17. Okt. 2021 16:15,86,32,54,
17. Okt. 2021 16:30,94,51,43,
17. Okt. 2021 16:45,82,32,50,
17. Okt. 2021 17:00,93,50,43,
17. Okt. 2021 17:15,111,40,71,
17. Okt. 2021 17:30,115,53,62,
17. Okt. 2021 17:45,104,69,35,
17. Okt. 2021 18:00,92,50,42,
17. Okt. 2021 18:15,90,41,49,
17. Okt. 2021 18:30,78,35,43,
17. Okt. 2021 18:45,97,51,46,
17. Okt. 2021 19:00,50,17,33,
17. Okt. 2021 19:15,53,33,20,
17. Okt. 2021 19:30,48,28,20,
17. Okt. 2021 19:45,67,43,24,
17. Okt. 2021 20:00,50,19,31,
17. Okt. 2021 20:15,32,19,13,
17. Okt. 2021 20:30,30,12,18,
17. Okt. 2021 20:45,47,22,25,
17. Okt. 2021 21:00,33,12,21,
17. Okt. 2021 21:15,36,19,17,
17. Okt. 2021 21:30,29,17,12,
17. Okt. 2021 21:45,29,18,11,
17. Okt. 2021 22:00,33,16,17,
17. Okt. 2021 22:15,19,7,12,
17. Okt. 2021 22:30,15,2,13,
17. Okt. 2021 22:45,14,6,8,
17. Okt. 2021 23:00,23,8,15,
17. Okt. 2021 23:15,21,6,15,
17. Okt. 2021 23:30,11,5,6,
17. Okt. 2021 23:45,10,0,10,
18. Okt. 2021 00:00,8,4,4,
18. Okt. 2021 00:15,12,3,9,
18. Okt. 2021 00:30,9,4,5,
18. Okt. 2021 00:45,5,3,2,
18. Okt. 2021 01:00,5,4,1,
18. Okt. 2021 01:15,5,3,2,
18. Okt. 2021 01:30,1,0,1,
18. Okt. 2021 01:45,2,0,2,
18. Okt. 2021 02:00,2,1,1,
18. Okt. 2021 02:15,3,3,0,
18. Okt. 2021 02:30,2,0,2,
18. Okt. 2021 02:45,0,0,0,
18. Okt. 2021 03:00,2,2,0,
18. Okt. 2021 03:15,2,0,2,
18. Okt. 2021 03:30,0,0,0,
18. Okt. 2021 03:45,0,0,0,
18. Okt. 2021 04:00,0,0,0,
18. Okt. 2021 04:15,1,0,1,
18. Okt. 2021 04:30,5,4,1,
18. Okt. 2021 04:45,1,1,0,
18. Okt. 2021 05:00,5,4,1,
18. Okt. 2021 05:15,6,3,3,
18. Okt. 2021 05:30,14,8,6,
18. Okt. 2021 05:45,23,16,7,
18. Okt. 2021 06:00,22,14,8,
18. Okt. 2021 06:15,35,24,11,
18. Okt. 2021 06:30,55,27,28,
18. Okt. 2021 06:45,73,43,30,
18. Okt. 2021 07:00,82,37,45,
18. Okt. 2021 07:15,200,123,77,
18. Okt. 2021 07:30,436,290,146,
18. Okt. 2021 07:45,315,227,88,
18. Okt. 2021 08:00,172,97,75,
18. Okt. 2021 08:15,172,94,78,
18. Okt. 2021 08:30,198,99,99,
18. Okt. 2021 08:45,210,137,73,
18. Okt. 2021 09:00,119,63,56,
18. Okt. 2021 09:15,156,91,65,
18. Okt. 2021 09:30,249,161,88,
18. Okt. 2021 09:45,121,63,58,
18. Okt. 2021 10:00,84,51,33,
18. Okt. 2021 10:15,101,57,44,
18. Okt. 2021 10:30,108,61,47,
18. Okt. 2021 10:45,130,73,57,
18. Okt. 2021 11:00,121,53,68,
18. Okt. 2021 11:15,250,130,120,
18. Okt. 2021 11:30,142,70,72,
18. Okt. 2021 11:45,139,63,76,
18. Okt. 2021 12:00,121,56,65,
18. Okt. 2021 12:15,173,72,101,
18. Okt. 2021 12:30,148,71,77,
18. Okt. 2021 12:45,178,89,89,
18. Okt. 2021 13:00,380,91,289,
18. Okt. 2021 13:15,202,87,115,
18. Okt. 2021 13:30,218,109,109,
18. Okt. 2021 13:45,293,191,102,
18. Okt. 2021 14:00,136,64,72,
18. Okt. 2021 14:15,159,86,73,
18. Okt. 2021 14:30,169,94,75,
18. Okt. 2021 14:45,212,109,103,
18. Okt. 2021 15:00,163,75,88,
18. Okt. 2021 15:15,198,107,91,
18. Okt. 2021 15:30,444,217,227,
18. Okt. 2021 15:45,251,121,130,
18. Okt. 2021 16:00,231,124,107,
18. Okt. 2021 16:15,210,101,109,
18. Okt. 2021 16:30,227,111,116,
18. Okt. 2021 16:45,228,120,108,
18. Okt. 2021 17:00,248,101,147,
18. Okt. 2021 17:15,342,149,193,
18. Okt. 2021 17:30,226,92,134,
18. Okt. 2021 17:45,259,97,162,
18. Okt. 2021 18:00,251,105,146,
18. Okt. 2021 18:15,216,102,114,
18. Okt. 2021 18:30,198,80,118,
18. Okt. 2021 18:45,219,107,112,
18. Okt. 2021 19:00,181,76,105,
18. Okt. 2021 19:15,148,75,73,
18. Okt. 2021 19:30,123,45,78,
18. Okt. 2021 19:45,121,62,59,
18. Okt. 2021 20:00,87,24,63,
18. Okt. 2021 20:15,151,72,79,
18. Okt. 2021 20:30,86,29,57,
18. Okt. 2021 20:45,53,20,33,
18. Okt. 2021 21:00,61,26,35,
18. Okt. 2021 21:15,63,29,34,
18. Okt. 2021 21:30,45,18,27,
18. Okt. 2021 21:45,53,23,30,
18. Okt. 2021 22:00,44,16,28,
18. Okt. 2021 22:15,56,29,27,
18. Okt. 2021 22:30,43,14,29,
18. Okt. 2021 22:45,26,15,11,
18. Okt. 2021 23:00,21,14,7,
18. Okt. 2021 23:15,21,5,16,
18. Okt. 2021 23:30,19,9,10,
18. Okt. 2021 23:45,18,4,14,
19. Okt. 2021 00:00,13,7,6,
19. Okt. 2021 00:15,2,1,1,
19. Okt. 2021 00:30,9,6,3,
19. Okt. 2021 00:45,11,1,10,
19. Okt. 2021 01:00,3,1,2,
19. Okt. 2021 01:15,6,5,1,
19. Okt. 2021 01:30,5,1,4,
19. Okt. 2021 01:45,9,4,5,
19. Okt. 2021 02:00,4,1,3,
19. Okt. 2021 02:15,5,3,2,
19. Okt. 2021 02:30,10,5,5,
19. Okt. 2021 02:45,3,1,2,
19. Okt. 2021 03:00,3,2,1,
19. Okt. 2021 03:15,3,3,0,
19. Okt. 2021 03:30,0,0,0,
19. Okt. 2021 03:45,5,4,1,
19. Okt. 2021 04:00,4,0,4,
19. Okt. 2021 04:15,1,1,0,
19. Okt. 2021 04:30,2,2,0,
19. Okt. 2021 04:45,8,7,1,
19. Okt. 2021 05:00,2,0,2,
19. Okt. 2021 05:15,8,6,2,
19. Okt. 2021 05:30,12,5,7,
19. Okt. 2021 05:45,27,21,6,
19. Okt. 2021 06:00,27,15,12,
19. Okt. 2021 06:15,36,28,8,
19. Okt. 2021 06:30,50,27,23,
19. Okt. 2021 06:45,89,49,40,
19. Okt. 2021 07:00,87,52,35,
19. Okt. 2021 07:15,161,96,65,
19. Okt. 2021 07:30,489,330,159,
19. Okt. 2021 07:45,365,271,94,
19. Okt. 2021 08:00,178,104,74,
19. Okt. 2021 08:15,233,130,103,
19. Okt. 2021 08:30,222,133,89,
19. Okt. 2021 08:45,184,108,76,
19. Okt. 2021 09:00,155,92,63,
19. Okt. 2021 09:15,182,111,71,
19. Okt. 2021 09:30,238,143,95,
19. Okt. 2021 09:45,160,100,60,
19. Okt. 2021 10:00,103,58,45,
19. Okt. 2021 10:15,125,70,55,
19. Okt. 2021 10:30,110,70,40,
19. Okt. 2021 10:45,135,76,59,
19. Okt. 2021 11:00,154,73,81,
19. Okt. 2021 11:15,241,129,112,
19. Okt. 2021 11:30,125,68,57,
19. Okt. 2021 11:45,135,55,80,
19. Okt. 2021 12:00,158,69,89,
19. Okt. 2021 12:15,166,79,87,
19. Okt. 2021 12:30,130,65,65,
19. Okt. 2021 12:45,189,93,96,
19. Okt. 2021 13:00,374,109,265,
19. Okt. 2021 13:15,220,81,139,
19. Okt. 2021 13:30,165,94,71,
19. Okt. 2021 13:45,298,176,122,
19. Okt. 2021 14:00,152,60,92,
19. Okt. 2021 14:15,187,101,86,
19. Okt. 2021 14:30,152,66,86,
19. Okt. 2021 14:45,170,83,87,
19. Okt. 2021 15:00,181,107,74,
19. Okt. 2021 15:15,174,86,88,
19. Okt. 2021 15:30,411,182,229,
19. Okt. 2021 15:45,311,161,150,
19. Okt. 2021 16:00,241,102,139,
19. Okt. 2021 16:15,202,78,124,
19. Okt. 2021 16:30,257,111,146,
19. Okt. 2021 16:45,235,94,141,
19. Okt. 2021 17:00,298,131,167,
19. Okt. 2021 17:15,355,152,203,
19. Okt. 2021 17:30,259,116,143,
19. Okt. 2021 17:45,263,87,176,
19. Okt. 2021 18:00,201,81,120,
19. Okt. 2021 18:15,210,93,117,
19. Okt. 2021 18:30,188,87,101,
19. Okt. 2021 18:45,257,135,122,
19. Okt. 2021 19:00,214,98,116,
19. Okt. 2021 19:15,166,83,83,
19. Okt. 2021 19:30,128,61,67,
19. Okt. 2021 19:45,120,57,63,
19. Okt. 2021 20:00,100,36,64,
19. Okt. 2021 20:15,106,45,61,
19. Okt. 2021 20:30,81,38,43,
19. Okt. 2021 20:45,88,47,41,
19. Okt. 2021 21:00,50,27,23,
19. Okt. 2021 21:15,75,42,33,
19. Okt. 2021 21:30,63,27,36,
19. Okt. 2021 21:45,57,30,27,
19. Okt. 2021 22:00,66,19,47,
19. Okt. 2021 22:15,52,23,29,
19. Okt. 2021 22:30,47,15,32,
19. Okt. 2021 22:45,43,25,18,
19. Okt. 2021 23:00,39,18,21,
19. Okt. 2021 23:15,40,9,31,
19. Okt. 2021 23:30,35,8,27,
19. Okt. 2021 23:45,22,5,17,
20. Okt. 2021 00:00,12,3,9,
20. Okt. 2021 00:15,14,5,9,
20. Okt. 2021 00:30,10,5,5,
20. Okt. 2021 00:45,5,3,2,
20. Okt. 2021 01:00,8,1,7,
20. Okt. 2021 01:15,19,5,14,
20. Okt. 2021 01:30,10,3,7,
20. Okt. 2021 01:45,6,0,6,
20. Okt. 2021 02:00,7,3,4,
20. Okt. 2021 02:15,5,1,4,
20. Okt. 2021 02:30,7,1,6,
20. Okt. 2021 02:45,6,1,5,
20. Okt. 2021 03:00,1,0,1,
20. Okt. 2021 03:15,1,0,1,
20. Okt. 2021 03:30,1,1,0,
20. Okt. 2021 03:45,0,0,0,
20. Okt. 2021 04:00,0,0,0,
20. Okt. 2021 04:15,6,1,5,
20. Okt. 2021 04:30,5,3,2,
20. Okt. 2021 04:45,6,3,3,
20. Okt. 2021 05:00,0,0,0,
20. Okt. 2021 05:15,9,4,5,
20. Okt. 2021 05:30,16,8,8,
20. Okt. 2021 05:45,32,23,9,
20. Okt. 2021 06:00,22,15,7,
20. Okt. 2021 06:15,28,18,10,
20. Okt. 2021 06:30,38,20,18,
20. Okt. 2021 06:45,78,49,29,
20. Okt. 2021 07:00,85,48,37,
20. Okt. 2021 07:15,197,123,74,
20. Okt. 2021 07:30,425,275,150,
20. Okt. 2021 07:45,369,281,88,
20. Okt. 2021 08:00,151,89,62,
20. Okt. 2021 08:15,206,138,68,
20. Okt. 2021 08:30,193,114,79,
20. Okt. 2021 08:45,212,135,77,
20. Okt. 2021 09:00,151,89,62,
20. Okt. 2021 09:15,189,118,71,
20. Okt. 2021 09:30,226,151,75,
20. Okt. 2021 09:45,161,103,58,
20. Okt. 2021 10:00,119,73,46,
20. Okt. 2021 10:15,104,53,51,
20. Okt. 2021 10:30,108,54,54,
20. Okt. 2021 10:45,140,65,75,
20. Okt. 2021 11:00,141,65,76,
20. Okt. 2021 11:15,221,82,139,
20. Okt. 2021 11:30,184,77,107,
20. Okt. 2021 11:45,154,72,82,
20. Okt. 2021 12:00,142,62,80,
20. Okt. 2021 12:15,173,84,89,
20. Okt. 2021 12:30,172,71,101,
20. Okt. 2021 12:45,212,95,117,
20. Okt. 2021 13:00,382,168,214,
20. Okt. 2021 13:15,217,104,113,
20. Okt. 2021 13:30,228,123,105,
20. Okt. 2021 13:45,298,195,103,
20. Okt. 2021 14:00,203,102,101,
20. Okt. 2021 14:15,195,87,108,
20. Okt. 2021 14:30,133,64,69,
20. Okt. 2021 14:45,224,115,109,
20. Okt. 2021 15:00,205,89,116,
20. Okt. 2021 15:15,219,123,96,
20. Okt. 2021 15:30,407,169,238,
20. Okt. 2021 15:45,277,127,150,
20. Okt. 2021 16:00,219,102,117,
20. Okt. 2021 16:15,249,121,128,
20. Okt. 2021 16:30,234,103,131,
20. Okt. 2021 16:45,246,119,127,
20. Okt. 2021 17:00,266,130,136,
20. Okt. 2021 17:15,333,131,202,
20. Okt. 2021 17:30,265,112,153,
20. Okt. 2021 17:45,261,119,142,
20. Okt. 2021 18:00,240,94,146,
20. Okt. 2021 18:15,230,113,117,
20. Okt. 2021 18:30,226,104,122,
20. Okt. 2021 18:45,229,119,110,
20. Okt. 2021 19:00,196,90,106,
20. Okt. 2021 19:15,152,85,67,
20. Okt. 2021 19:30,124,75,49,
20. Okt. 2021 19:45,134,74,60,
20. Okt. 2021 20:00,112,51,61,
20. Okt. 2021 20:15,151,72,79,
20. Okt. 2021 20:30,86,32,54,
20. Okt. 2021 20:45,95,42,53,
20. Okt. 2021 21:00,88,42,46,
20. Okt. 2021 21:15,80,29,51,
20. Okt. 2021 21:30,71,28,43,
20. Okt. 2021 21:45,52,20,32,
20. Okt. 2021 22:00,68,33,35,
20. Okt. 2021 22:15,61,18,43,
20. Okt. 2021 22:30,42,12,30,
20. Okt. 2021 22:45,40,9,31,
20. Okt. 2021 23:00,45,15,30,
20. Okt. 2021 23:15,36,13,23,
20. Okt. 2021 23:30,44,9,35,
20. Okt. 2021 23:45,24,1,23,
21. Okt. 2021 00:00,23,5,18,
21. Okt. 2021 00:15,16,4,12,
21. Okt. 2021 00:30,22,12,10,
21. Okt. 2021 00:45,25,6,19,
21. Okt. 2021 01:00,13,8,5,
21. Okt. 2021 01:15,20,6,14,
21. Okt. 2021 01:30,14,2,12,
21. Okt. 2021 01:45,10,4,6,
21. Okt. 2021 02:00,7,4,3,
21. Okt. 2021 02:15,11,8,3,
21. Okt. 2021 02:30,4,0,4,
21. Okt. 2021 02:45,4,3,1,
21. Okt. 2021 03:00,4,3,1,
21. Okt. 2021 03:15,8,4,4,
21. Okt. 2021 03:30,6,0,6,
21. Okt. 2021 03:45,1,1,0,
21. Okt. 2021 04:00,1,1,0,
21. Okt. 2021 04:15,2,1,1,
21. Okt. 2021 04:30,5,5,0,
21. Okt. 2021 04:45,2,2,0,
21. Okt. 2021 05:00,2,2,0,
21. Okt. 2021 05:15,3,3,,
21. Okt. 2021 05:30,6,6,0,
21. Okt. 2021 05:45,17,13,4,
21. Okt. 2021 06:00,20,12,8,
21. Okt. 2021 06:15,26,18,8,
21. Okt. 2021 06:30,26,16,10,
21. Okt. 2021 06:45,43,24,19,
21. Okt. 2021 07:00,51,25,26,
21. Okt. 2021 07:15,127,88,39,
21. Okt. 2021 07:30,270,182,88,
21. Okt. 2021 07:45,263,195,68,
21. Okt. 2021 08:00,121,69,52,
21. Okt. 2021 08:15,184,96,88,
21. Okt. 2021 08:30,157,96,61,
21. Okt. 2021 08:45,166,106,60,
21. Okt. 2021 09:00,118,74,44,
21. Okt. 2021 09:15,140,64,76,
21. Okt. 2021 09:30,235,150,85,
21. Okt. 2021 09:45,122,73,49,
21. Okt. 2021 10:00,100,57,43,
21. Okt. 2021 10:15,72,48,24,
21. Okt. 2021 10:30,88,48,40,
21. Okt. 2021 10:45,107,63,44,
21. Okt. 2021 11:00,119,62,57,
21. Okt. 2021 11:15,182,92,90,
21. Okt. 2021 11:30,104,55,49,
21. Okt. 2021 11:45,104,54,50,
21. Okt. 2021 12:00,108,53,55,
21. Okt. 2021 12:15,117,61,56,
21. Okt. 2021 12:30,115,53,62,
21. Okt. 2021 12:45,149,55,94,
21. Okt. 2021 13:00,260,81,179,
21. Okt. 2021 13:15,167,73,94,
21. Okt. 2021 13:30,152,73,79,
21. Okt. 2021 13:45,210,132,78,
21. Okt. 2021 14:00,163,89,74,
21. Okt. 2021 14:15,123,59,64,
21. Okt. 2021 14:30,151,60,91,
21. Okt. 2021 14:45,171,78,93,
21. Okt. 2021 15:00,116,66,50,
21. Okt. 2021 15:15,216,107,109,
21. Okt. 2021 15:30,335,132,203,
21. Okt. 2021 15:45,242,125,117,
21. Okt. 2021 16:00,179,70,109,
21. Okt. 2021 16:15,213,98,115,
21. Okt. 2021 16:30,175,71,104,
21. Okt. 2021 16:45,206,100,106,
21. Okt. 2021 17:00,212,96,116,
21. Okt. 2021 17:15,301,132,169,
21. Okt. 2021 17:30,248,115,133,
21. Okt. 2021 17:45,261,133,128,
21. Okt. 2021 18:00,207,86,121,
21. Okt. 2021 18:15,215,98,117,
21. Okt. 2021 18:30,168,68,100,
21. Okt. 2021 18:45,217,124,93,
21. Okt. 2021 19:00,161,71,90,
21. Okt. 2021 19:15,115,67,48,
21. Okt. 2021 19:30,114,52,62,
21. Okt. 2021 19:45,141,63,78,
21. Okt. 2021 20:00,106,46,60,
21. Okt. 2021 20:15,102,59,43,
21. Okt. 2021 20:30,86,53,33,
21. Okt. 2021 20:45,54,37,17,
21. Okt. 2021 21:00,44,21,23,
21. Okt. 2021 21:15,63,28,35,
21. Okt. 2021 21:30,61,26,35,
21. Okt. 2021 21:45,60,29,31,
21. Okt. 2021 22:00,59,23,36,
21. Okt. 2021 22:15,59,21,38,
21. Okt. 2021 22:30,69,36,33,
21. Okt. 2021 22:45,26,8,18,
21. Okt. 2021 23:00,28,7,21,
21. Okt. 2021 23:15,33,13,20,
21. Okt. 2021 23:30,32,8,24,
21. Okt. 2021 23:45,22,3,19,
22. Okt. 2021 00:00,21,8,13,
22. Okt. 2021 00:15,35,10,25,
22. Okt. 2021 00:30,23,1,22,
22. Okt. 2021 00:45,10,3,7,
22. Okt. 2021 01:00,19,2,17,
22. Okt. 2021 01:15,17,4,13,
22. Okt. 2021 01:30,16,1,15,
22. Okt. 2021 01:45,16,4,12,
22. Okt. 2021 02:00,10,3,7,
22. Okt. 2021 02:15,5,3,2,
22. Okt. 2021 02:30,8,3,5,
22. Okt. 2021 02:45,8,3,5,
22. Okt. 2021 03:00,2,1,1,
22. Okt. 2021 03:15,7,5,2,
22. Okt. 2021 03:30,1,1,0,
22. Okt. 2021 03:45,2,2,0,
22. Okt. 2021 04:00,1,1,0,
22. Okt. 2021 04:15,2,2,0,
22. Okt. 2021 04:30,2,2,0,
22. Okt. 2021 04:45,2,1,1,
22. Okt. 2021 05:00,5,4,1,
22. Okt. 2021 05:15,8,5,3,
22. Okt. 2021 05:30,8,6,2,
22. Okt. 2021 05:45,16,12,4,
22. Okt. 2021 06:00,18,14,4,
22. Okt. 2021 06:15,23,14,9,
22. Okt. 2021 06:30,43,26,17,
22. Okt. 2021 06:45,59,29,30,
22. Okt. 2021 07:00,59,33,26,
22. Okt. 2021 07:15,192,119,73,
22. Okt. 2021 07:30,400,261,139,
22. Okt. 2021 07:45,180,113,67,
22. Okt. 2021 08:00,140,83,57,
22. Okt. 2021 08:15,162,95,67,
22. Okt. 2021 08:30,128,69,59,
22. Okt. 2021 08:45,190,119,71,
22. Okt. 2021 09:00,137,95,42,
22. Okt. 2021 09:15,149,100,49,
22. Okt. 2021 09:30,192,137,55,
22. Okt. 2021 09:45,119,64,55,
22. Okt. 2021 10:00,88,56,32,
22. Okt. 2021 10:15,89,42,47,
22. Okt. 2021 10:30,87,47,40,
22. Okt. 2021 10:45,111,62,49,
22. Okt. 2021 11:00,122,58,64,
22. Okt. 2021 11:15,179,101,78,
22. Okt. 2021 11:30,139,78,61,
22. Okt. 2021 11:45,134,63,71,
22. Okt. 2021 12:00,142,70,72,
22. Okt. 2021 12:15,209,112,97,
22. Okt. 2021 12:30,204,87,117,
22. Okt. 2021 12:45,185,64,121,
22. Okt. 2021 13:00,385,98,287,
22. Okt. 2021 13:15,185,77,108,
22. Okt. 2021 13:30,150,73,77,
22. Okt. 2021 13:45,196,101,95,
22. Okt. 2021 14:00,148,72,76,
22. Okt. 2021 14:15,132,65,67,
22. Okt. 2021 14:30,161,68,93,
22. Okt. 2021 14:45,186,106,80,
22. Okt. 2021 15:00,172,77,95,
22. Okt. 2021 15:15,176,86,90,
22. Okt. 2021 15:30,192,93,99,
22. Okt. 2021 15:45,178,76,102,
22. Okt. 2021 16:00,145,61,84,
22. Okt. 2021 16:15,156,83,73,
22. Okt. 2021 16:30,170,95,75,
22. Okt. 2021 16:45,177,77,100,
22. Okt. 2021 17:00,166,80,86,
22. Okt. 2021 17:15,195,98,97,
22. Okt. 2021 17:30,152,65,87,
22. Okt. 2021 17:45,168,83,85,
22. Okt. 2021 18:00,157,83,74,
22. Okt. 2021 18:15,153,71,82,
22. Okt. 2021 18:30,138,70,68,
22. Okt. 2021 18:45,157,74,83,
22. Okt. 2021 19:00,140,73,67,
22. Okt. 2021 19:15,113,55,58,
22. Okt. 2021 19:30,122,55,67,
22. Okt. 2021 19:45,102,52,50,
22. Okt. 2021 20:00,111,62,49,
22. Okt. 2021 20:15,113,55,58,
22. Okt. 2021 20:30,86,47,39,
22. Okt. 2021 20:45,70,31,39,
22. Okt. 2021 21:00,64,28,36,
22. Okt. 2021 21:15,72,39,33,
22. Okt. 2021 21:30,68,36,32,
22. Okt. 2021 21:45,52,32,20,
22. Okt. 2021 22:00,58,25,33,
22. Okt. 2021 22:15,61,27,34,
22. Okt. 2021 22:30,54,25,29,
22. Okt. 2021 22:45,71,25,46,
22. Okt. 2021 23:00,41,17,24,
22. Okt. 2021 23:15,51,17,34,
22. Okt. 2021 23:30,41,13,28,
22. Okt. 2021 23:45,33,11,22,
23. Okt. 2021 00:00,41,19,22,
23. Okt. 2021 00:15,36,11,25,
23. Okt. 2021 00:30,35,14,21,
23. Okt. 2021 00:45,25,6,19,
23. Okt. 2021 01:00,34,13,21,
23. Okt. 2021 01:15,28,6,22,
23. Okt. 2021 01:30,33,11,22,
23. Okt. 2021 01:45,34,4,30,
23. Okt. 2021 02:00,15,5,10,
23. Okt. 2021 02:15,27,7,20,
23. Okt. 2021 02:30,14,5,9,
23. Okt. 2021 02:45,26,5,21,
23. Okt. 2021 03:00,20,7,13,
23. Okt. 2021 03:15,23,13,10,
23. Okt. 2021 03:30,10,2,8,
23. Okt. 2021 03:45,5,1,4,
23. Okt. 2021 04:00,5,2,3,
23. Okt. 2021 04:15,6,2,4,
23. Okt. 2021 04:30,7,4,3,
23. Okt. 2021 04:45,3,3,0,
23. Okt. 2021 05:00,2,1,1,
23. Okt. 2021 05:15,15,11,4,
23. Okt. 2021 05:30,7,6,1,
23. Okt. 2021 05:45,15,10,5,
23. Okt. 2021 06:00,10,6,4,
23. Okt. 2021 06:15,10,6,4,
23. Okt. 2021 06:30,9,5,4,
23. Okt. 2021 06:45,14,8,6,
23. Okt. 2021 07:00,10,5,5,
23. Okt. 2021 07:15,17,9,8,
23. Okt. 2021 07:30,23,8,15,
23. Okt. 2021 07:45,33,12,21,
23. Okt. 2021 08:00,27,17,10,
23. Okt. 2021 08:15,37,23,14,
23. Okt. 2021 08:30,52,28,24,
23. Okt. 2021 08:45,84,60,24,
23. Okt. 2021 09:00,74,46,28,
23. Okt. 2021 09:15,77,44,33,
23. Okt. 2021 09:30,73,44,29,
23. Okt. 2021 09:45,119,69,50,
23. Okt. 2021 10:00,71,46,25,
23. Okt. 2021 10:15,94,57,37,
23. Okt. 2021 10:30,125,71,54,
23. Okt. 2021 10:45,142,72,70,
23. Okt. 2021 11:00,115,58,57,
23. Okt. 2021 11:15,125,57,68,
23. Okt. 2021 11:30,101,55,46,
23. Okt. 2021 11:45,129,62,67,
23. Okt. 2021 12:00,125,71,54,
23. Okt. 2021 12:15,147,63,84,
23. Okt. 2021 12:30,185,112,73,
23. Okt. 2021 12:45,115,61,54,
23. Okt. 2021 13:00,168,91,77,
23. Okt. 2021 13:15,134,60,74,
23. Okt. 2021 13:30,147,88,59,
23. Okt. 2021 13:45,142,76,66,
23. Okt. 2021 14:00,169,88,81,
23. Okt. 2021 14:15,190,92,98,
23. Okt. 2021 14:30,186,87,99,
23. Okt. 2021 14:45,130,55,75,
23. Okt. 2021 15:00,185,89,96,
23. Okt. 2021 15:15,168,81,87,
23. Okt. 2021 15:30,161,69,92,
23. Okt. 2021 15:45,179,97,82,
23. Okt. 2021 16:00,155,87,68,
23. Okt. 2021 16:15,152,75,77,
23. Okt. 2021 16:30,147,73,74,
23. Okt. 2021 16:45,179,82,97,
23. Okt. 2021 17:00,136,45,91,
23. Okt. 2021 17:15,145,65,80,
23. Okt. 2021 17:30,133,69,64,
23. Okt. 2021 17:45,140,65,75,
23. Okt. 2021 18:00,127,66,61,
23. Okt. 2021 18:15,178,76,102,
23. Okt. 2021 18:30,107,43,64,
23. Okt. 2021 18:45,127,73,54,
23. Okt. 2021 19:00,97,50,47,
23. Okt. 2021 19:15,102,42,60,
23. Okt. 2021 19:30,93,51,42,
23. Okt. 2021 19:45,73,36,37,
23. Okt. 2021 20:00,99,51,48,
23. Okt. 2021 20:15,94,53,41,
23. Okt. 2021 20:30,74,40,34,
23. Okt. 2021 20:45,83,44,39,
23. Okt. 2021 21:00,60,29,31,
23. Okt. 2021 21:15,74,27,47,
23. Okt. 2021 21:30,37,16,21,
23. Okt. 2021 21:45,57,27,30,
23. Okt. 2021 22:00,49,24,25,
23. Okt. 2021 22:15,57,26,31,
23. Okt. 2021 22:30,49,28,21,
23. Okt. 2021 22:45,56,23,33,
23. Okt. 2021 23:00,31,12,19,
23. Okt. 2021 23:15,34,14,20,
23. Okt. 2021 23:30,39,20,19,
23. Okt. 2021 23:45,26,10,16,
24. Okt. 2021 00:00,38,19,19,
24. Okt. 2021 00:15,46,27,19,
24. Okt. 2021 00:30,29,13,16,
24. Okt. 2021 00:45,33,9,24,
24. Okt. 2021 01:00,26,11,15,
24. Okt. 2021 01:15,26,9,17,
24. Okt. 2021 01:30,30,13,17,
24. Okt. 2021 01:45,33,7,26,
24. Okt. 2021 02:00,25,10,15,
24. Okt. 2021 02:15,30,16,14,
24. Okt. 2021 02:30,15,7,8,
24. Okt. 2021 02:45,21,11,10,
24. Okt. 2021 03:00,24,6,18,
24. Okt. 2021 03:15,28,12,16,
24. Okt. 2021 03:30,10,5,5,
24. Okt. 2021 03:45,8,2,6,
24. Okt. 2021 04:00,12,7,5,
24. Okt. 2021 04:15,7,2,5,
24. Okt. 2021 04:30,12,5,7,
24. Okt. 2021 04:45,8,7,1,
24. Okt. 2021 05:00,0,0,0,
24. Okt. 2021 05:15,9,4,5,
24. Okt. 2021 05:30,1,0,1,
24. Okt. 2021 05:45,7,6,1,
24. Okt. 2021 06:00,5,5,0,
24. Okt. 2021 06:15,2,2,0,
24. Okt. 2021 06:30,8,6,2,
24. Okt. 2021 06:45,5,3,2,
24. Okt. 2021 07:00,9,5,4,
24. Okt. 2021 07:15,8,5,3,
24. Okt. 2021 07:30,6,4,2,
24. Okt. 2021 07:45,13,4,9,
24. Okt. 2021 08:00,8,5,3,
24. Okt. 2021 08:15,15,6,9,
24. Okt. 2021 08:30,18,10,8,
24. Okt. 2021 08:45,27,16,11,
24. Okt. 2021 09:00,22,9,13,
24. Okt. 2021 09:15,36,25,11,
24. Okt. 2021 09:30,38,15,23,
24. Okt. 2021 09:45,77,46,31,
24. Okt. 2021 10:00,24,12,12,
24. Okt. 2021 10:15,53,32,21,
24. Okt. 2021 10:30,51,27,24,
24. Okt. 2021 10:45,47,22,25,
24. Okt. 2021 11:00,54,31,23,
24. Okt. 2021 11:15,70,32,38,
24. Okt. 2021 11:30,50,12,38,
24. Okt. 2021 11:45,69,31,38,
24. Okt. 2021 12:00,55,20,35,
24. Okt. 2021 12:15,61,30,31,
24. Okt. 2021 12:30,81,41,40,
24. Okt. 2021 12:45,79,34,45,
24. Okt. 2021 13:00,59,24,35,
24. Okt. 2021 13:15,58,28,30,
24. Okt. 2021 13:30,81,42,39,
24. Okt. 2021 13:45,94,44,50,
24. Okt. 2021 14:00,86,43,43,
24. Okt. 2021 14:15,92,41,51,
24. Okt. 2021 14:30,92,45,47,
24. Okt. 2021 14:45,141,73,68,
24. Okt. 2021 15:00,128,71,57,
24. Okt. 2021 15:15,108,55,53,
24. Okt. 2021 15:30,110,63,47,
24. Okt. 2021 15:45,115,69,46,
24. Okt. 2021 16:00,109,59,50,
24. Okt. 2021 16:15,99,46,53,
24. Okt. 2021 16:30,78,36,42,
24. Okt. 2021 16:45,125,64,61,
24. Okt. 2021 17:00,109,57,52,
24. Okt. 2021 17:15,122,62,60,
24. Okt. 2021 17:30,147,76,71,
24. Okt. 2021 17:45,124,69,55,
24. Okt. 2021 18:00,88,40,48,
24. Okt. 2021 18:15,92,54,38,
24. Okt. 2021 18:30,86,39,47,
24. Okt. 2021 18:45,90,42,48,
24. Okt. 2021 19:00,89,44,45,
24. Okt. 2021 19:15,73,37,36,
24. Okt. 2021 19:30,45,19,26,
24. Okt. 2021 19:45,41,20,21,
24. Okt. 2021 20:00,47,23,24,
24. Okt. 2021 20:15,41,19,22,
24. Okt. 2021 20:30,56,24,32,
24. Okt. 2021 20:45,43,19,24,
24. Okt. 2021 21:00,31,10,21,
24. Okt. 2021 21:15,27,13,14,
24. Okt. 2021 21:30,26,17,9,
24. Okt. 2021 21:45,16,9,7,
24. Okt. 2021 22:00,38,25,13,
24. Okt. 2021 22:15,34,17,17,
24. Okt. 2021 22:30,19,7,12,
24. Okt. 2021 22:45,24,14,10,
24. Okt. 2021 23:00,23,7,16,
24. Okt. 2021 23:15,15,6,9,
24. Okt. 2021 23:30,14,5,9,
24. Okt. 2021 23:45,6,0,6,
25. Okt. 2021 00:00,9,5,4,
25. Okt. 2021 00:15,18,4,14,
25. Okt. 2021 00:30,15,4,11,
25. Okt. 2021 00:45,5,2,3,
25. Okt. 2021 01:00,4,1,3,
25. Okt. 2021 01:15,0,0,0,
25. Okt. 2021 01:30,3,1,2,
25. Okt. 2021 01:45,2,2,0,
25. Okt. 2021 02:00,3,1,2,
25. Okt. 2021 02:15,1,1,0,
25. Okt. 2021 02:30,1,0,1,
25. Okt. 2021 02:45,0,0,0,
25. Okt. 2021 03:00,0,0,0,
25. Okt. 2021 03:15,2,2,0,
25. Okt. 2021 03:30,0,0,0,
25. Okt. 2021 03:45,0,0,0,
25. Okt. 2021 04:00,2,0,2,
25. Okt. 2021 04:15,0,0,0,
25. Okt. 2021 04:30,5,4,1,
25. Okt. 2021 04:45,5,0,5,
25. Okt. 2021 05:00,4,4,0,
25. Okt. 2021 05:15,8,4,4,
25. Okt. 2021 05:30,19,12,7,
25. Okt. 2021 05:45,18,10,8,
25. Okt. 2021 06:00,16,13,3,
25. Okt. 2021 06:15,33,20,13,
25. Okt. 2021 06:30,35,28,7,
25. Okt. 2021 06:45,59,36,23,
25. Okt. 2021 07:00,79,44,35,
25. Okt. 2021 07:15,207,132,75,
25. Okt. 2021 07:30,475,302,173,
25. Okt. 2021 07:45,317,203,114,
25. Okt. 2021 08:00,161,102,59,
25. Okt. 2021 08:15,187,103,84,
25. Okt. 2021 08:30,188,108,80,
25. Okt. 2021 08:45,183,110,73,
25. Okt. 2021 09:00,105,59,46,
25. Okt. 2021 09:15,170,106,64,
25. Okt. 2021 09:30,217,130,87,
25. Okt. 2021 09:45,115,78,37,
25. Okt. 2021 10:00,101,66,35,
25. Okt. 2021 10:15,85,44,41,
25. Okt. 2021 10:30,97,50,47,
25. Okt. 2021 10:45,127,71,56,
25. Okt. 2021 11:00,126,51,75,
25. Okt. 2021 11:15,217,100,117,
25. Okt. 2021 11:30,154,73,81,
25. Okt. 2021 11:45,130,54,76,
25. Okt. 2021 12:00,156,65,91,
25. Okt. 2021 12:15,125,51,74,
25. Okt. 2021 12:30,140,82,58,
25. Okt. 2021 12:45,171,91,80,
25. Okt. 2021 13:00,325,82,243,
25. Okt. 2021 13:15,191,83,108,
25. Okt. 2021 13:30,173,87,86,
25. Okt. 2021 13:45,268,175,93,
25. Okt. 2021 14:00,154,74,80,
25. Okt. 2021 14:15,166,89,77,
25. Okt. 2021 14:30,159,68,91,
25. Okt. 2021 14:45,169,87,82,
25. Okt. 2021 15:00,169,80,89,
25. Okt. 2021 15:15,184,99,85,
25. Okt. 2021 15:30,377,166,211,
25. Okt. 2021 15:45,290,120,170,
25. Okt. 2021 16:00,192,79,113,
25. Okt. 2021 16:15,256,114,142,
25. Okt. 2021 16:30,208,85,123,
25. Okt. 2021 16:45,208,89,119,
25. Okt. 2021 17:00,244,106,138,
25. Okt. 2021 17:15,332,159,173,
25. Okt. 2021 17:30,240,103,137,
25. Okt. 2021 17:45,267,119,148,
25. Okt. 2021 18:00,223,97,126,
25. Okt. 2021 18:15,217,108,109,
25. Okt. 2021 18:30,183,74,109,
25. Okt. 2021 18:45,223,119,104,
25. Okt. 2021 19:00,173,78,95,
25. Okt. 2021 19:15,150,80,70,
25. Okt. 2021 19:30,135,60,75,
25. Okt. 2021 19:45,123,56,67,
25. Okt. 2021 20:00,106,52,54,
25. Okt. 2021 20:15,144,72,72,
25. Okt. 2021 20:30,85,25,60,
25. Okt. 2021 20:45,69,21,48,
25. Okt. 2021 21:00,71,28,43,
25. Okt. 2021 21:15,57,30,27,
25. Okt. 2021 21:30,45,18,27,
25. Okt. 2021 21:45,74,30,44,
25. Okt. 2021 22:00,42,23,19,
25. Okt. 2021 22:15,62,29,33,
25. Okt. 2021 22:30,39,18,21,
25. Okt. 2021 22:45,23,7,16,
25. Okt. 2021 23:00,34,5,29,
25. Okt. 2021 23:15,25,3,22,
25. Okt. 2021 23:30,19,5,14,
25. Okt. 2021 23:45,14,7,7,
26. Okt. 2021 00:00,14,6,8,
26. Okt. 2021 00:15,13,9,4,
26. Okt. 2021 00:30,10,3,7,
26. Okt. 2021 00:45,12,5,7,
26. Okt. 2021 01:00,7,5,2,
26. Okt. 2021 01:15,12,1,11,
26. Okt. 2021 01:30,2,1,1,
26. Okt. 2021 01:45,3,3,0,
26. Okt. 2021 02:00,11,8,3,
26. Okt. 2021 02:15,3,3,0,
26. Okt. 2021 02:30,2,1,1,
26. Okt. 2021 02:45,7,5,2,
26. Okt. 2021 03:00,7,4,3,
26. Okt. 2021 03:15,5,4,1,
26. Okt. 2021 03:30,3,1,2,
26. Okt. 2021 03:45,4,2,2,
26. Okt. 2021 04:00,3,3,0,
26. Okt. 2021 04:15,2,1,1,
26. Okt. 2021 04:30,4,4,0,
26. Okt. 2021 04:45,5,4,1,
26. Okt. 2021 05:00,5,4,1,
26. Okt. 2021 05:15,11,6,5,
26. Okt. 2021 05:30,18,13,5,
26. Okt. 2021 05:45,17,12,5,
26. Okt. 2021 06:00,24,15,9,
26. Okt. 2021 06:15,33,19,14,
26. Okt. 2021 06:30,45,33,12,
26. Okt. 2021 06:45,56,34,22,
26. Okt. 2021 07:00,65,33,32,
26. Okt. 2021 07:15,168,109,59,
26. Okt. 2021 07:30,383,233,150,
26. Okt. 2021 07:45,299,198,101,
26. Okt. 2021 08:00,181,102,79,
26. Okt. 2021 08:15,198,91,107,
26. Okt. 2021 08:30,177,100,77,
26. Okt. 2021 08:45,204,123,81,
26. Okt. 2021 09:00,121,66,55,
26. Okt. 2021 09:15,182,112,70,
26. Okt. 2021 09:30,241,138,103,
26. Okt. 2021 09:45,138,89,49,
26. Okt. 2021 10:00,101,61,40,
26. Okt. 2021 10:15,104,60,44,
26. Okt. 2021 10:30,109,68,41,
26. Okt. 2021 10:45,132,80,52,
26. Okt. 2021 11:00,131,60,71,
26. Okt. 2021 11:15,215,113,102,
26. Okt. 2021 11:30,135,53,82,
26. Okt. 2021 11:45,138,64,74,
26. Okt. 2021 12:00,151,67,84,
26. Okt. 2021 12:15,149,63,86,
26. Okt. 2021 12:30,174,68,106,
26. Okt. 2021 12:45,191,82,109,
26. Okt. 2021 13:00,358,96,262,
26. Okt. 2021 13:15,208,95,113,
26. Okt. 2021 13:30,191,107,84,
26. Okt. 2021 13:45,223,158,65,
26. Okt. 2021 14:00,122,56,66,
26. Okt. 2021 14:15,144,80,64,
26. Okt. 2021 14:30,139,76,63,
26. Okt. 2021 14:45,155,73,82,
26. Okt. 2021 15:00,176,89,87,
26. Okt. 2021 15:15,211,105,106,
26. Okt. 2021 15:30,320,149,171,
26. Okt. 2021 15:45,261,138,123,
26. Okt. 2021 16:00,210,87,123,
26. Okt. 2021 16:15,184,73,111,
26. Okt. 2021 16:30,230,113,117,
26. Okt. 2021 16:45,224,90,134,
26. Okt. 2021 17:00,221,109,112,
26. Okt. 2021 17:15,311,129,182,
26. Okt. 2021 17:30,226,92,134,
26. Okt. 2021 17:45,228,107,121,
26. Okt. 2021 18:00,195,86,109,
26. Okt. 2021 18:15,220,100,120,
26. Okt. 2021 18:30,222,115,107,
26. Okt. 2021 18:45,254,142,112,
26. Okt. 2021 19:00,210,99,111,
26. Okt. 2021 19:15,174,89,85,
26. Okt. 2021 19:30,124,61,63,
26. Okt. 2021 19:45,144,76,68,
26. Okt. 2021 20:00,108,39,69,
26. Okt. 2021 20:15,121,51,70,
26. Okt. 2021 20:30,93,41,52,
26. Okt. 2021 20:45,88,52,36,
26. Okt. 2021 21:00,78,25,53,
26. Okt. 2021 21:15,55,30,25,
26. Okt. 2021 21:30,72,23,49,
26. Okt. 2021 21:45,58,29,29,
26. Okt. 2021 22:00,75,25,50,
26. Okt. 2021 22:15,64,22,42,
26. Okt. 2021 22:30,40,15,25,
26. Okt. 2021 22:45,35,15,20,
26. Okt. 2021 23:00,44,22,22,
26. Okt. 2021 23:15,27,13,14,
26. Okt. 2021 23:30,31,14,17,
26. Okt. 2021 23:45,27,7,20,
27. Okt. 2021 00:00,23,7,16,
27. Okt. 2021 00:15,17,11,6,
27. Okt. 2021 00:30,10,1,9,
27. Okt. 2021 00:45,20,5,15,
27. Okt. 2021 01:00,15,4,11,
27. Okt. 2021 01:15,10,0,10,
27. Okt. 2021 01:30,7,3,4,
27. Okt. 2021 01:45,3,1,2,
27. Okt. 2021 02:00,9,1,8,
27. Okt. 2021 02:15,9,1,8,
27. Okt. 2021 02:30,0,0,0,
27. Okt. 2021 02:45,2,2,0,
27. Okt. 2021 03:00,5,2,3,
27. Okt. 2021 03:15,2,2,0,
27. Okt. 2021 03:30,1,0,1,
27. Okt. 2021 03:45,0,0,0,
27. Okt. 2021 04:00,2,0,2,
27. Okt. 2021 04:15,3,1,2,
27. Okt. 2021 04:30,7,5,2,
27. Okt. 2021 04:45,1,1,0,
27. Okt. 2021 05:00,4,3,1,
27. Okt. 2021 05:15,13,6,7,
27. Okt. 2021 05:30,14,7,7,
27. Okt. 2021 05:45,27,16,11,
27. Okt. 2021 06:00,27,20,7,
27. Okt. 2021 06:15,31,22,9,
27. Okt. 2021 06:30,52,32,20,
27. Okt. 2021 06:45,69,38,31,
27. Okt. 2021 07:00,72,38,34,
27. Okt. 2021 07:15,203,125,78,
27. Okt. 2021 07:30,407,258,149,
27. Okt. 2021 07:45,379,253,126,
27. Okt. 2021 08:00,201,118,83,
27. Okt. 2021 08:15,194,105,89,
27. Okt. 2021 08:30,191,118,73,
27. Okt. 2021 08:45,222,127,95,
27. Okt. 2021 09:00,150,96,54,
27. Okt. 2021 09:15,185,131,54,
27. Okt. 2021 09:30,266,167,99,
27. Okt. 2021 09:45,148,82,66,
27. Okt. 2021 10:00,95,45,50,
27. Okt. 2021 10:15,103,55,48,
27. Okt. 2021 10:30,102,63,39,
27. Okt. 2021 10:45,111,63,48,
27. Okt. 2021 11:00,148,60,88,
27. Okt. 2021 11:15,189,81,108,
27. Okt. 2021 11:30,129,66,63,
27. Okt. 2021 11:45,141,77,64,
27. Okt. 2021 12:00,163,67,96,
27. Okt. 2021 12:15,159,79,80,
27. Okt. 2021 12:30,195,76,119,
27. Okt. 2021 12:45,201,103,98,
27. Okt. 2021 13:00,356,141,215,
27. Okt. 2021 13:15,222,101,121,
27. Okt. 2021 13:30,184,96,88,
27. Okt. 2021 13:45,297,199,98,
27. Okt. 2021 14:00,163,73,90,
27. Okt. 2021 14:15,196,106,90,
27. Okt. 2021 14:30,184,93,91,
27. Okt. 2021 14:45,174,73,101,
27. Okt. 2021 15:00,188,104,84,
27. Okt. 2021 15:15,199,100,99,
27. Okt. 2021 15:30,360,124,236,
27. Okt. 2021 15:45,233,110,123,
27. Okt. 2021 16:00,215,95,120,
27. Okt. 2021 16:15,257,120,137,
27. Okt. 2021 16:30,222,113,109,
27. Okt. 2021 16:45,257,118,139,
27. Okt. 2021 17:00,256,110,146,
27. Okt. 2021 17:15,317,134,183,
27. Okt. 2021 17:30,283,139,144,
27. Okt. 2021 17:45,273,127,146,
27. Okt. 2021 18:00,241,103,138,
27. Okt. 2021 18:15,261,114,147,
27. Okt. 2021 18:30,203,110,93,
27. Okt. 2021 18:45,281,141,140,
27. Okt. 2021 19:00,187,81,106,
27. Okt. 2021 19:15,196,92,104,
27. Okt. 2021 19:30,117,57,60,
27. Okt. 2021 19:45,130,62,68,
27. Okt. 2021 20:00,123,40,83,
27. Okt. 2021 20:15,132,78,54,
27. Okt. 2021 20:30,115,48,67,
27. Okt. 2021 20:45,120,53,67,
27. Okt. 2021 21:00,71,24,47,
27. Okt. 2021 21:15,51,24,27,
27. Okt. 2021 21:30,77,29,48,
27. Okt. 2021 21:45,62,27,35,
27. Okt. 2021 22:00,59,20,39,
27. Okt. 2021 22:15,57,20,37,
27. Okt. 2021 22:30,75,38,37,
27. Okt. 2021 22:45,78,28,50,
27. Okt. 2021 23:00,49,14,35,
27. Okt. 2021 23:15,36,12,24,
27. Okt. 2021 23:30,38,14,24,
27. Okt. 2021 23:45,20,10,10,
28. Okt. 2021 00:00,36,13,23,
28. Okt. 2021 00:15,11,4,7,
28. Okt. 2021 00:30,24,7,17,
28. Okt. 2021 00:45,20,6,14,
28. Okt. 2021 01:00,10,1,9,
28. Okt. 2021 01:15,8,1,7,
28. Okt. 2021 01:30,6,2,4,
28. Okt. 2021 01:45,7,2,5,
28. Okt. 2021 02:00,7,4,3,
28. Okt. 2021 02:15,4,0,4,
28. Okt. 2021 02:30,0,0,0,
28. Okt. 2021 02:45,4,1,3,
28. Okt. 2021 03:00,3,0,3,
28. Okt. 2021 03:15,0,0,0,
28. Okt. 2021 03:30,0,0,0,
28. Okt. 2021 03:45,0,0,0,
28. Okt. 2021 04:00,5,3,2,
28. Okt. 2021 04:15,1,1,0,
28. Okt. 2021 04:30,4,2,2,
28. Okt. 2021 04:45,5,5,0,
28. Okt. 2021 05:00,2,2,0,
28. Okt. 2021 05:15,11,8,3,
28. Okt. 2021 05:30,17,7,10,
28. Okt. 2021 05:45,21,13,8,
28. Okt. 2021 06:00,24,17,7,
28. Okt. 2021 06:15,30,17,13,
28. Okt. 2021 06:30,44,25,19,
28. Okt. 2021 06:45,68,39,29,
28. Okt. 2021 07:00,83,45,38,
28. Okt. 2021 07:15,195,115,80,
28. Okt. 2021 07:30,369,251,118,
28. Okt. 2021 07:45,374,255,119,
28. Okt. 2021 08:00,198,96,102,
28. Okt. 2021 08:15,214,106,108,
28. Okt. 2021 08:30,183,106,77,
28. Okt. 2021 08:45,192,115,77,
28. Okt. 2021 09:00,152,77,75,
28. Okt. 2021 09:15,193,97,96,
28. Okt. 2021 09:30,266,148,118,
28. Okt. 2021 09:45,165,103,62,
28. Okt. 2021 10:00,111,66,45,
28. Okt. 2021 10:15,99,54,45,
28. Okt. 2021 10:30,114,58,56,
28. Okt. 2021 10:45,105,65,40,
28. Okt. 2021 11:00,132,63,69,
28. Okt. 2021 11:15,227,116,111,
28. Okt. 2021 11:30,142,71,71,
28. Okt. 2021 11:45,131,62,69,
28. Okt. 2021 12:00,151,72,79,
28. Okt. 2021 12:15,160,73,87,
28. Okt. 2021 12:30,140,64,76,
28. Okt. 2021 12:45,185,70,115,
28. Okt. 2021 13:00,331,94,237,
28. Okt. 2021 13:15,220,96,124,
28. Okt. 2021 13:30,160,75,85,
28. Okt. 2021 13:45,271,173,98,
28. Okt. 2021 14:00,181,82,99,
28. Okt. 2021 14:15,154,83,71,
28. Okt. 2021 14:30,135,63,72,
28. Okt. 2021 14:45,146,70,76,
28. Okt. 2021 15:00,201,112,89,
28. Okt. 2021 15:15,208,119,89,
28. Okt. 2021 15:30,398,172,226,
28. Okt. 2021 15:45,213,102,111,
28. Okt. 2021 16:00,231,116,115,
28. Okt. 2021 16:15,230,112,118,
28. Okt. 2021 16:30,195,94,101,
28. Okt. 2021 16:45,212,110,102,
28. Okt. 2021 17:00,228,109,119,
28. Okt. 2021 17:15,334,158,176,
28. Okt. 2021 17:30,245,114,131,
28. Okt. 2021 17:45,227,124,103,
28. Okt. 2021 18:00,247,89,158,
28. Okt. 2021 18:15,256,120,136,
28. Okt. 2021 18:30,178,77,101,
28. Okt. 2021 18:45,244,132,112,
28. Okt. 2021 19:00,214,89,125,
28. Okt. 2021 19:15,163,69,94,
28. Okt. 2021 19:30,119,51,68,
28. Okt. 2021 19:45,135,72,63,
28. Okt. 2021 20:00,136,57,79,
28. Okt. 2021 20:15,110,54,56,
28. Okt. 2021 20:30,85,34,51,
28. Okt. 2021 20:45,62,26,36,
28. Okt. 2021 21:00,63,26,37,
28. Okt. 2021 21:15,59,30,29,
28. Okt. 2021 21:30,43,15,28,
28. Okt. 2021 21:45,76,26,50,
28. Okt. 2021 22:00,67,33,34,
28. Okt. 2021 22:15,61,25,36,
28. Okt. 2021 22:30,46,18,28,
28. Okt. 2021 22:45,47,16,31,
28. Okt. 2021 23:00,41,8,33,
28. Okt. 2021 23:15,40,11,29,
28. Okt. 2021 23:30,44,19,25,
28. Okt. 2021 23:45,25,11,14,
29. Okt. 2021 00:00,16,10,6,
29. Okt. 2021 00:15,26,10,16,
29. Okt. 2021 00:30,15,5,10,
29. Okt. 2021 00:45,12,7,5,
29. Okt. 2021 01:00,12,4,8,
29. Okt. 2021 01:15,19,4,15,
29. Okt. 2021 01:30,11,2,9,
29. Okt. 2021 01:45,6,2,4,
29. Okt. 2021 02:00,8,5,3,
29. Okt. 2021 02:15,10,6,4,
29. Okt. 2021 02:30,1,1,0,
29. Okt. 2021 02:45,0,0,0,
29. Okt. 2021 03:00,0,0,0,
29. Okt. 2021 03:15,5,2,3,
29. Okt. 2021 03:30,3,2,1,
29. Okt. 2021 03:45,6,2,4,
29. Okt. 2021 04:00,2,1,1,
29. Okt. 2021 04:15,0,0,0,
29. Okt. 2021 04:30,5,2,3,
29. Okt. 2021 04:45,2,2,0,
29. Okt. 2021 05:00,4,3,1,
29. Okt. 2021 05:15,5,3,2,
29. Okt. 2021 05:30,12,7,5,
29. Okt. 2021 05:45,23,16,7,
29. Okt. 2021 06:00,16,10,6,
29. Okt. 2021 06:15,37,27,10,
29. Okt. 2021 06:30,40,25,15,
29. Okt. 2021 06:45,52,25,27,
29. Okt. 2021 07:00,73,41,32,
29. Okt. 2021 07:15,190,114,76,
29. Okt. 2021 07:30,391,250,141,
29. Okt. 2021 07:45,282,172,110,
29. Okt. 2021 08:00,156,99,57,
29. Okt. 2021 08:15,150,76,74,
29. Okt. 2021 08:30,167,91,76,
29. Okt. 2021 08:45,171,102,69,
29. Okt. 2021 09:00,134,91,43,
29. Okt. 2021 09:15,177,118,59,
29. Okt. 2021 09:30,178,119,59,
29. Okt. 2021 09:45,137,83,54,
29. Okt. 2021 10:00,79,39,40,
29. Okt. 2021 10:15,146,77,69,
29. Okt. 2021 10:30,100,47,53,
29. Okt. 2021 10:45,121,67,54,
29. Okt. 2021 11:00,165,64,101,
29. Okt. 2021 11:15,211,111,100,
29. Okt. 2021 11:30,156,74,82,
29. Okt. 2021 11:45,151,76,75,
29. Okt. 2021 12:00,156,79,77,
29. Okt. 2021 12:15,192,81,111,
29. Okt. 2021 12:30,194,84,110,
29. Okt. 2021 12:45,192,87,105,
29. Okt. 2021 13:00,376,116,260,
29. Okt. 2021 13:15,232,104,128,
29. Okt. 2021 13:30,190,85,105,
29. Okt. 2021 13:45,188,95,93,
29. Okt. 2021 14:00,178,82,96,
29. Okt. 2021 14:15,146,78,68,
29. Okt. 2021 14:30,180,74,106,
29. Okt. 2021 14:45,192,113,79,
29. Okt. 2021 15:00,188,77,111,
29. Okt. 2021 15:15,160,76,84,
29. Okt. 2021 15:30,168,66,102,
29. Okt. 2021 15:45,204,86,118,
29. Okt. 2021 16:00,170,82,88,
29. Okt. 2021 16:15,168,75,93,
29. Okt. 2021 16:30,163,87,76,
29. Okt. 2021 16:45,173,69,104,
29. Okt. 2021 17:00,184,76,108,
29. Okt. 2021 17:15,172,86,86,
29. Okt. 2021 17:30,135,67,68,
29. Okt. 2021 17:45,212,100,112,
29. Okt. 2021 18:00,175,86,89,
29. Okt. 2021 18:15,190,93,97,
29. Okt. 2021 18:30,144,68,76,
29. Okt. 2021 18:45,149,73,76,
29. Okt. 2021 19:00,117,56,61,
29. Okt. 2021 19:15,120,49,71,
29. Okt. 2021 19:30,112,49,63,
29. Okt. 2021 19:45,98,59,39,
29. Okt. 2021 20:00,99,56,43,
29. Okt. 2021 20:15,75,40,35,
29. Okt. 2021 20:30,74,40,34,
29. Okt. 2021 20:45,45,18,27,
29. Okt. 2021 21:00,53,25,28,
29. Okt. 2021 21:15,57,31,26,
29. Okt. 2021 21:30,50,26,24,
29. Okt. 2021 21:45,49,27,22,
29. Okt. 2021 22:00,54,21,33,
29. Okt. 2021 22:15,53,17,36,
29. Okt. 2021 22:30,56,27,29,
29. Okt. 2021 22:45,49,22,27,
29. Okt. 2021 23:00,42,15,27,
29. Okt. 2021 23:15,45,20,25,
29. Okt. 2021 23:30,53,29,24,
29. Okt. 2021 23:45,47,13,34,
30. Okt. 2021 00:00,48,18,30,
30. Okt. 2021 00:15,39,15,24,
30. Okt. 2021 00:30,23,8,15,
30. Okt. 2021 00:45,37,15,22,
30. Okt. 2021 01:00,30,8,22,
30. Okt. 2021 01:15,18,7,11,
30. Okt. 2021 01:30,19,1,18,
30. Okt. 2021 01:45,25,5,20,
30. Okt. 2021 02:00,25,7,18,
30. Okt. 2021 02:15,25,7,18,
30. Okt. 2021 02:30,16,5,11,
30. Okt. 2021 02:45,17,5,12,
30. Okt. 2021 03:00,19,7,12,
30. Okt. 2021 03:15,10,5,5,
30. Okt. 2021 03:30,3,1,2,
30. Okt. 2021 03:45,10,2,8,
30. Okt. 2021 04:00,9,2,7,
30. Okt. 2021 04:15,6,4,2,
30. Okt. 2021 04:30,6,1,5,
30. Okt. 2021 04:45,3,1,2,
30. Okt. 2021 05:00,2,0,2,
30. Okt. 2021 05:15,6,5,1,
30. Okt. 2021 05:30,5,3,2,
30. Okt. 2021 05:45,9,5,4,
30. Okt. 2021 06:00,8,6,2,
30. Okt. 2021 06:15,13,9,4,
30. Okt. 2021 06:30,25,12,13,
30. Okt. 2021 06:45,11,2,9,
30. Okt. 2021 07:00,7,3,4,
30. Okt. 2021 07:15,18,10,8,
30. Okt. 2021 07:30,19,7,12,
30. Okt. 2021 07:45,20,8,12,
30. Okt. 2021 08:00,24,8,16,
30. Okt. 2021 08:15,26,14,12,
30. Okt. 2021 08:30,54,26,28,
30. Okt. 2021 08:45,63,33,30,
30. Okt. 2021 09:00,60,36,24,
30. Okt. 2021 09:15,62,40,22,
30. Okt. 2021 09:30,82,52,30,
30. Okt. 2021 09:45,103,69,34,
30. Okt. 2021 10:00,92,50,42,
30. Okt. 2021 10:15,103,56,47,
30. Okt. 2021 10:30,96,54,42,
30. Okt. 2021 10:45,104,68,36,
30. Okt. 2021 11:00,110,58,52,
30. Okt. 2021 11:15,101,57,44,
30. Okt. 2021 11:30,137,80,57,
30. Okt. 2021 11:45,118,70,48,
30. Okt. 2021 12:00,104,45,59,
30. Okt. 2021 12:15,98,60,38,
30. Okt. 2021 12:30,114,59,55,
30. Okt. 2021 12:45,107,66,41,
30. Okt. 2021 13:00,97,46,51,
30. Okt. 2021 13:15,126,60,66,
30. Okt. 2021 13:30,106,65,41,
30. Okt. 2021 13:45,116,52,64,
30. Okt. 2021 14:00,101,45,56,
30. Okt. 2021 14:15,98,41,57,
30. Okt. 2021 14:30,108,45,63,
30. Okt. 2021 14:45,106,50,56,
30. Okt. 2021 15:00,88,44,44,
30. Okt. 2021 15:15,81,45,36,
30. Okt. 2021 15:30,74,28,46,
30. Okt. 2021 15:45,89,30,59,
30. Okt. 2021 16:00,87,41,46,
30. Okt. 2021 16:15,88,34,54,
30. Okt. 2021 16:30,85,39,46,
30. Okt. 2021 16:45,98,55,43,
30. Okt. 2021 17:00,80,36,44,
30. Okt. 2021 17:15,94,39,55,
30. Okt. 2021 17:30,112,50,62,
30. Okt. 2021 17:45,115,41,74,
30. Okt. 2021 18:00,94,39,55,
30. Okt. 2021 18:15,98,37,61,
30. Okt. 2021 18:30,91,47,44,
30. Okt. 2021 18:45,78,31,47,
30. Okt. 2021 19:00,80,37,43,
30. Okt. 2021 19:15,84,47,37,
30. Okt. 2021 19:30,64,37,27,
30. Okt. 2021 19:45,81,34,47,
30. Okt. 2021 20:00,64,29,35,
30. Okt. 2021 20:15,50,26,24,
30. Okt. 2021 20:30,64,22,42,
30. Okt. 2021 20:45,47,19,28,
30. Okt. 2021 21:00,54,23,31,
30. Okt. 2021 21:15,49,24,25,
30. Okt. 2021 21:30,39,20,19,
30. Okt. 2021 21:45,44,18,26,
30. Okt. 2021 22:00,42,13,29,
30. Okt. 2021 22:15,49,13,36,
30. Okt. 2021 22:30,42,11,31,
30. Okt. 2021 22:45,36,8,28,
30. Okt. 2021 23:00,25,10,15,
30. Okt. 2021 23:15,54,17,37,
30. Okt. 2021 23:30,36,12,24,
30. Okt. 2021 23:45,18,4,14,
31. Okt. 2021 00:00,32,11,21,
31. Okt. 2021 00:15,26,11,15,
31. Okt. 2021 00:30,36,13,23,
31. Okt. 2021 00:45,22,4,18,
31. Okt. 2021 01:00,22,8,14,
31. Okt. 2021 01:15,28,18,10,
31. Okt. 2021 01:30,20,3,17,
31. Okt. 2021 01:45,19,14,5,
31. Okt. 2021 02:00,35,12,23,
31. Okt. 2021 02:15,35,23,12,
31. Okt. 2021 02:30,37,22,15,
31. Okt. 2021 02:45,31,15,16,
31. Okt. 2021 03:00,18,14,4,
31. Okt. 2021 03:15,13,11,2,
31. Okt. 2021 03:30,20,15,5,
31. Okt. 2021 03:45,7,2,5,
31. Okt. 2021 04:00,6,2,4,
31. Okt. 2021 04:15,5,4,1,
31. Okt. 2021 04:30,5,3,2,
31. Okt. 2021 04:45,6,4,2,
31. Okt. 2021 05:00,4,3,1,
31. Okt. 2021 05:15,1,0,1,
31. Okt. 2021 05:30,9,8,1,
31. Okt. 2021 05:45,19,11,8,
31. Okt. 2021 06:00,12,10,2,
31. Okt. 2021 06:15,9,5,4,
31. Okt. 2021 06:30,9,7,2,
31. Okt. 2021 06:45,9,2,7,
31. Okt. 2021 07:00,12,9,3,
31. Okt. 2021 07:15,9,3,6,
31. Okt. 2021 07:30,4,2,2,
31. Okt. 2021 07:45,19,9,10,
31. Okt. 2021 08:00,16,9,7,
31. Okt. 2021 08:15,15,11,4,
31. Okt. 2021 08:30,20,6,14,
31. Okt. 2021 08:45,25,13,12,
31. Okt. 2021 09:00,18,5,13,
31. Okt. 2021 09:15,44,19,25,
31. Okt. 2021 09:30,47,23,24,
31. Okt. 2021 09:45,56,33,23,
31. Okt. 2021 10:00,44,26,18,
31. Okt. 2021 10:15,61,34,27,
31. Okt. 2021 10:30,49,21,28,
31. Okt. 2021 10:45,65,33,32,
31. Okt. 2021 11:00,86,35,51,
31. Okt. 2021 11:15,79,38,41,
31. Okt. 2021 11:30,69,24,45,
31. Okt. 2021 11:45,81,53,28,
31. Okt. 2021 12:00,81,34,47,
31. Okt. 2021 12:15,79,39,40,
31. Okt. 2021 12:30,81,40,41,
31. Okt. 2021 12:45,86,39,47,
31. Okt. 2021 13:00,84,45,39,
31. Okt. 2021 13:15,80,38,42,
31. Okt. 2021 13:30,87,49,38,
31. Okt. 2021 13:45,139,74,65,
31. Okt. 2021 14:00,105,49,56,
31. Okt. 2021 14:15,110,61,49,
31. Okt. 2021 14:30,95,47,48,
31. Okt. 2021 14:45,119,57,62,
31. Okt. 2021 15:00,125,79,46,
31. Okt. 2021 15:15,125,64,61,
31. Okt. 2021 15:30,107,54,53,
31. Okt. 2021 15:45,134,62,72,
31. Okt. 2021 16:00,117,50,67,
31. Okt. 2021 16:15,80,51,29,
31. Okt. 2021 16:30,91,58,33,
31. Okt. 2021 16:45,115,59,56,
31. Okt. 2021 17:00,105,59,46,
31. Okt. 2021 17:15,95,52,43,
31. Okt. 2021 17:30,91,40,51,
31. Okt. 2021 17:45,101,54,47,
31. Okt. 2021 18:00,102,74,28,
31. Okt. 2021 18:15,66,33,33,
31. Okt. 2021 18:30,81,46,35,
31. Okt. 2021 18:45,82,46,36,
31. Okt. 2021 19:00,66,28,38,
31. Okt. 2021 19:15,56,33,23,
31. Okt. 2021 19:30,61,33,28,
31. Okt. 2021 19:45,63,31,32,
31. Okt. 2021 20:00,49,19,30,
31. Okt. 2021 20:15,50,27,23,
31. Okt. 2021 20:30,81,42,39,
31. Okt. 2021 20:45,67,36,31,
31. Okt. 2021 21:00,52,25,27,
31. Okt. 2021 21:15,54,22,32,
31. Okt. 2021 21:30,37,19,18,
31. Okt. 2021 21:45,40,14,26,
31. Okt. 2021 22:00,41,22,19,
31. Okt. 2021 22:15,40,17,23,
31. Okt. 2021 22:30,51,15,36,
31. Okt. 2021 22:45,39,20,19,
31. Okt. 2021 23:00,28,14,14,
31. Okt. 2021 23:15,23,7,16,
31. Okt. 2021 23:30,19,12,7,
31. Okt. 2021 23:45,23,10,13,
1. Nov. 2021 00:00,31,8,23,
1. Nov. 2021 00:15,25,7,18,
1. Nov. 2021 00:30,18,15,3,
1. Nov. 2021 00:45,18,14,4,
1. Nov. 2021 01:00,30,13,17,
1. Nov. 2021 01:15,21,8,13,
1. Nov. 2021 01:30,40,18,22,
1. Nov. 2021 01:45,28,17,11,
1. Nov. 2021 02:00,13,4,9,
1. Nov. 2021 02:15,25,6,19,
1. Nov. 2021 02:30,16,8,8,
1. Nov. 2021 02:45,19,12,7,
1. Nov. 2021 03:00,14,6,8,
1. Nov. 2021 03:15,12,5,7,
1. Nov. 2021 03:30,14,4,10,
1. Nov. 2021 03:45,17,9,8,
1. Nov. 2021 04:00,6,4,2,
1. Nov. 2021 04:15,6,4,2,
1. Nov. 2021 04:30,6,4,2,
1. Nov. 2021 04:45,6,4,2,
1. Nov. 2021 05:00,6,4,2,
1. Nov. 2021 05:15,4,4,0,
1. Nov. 2021 05:30,6,1,5,
1. Nov. 2021 05:45,12,8,4,
1. Nov. 2021 06:00,11,9,2,
1. Nov. 2021 06:15,11,10,1,
1. Nov. 2021 06:30,12,10,2,
1. Nov. 2021 06:45,22,13,9,
1. Nov. 2021 07:00,14,11,3,
1. Nov. 2021 07:15,15,11,4,
1. Nov. 2021 07:30,21,12,9,
1. Nov. 2021 07:45,19,16,3,
1. Nov. 2021 08:00,12,7,5,
1. Nov. 2021 08:15,8,7,1,
1. Nov. 2021 08:30,18,7,11,
1. Nov. 2021 08:45,23,15,8,
1. Nov. 2021 09:00,16,8,8,
1. Nov. 2021 09:15,12,5,7,
1. Nov. 2021 09:30,13,7,6,
1. Nov. 2021 09:45,20,8,12,
1. Nov. 2021 10:00,12,6,6,
1. Nov. 2021 10:15,18,8,10,
1. Nov. 2021 10:30,16,7,9,
1. Nov. 2021 10:45,29,20,9,
1. Nov. 2021 11:00,30,15,15,
1. Nov. 2021 11:15,23,8,15,
1. Nov. 2021 11:30,17,8,9,
1. Nov. 2021 11:45,17,11,6,
1. Nov. 2021 12:00,27,14,13,
1. Nov. 2021 12:15,22,9,13,
1. Nov. 2021 12:30,25,15,10,
1. Nov. 2021 12:45,39,16,23,
1. Nov. 2021 13:00,28,11,17,
1. Nov. 2021 13:15,27,19,8,
1. Nov. 2021 13:30,26,9,17,
1. Nov. 2021 13:45,35,16,19,
1. Nov. 2021 14:00,29,10,19,
1. Nov. 2021 14:15,39,24,15,
1. Nov. 2021 14:30,34,15,19,
1. Nov. 2021 14:45,49,31,18,
1. Nov. 2021 15:00,40,22,18,
1. Nov. 2021 15:15,61,32,29,
1. Nov. 2021 15:30,39,21,18,
1. Nov. 2021 15:45,58,30,28,
1. Nov. 2021 16:00,47,25,22,
1. Nov. 2021 16:15,67,39,28,
1. Nov. 2021 16:30,72,46,26,
1. Nov. 2021 16:45,69,35,34,
1. Nov. 2021 17:00,28,10,18,
1. Nov. 2021 17:15,55,20,35,
1. Nov. 2021 17:30,72,34,38,
1. Nov. 2021 17:45,64,31,33,
1. Nov. 2021 18:00,51,22,29,
1. Nov. 2021 18:15,53,30,23,
1. Nov. 2021 18:30,50,16,34,
1. Nov. 2021 18:45,81,37,44,
1. Nov. 2021 19:00,45,15,30,
1. Nov. 2021 19:15,49,28,21,
1. Nov. 2021 19:30,22,8,14,
1. Nov. 2021 19:45,39,15,24,
1. Nov. 2021 20:00,34,13,21,
1. Nov. 2021 20:15,33,12,21,
1. Nov. 2021 20:30,35,12,23,
1. Nov. 2021 20:45,24,7,17,
1. Nov. 2021 21:00,16,5,11,
1. Nov. 2021 21:15,19,11,8,
1. Nov. 2021 21:30,21,10,11,
1. Nov. 2021 21:45,25,13,12,
1. Nov. 2021 22:00,30,13,17,
1. Nov. 2021 22:15,28,15,13,
1. Nov. 2021 22:30,16,8,8,
1. Nov. 2021 22:45,19,8,11,
1. Nov. 2021 23:00,9,6,3,
1. Nov. 2021 23:15,14,2,12,
1. Nov. 2021 23:30,13,7,6,
1. Nov. 2021 23:45,6,2,4,
2. Nov. 2021 00:00,5,4,1,
2. Nov. 2021 00:15,5,1,4,
2. Nov. 2021 00:30,4,2,2,
2. Nov. 2021 00:45,12,4,8,
2. Nov. 2021 01:00,0,0,0,
2. Nov. 2021 01:15,1,1,0,
2. Nov. 2021 01:30,2,2,0,
2. Nov. 2021 01:45,0,0,0,
2. Nov. 2021 02:00,1,0,1,
2. Nov. 2021 02:15,0,0,0,
2. Nov. 2021 02:30,1,0,1,
2. Nov. 2021 02:45,2,2,0,
2. Nov. 2021 03:00,1,0,1,
2. Nov. 2021 03:15,0,0,0,
2. Nov. 2021 03:30,0,0,0,
2. Nov. 2021 03:45,0,0,0,
2. Nov. 2021 04:00,1,0,1,
2. Nov. 2021 04:15,0,0,0,
2. Nov. 2021 04:30,0,0,0,
2. Nov. 2021 04:45,3,2,1,
2. Nov. 2021 05:00,2,1,1,
2. Nov. 2021 05:15,13,9,4,
2. Nov. 2021 05:30,9,4,5,
2. Nov. 2021 05:45,15,13,2,
2. Nov. 2021 06:00,17,12,5,
2. Nov. 2021 06:15,33,21,12,
2. Nov. 2021 06:30,43,27,16,
2. Nov. 2021 06:45,69,42,27,
2. Nov. 2021 07:00,48,24,24,
2. Nov. 2021 07:15,92,42,50,
2. Nov. 2021 07:30,108,71,37,
2. Nov. 2021 07:45,261,171,90,
2. Nov. 2021 08:00,134,68,66,
2. Nov. 2021 08:15,127,67,60,
2. Nov. 2021 08:30,111,61,50,
2. Nov. 2021 08:45,144,91,53,
2. Nov. 2021 09:00,80,43,37,
2. Nov. 2021 09:15,98,54,44,
2. Nov. 2021 09:30,158,95,63,
2. Nov. 2021 09:45,94,56,38,
2. Nov. 2021 10:00,56,34,22,
2. Nov. 2021 10:15,52,20,32,
2. Nov. 2021 10:30,61,32,29,
2. Nov. 2021 10:45,80,45,35,
2. Nov. 2021 11:00,71,43,28,
2. Nov. 2021 11:15,145,68,77,
2. Nov. 2021 11:30,67,48,19,
2. Nov. 2021 11:45,96,62,34,
2. Nov. 2021 12:00,108,61,47,
2. Nov. 2021 12:15,95,40,55,
2. Nov. 2021 12:30,96,43,53,
2. Nov. 2021 12:45,111,45,66,
2. Nov. 2021 13:00,121,39,82,
2. Nov. 2021 13:15,123,59,64,
2. Nov. 2021 13:30,133,71,62,
2. Nov. 2021 13:45,165,112,53,
2. Nov. 2021 14:00,124,80,44,
2. Nov. 2021 14:15,116,64,52,
2. Nov. 2021 14:30,96,45,51,
2. Nov. 2021 14:45,117,50,67,
2. Nov. 2021 15:00,108,53,55,
2. Nov. 2021 15:15,123,64,59,
2. Nov. 2021 15:30,150,64,86,
2. Nov. 2021 15:45,151,82,69,
2. Nov. 2021 16:00,176,82,94,
2. Nov. 2021 16:15,137,62,75,
2. Nov. 2021 16:30,164,79,85,
2. Nov. 2021 16:45,169,83,86,
2. Nov. 2021 17:00,211,89,122,
2. Nov. 2021 17:15,217,98,119,
2. Nov. 2021 17:30,184,74,110,
2. Nov. 2021 17:45,177,73,104,
2. Nov. 2021 18:00,160,87,73,
2. Nov. 2021 18:15,144,56,88,
2. Nov. 2021 18:30,126,59,67,
2. Nov. 2021 18:45,166,80,86,
2. Nov. 2021 19:00,172,68,104,
2. Nov. 2021 19:15,115,54,61,
2. Nov. 2021 19:30,115,60,55,
2. Nov. 2021 19:45,97,39,58,
2. Nov. 2021 20:00,92,37,55,
2. Nov. 2021 20:15,74,38,36,
2. Nov. 2021 20:30,71,40,31,
2. Nov. 2021 20:45,57,30,27,
2. Nov. 2021 21:00,36,17,19,
2. Nov. 2021 21:15,44,18,26,
2. Nov. 2021 21:30,33,11,22,
2. Nov. 2021 21:45,56,30,26,
2. Nov. 2021 22:00,40,20,20,
2. Nov. 2021 22:15,41,18,23,
2. Nov. 2021 22:30,33,17,16,
2. Nov. 2021 22:45,31,8,23,
2. Nov. 2021 23:00,36,7,29,
2. Nov. 2021 23:15,47,22,25,
2. Nov. 2021 23:30,24,10,14,
2. Nov. 2021 23:45,17,5,12,
3. Nov. 2021 00:00,8,2,6,
3. Nov. 2021 00:15,21,6,15,
3. Nov. 2021 00:30,8,1,7,
3. Nov. 2021 00:45,5,5,0,
3. Nov. 2021 01:00,2,1,1,
3. Nov. 2021 01:15,8,5,3,
3. Nov. 2021 01:30,9,4,5,
3. Nov. 2021 01:45,3,1,2,
3. Nov. 2021 02:00,2,1,1,
3. Nov. 2021 02:15,1,1,0,
3. Nov. 2021 02:30,0,0,0,
3. Nov. 2021 02:45,9,4,5,
3. Nov. 2021 03:00,1,0,1,
3. Nov. 2021 03:15,2,2,0,
3. Nov. 2021 03:30,1,0,1,
3. Nov. 2021 03:45,0,0,0,
3. Nov. 2021 04:00,2,2,0,
3. Nov. 2021 04:15,4,2,2,
3. Nov. 2021 04:30,2,2,0,
3. Nov. 2021 04:45,2,2,0,
3. Nov. 2021 05:00,1,1,0,
3. Nov. 2021 05:15,8,4,4,
3. Nov. 2021 05:30,12,6,6,
3. Nov. 2021 05:45,28,20,8,
3. Nov. 2021 06:00,16,12,4,
3. Nov. 2021 06:15,25,18,7,
3. Nov. 2021 06:30,37,20,17,
3. Nov. 2021 06:45,62,39,23,
3. Nov. 2021 07:00,50,32,18,
3. Nov. 2021 07:15,86,46,40,
3. Nov. 2021 07:30,113,62,51,
3. Nov. 2021 07:45,246,179,67,
3. Nov. 2021 08:00,127,57,70,
3. Nov. 2021 08:15,122,70,52,
3. Nov. 2021 08:30,143,83,60,
3. Nov. 2021 08:45,161,96,65,
3. Nov. 2021 09:00,94,48,46,
3. Nov. 2021 09:15,135,76,59,
3. Nov. 2021 09:30,191,131,60,
3. Nov. 2021 09:45,141,84,57,
3. Nov. 2021 10:00,91,48,43,
3. Nov. 2021 10:15,110,58,52,
3. Nov. 2021 10:30,94,53,41,
3. Nov. 2021 10:45,132,64,68,
3. Nov. 2021 11:00,118,61,57,
3. Nov. 2021 11:15,169,60,109,
3. Nov. 2021 11:30,130,60,70,
3. Nov. 2021 11:45,110,58,52,
3. Nov. 2021 12:00,136,82,54,
3. Nov. 2021 12:15,114,52,62,
3. Nov. 2021 12:30,118,58,60,
3. Nov. 2021 12:45,132,44,88,
3. Nov. 2021 13:00,132,53,79,
3. Nov. 2021 13:15,147,56,91,
3. Nov. 2021 13:30,130,65,65,
3. Nov. 2021 13:45,182,113,69,
3. Nov. 2021 14:00,97,44,53,
3. Nov. 2021 14:15,113,60,53,
3. Nov. 2021 14:30,86,31,55,
3. Nov. 2021 14:45,81,31,50,
3. Nov. 2021 15:00,72,33,39,
3. Nov. 2021 15:15,121,65,56,
3. Nov. 2021 15:30,136,53,83,
3. Nov. 2021 15:45,131,57,74,
3. Nov. 2021 16:00,102,40,62,
3. Nov. 2021 16:15,126,51,75,
3. Nov. 2021 16:30,143,63,80,
3. Nov. 2021 16:45,158,73,85,
3. Nov. 2021 17:00,167,69,98,
3. Nov. 2021 17:15,177,76,101,
3. Nov. 2021 17:30,132,64,68,
3. Nov. 2021 17:45,149,69,80,
3. Nov. 2021 18:00,111,37,74,
3. Nov. 2021 18:15,167,87,80,
3. Nov. 2021 18:30,135,57,78,
3. Nov. 2021 18:45,118,54,64,
3. Nov. 2021 19:00,127,58,69,
3. Nov. 2021 19:15,112,50,62,
3. Nov. 2021 19:30,85,35,50,
3. Nov. 2021 19:45,76,29,47,
3. Nov. 2021 20:00,58,29,29,
3. Nov. 2021 20:15,77,38,39,
3. Nov. 2021 20:30,73,33,40,
3. Nov. 2021 20:45,59,30,29,
3. Nov. 2021 21:00,43,18,25,
3. Nov. 2021 21:15,43,17,26,
3. Nov. 2021 21:30,45,23,22,
3. Nov. 2021 21:45,59,19,40,
3. Nov. 2021 22:00,41,24,17,
3. Nov. 2021 22:15,59,30,29,
3. Nov. 2021 22:30,32,11,21,
3. Nov. 2021 22:45,25,9,16,
3. Nov. 2021 23:00,39,21,18,
3. Nov. 2021 23:15,31,9,22,
3. Nov. 2021 23:30,25,12,13,
3. Nov. 2021 23:45,16,6,10,
4. Nov. 2021 00:00,23,10,13,
4. Nov. 2021 00:15,8,2,6,
4. Nov. 2021 00:30,20,10,10,
4. Nov. 2021 00:45,12,3,9,
4. Nov. 2021 01:00,11,4,7,
4. Nov. 2021 01:15,5,2,3,
4. Nov. 2021 01:30,4,1,3,
4. Nov. 2021 01:45,8,4,4,
4. Nov. 2021 02:00,5,4,1,
4. Nov. 2021 02:15,3,2,1,
4. Nov. 2021 02:30,4,2,2,
4. Nov. 2021 02:45,3,3,0,
4. Nov. 2021 03:00,1,1,0,
4. Nov. 2021 03:15,5,4,1,
4. Nov. 2021 03:30,2,1,1,
4. Nov. 2021 03:45,3,3,0,
4. Nov. 2021 04:00,2,1,1,
4. Nov. 2021 04:15,3,3,0,
4. Nov. 2021 04:30,5,5,0,
4. Nov. 2021 04:45,4,4,0,
4. Nov. 2021 05:00,1,0,1,
4. Nov. 2021 05:15,10,7,3,
4. Nov. 2021 05:30,9,3,6,
4. Nov. 2021 05:45,15,11,4,
4. Nov. 2021 06:00,19,12,7,
4. Nov. 2021 06:15,24,14,10,
4. Nov. 2021 06:30,39,27,12,
4. Nov. 2021 06:45,44,28,16,
4. Nov. 2021 07:00,50,32,18,
4. Nov. 2021 07:15,59,36,23,
4. Nov. 2021 07:30,107,56,51,
4. Nov. 2021 07:45,234,168,66,
4. Nov. 2021 08:00,148,79,69,
4. Nov. 2021 08:15,91,56,35,
4. Nov. 2021 08:30,122,76,46,
4. Nov. 2021 08:45,129,71,58,
4. Nov. 2021 09:00,138,70,68,
4. Nov. 2021 09:15,91,48,43,
4. Nov. 2021 09:30,177,95,82,
4. Nov. 2021 09:45,110,61,49,
4. Nov. 2021 10:00,80,51,29,
4. Nov. 2021 10:15,70,45,25,
4. Nov. 2021 10:30,69,41,28,
4. Nov. 2021 10:45,90,47,43,
4. Nov. 2021 11:00,98,47,51,
4. Nov. 2021 11:15,166,92,74,
4. Nov. 2021 11:30,77,39,38,
4. Nov. 2021 11:45,85,42,43,
4. Nov. 2021 12:00,94,47,47,
4. Nov. 2021 12:15,85,39,46,
4. Nov. 2021 12:30,104,48,56,
4. Nov. 2021 12:45,109,50,59,
4. Nov. 2021 13:00,143,47,96,
4. Nov. 2021 13:15,123,59,64,
4. Nov. 2021 13:30,108,60,48,
4. Nov. 2021 13:45,174,109,65,
4. Nov. 2021 14:00,102,57,45,
4. Nov. 2021 14:15,121,73,48,
4. Nov. 2021 14:30,117,53,64,
4. Nov. 2021 14:45,120,70,50,
4. Nov. 2021 15:00,105,52,53,
4. Nov. 2021 15:15,112,56,56,
4. Nov. 2021 15:30,218,87,131,
4. Nov. 2021 15:45,166,71,95,
4. Nov. 2021 16:00,142,56,86,
4. Nov. 2021 16:15,159,76,83,
4. Nov. 2021 16:30,187,96,91,
4. Nov. 2021 16:45,190,75,115,
4. Nov. 2021 17:00,216,104,112,
4. Nov. 2021 17:15,196,99,97,
4. Nov. 2021 17:30,166,79,87,
4. Nov. 2021 17:45,165,68,97,
4. Nov. 2021 18:00,149,56,93,
4. Nov. 2021 18:15,139,56,83,
4. Nov. 2021 18:30,130,66,64,
4. Nov. 2021 18:45,146,78,68,
4. Nov. 2021 19:00,135,57,78,
4. Nov. 2021 19:15,117,61,56,
4. Nov. 2021 19:30,104,47,57,
4. Nov. 2021 19:45,100,53,47,
4. Nov. 2021 20:00,91,33,58,
4. Nov. 2021 20:15,83,48,35,
4. Nov. 2021 20:30,69,30,39,
4. Nov. 2021 20:45,41,19,22,
4. Nov. 2021 21:00,42,24,18,
4. Nov. 2021 21:15,39,13,26,
4. Nov. 2021 21:30,46,17,29,
4. Nov. 2021 21:45,48,15,33,
4. Nov. 2021 22:00,70,32,38,
4. Nov. 2021 22:15,49,20,29,
4. Nov. 2021 22:30,42,18,24,
4. Nov. 2021 22:45,33,13,20,
4. Nov. 2021 23:00,44,19,25,
4. Nov. 2021 23:15,25,9,16,
4. Nov. 2021 23:30,26,15,11,
4. Nov. 2021 23:45,26,8,18,
5. Nov. 2021 00:00,21,6,15,
5. Nov. 2021 00:15,29,18,11,
5. Nov. 2021 00:30,11,8,3,
5. Nov. 2021 00:45,10,3,7,
5. Nov. 2021 01:00,11,2,9,
5. Nov. 2021 01:15,13,4,9,
5. Nov. 2021 01:30,4,1,3,
5. Nov. 2021 01:45,5,1,4,
5. Nov. 2021 02:00,5,2,3,
5. Nov. 2021 02:15,5,0,5,
5. Nov. 2021 02:30,1,0,1,
5. Nov. 2021 02:45,1,1,0,
5. Nov. 2021 03:00,1,0,1,
5. Nov. 2021 03:15,1,1,0,
5. Nov. 2021 03:30,3,0,3,
5. Nov. 2021 03:45,3,2,1,
5. Nov. 2021 04:00,3,0,3,
5. Nov. 2021 04:15,1,0,1,
5. Nov. 2021 04:30,1,1,0,
5. Nov. 2021 04:45,3,1,2,
5. Nov. 2021 05:00,7,5,2,
5. Nov. 2021 05:15,6,1,5,
5. Nov. 2021 05:30,12,9,3,
5. Nov. 2021 05:45,29,24,5,
5. Nov. 2021 06:00,15,11,4,
5. Nov. 2021 06:15,28,14,14,
5. Nov. 2021 06:30,44,24,20,
5. Nov. 2021 06:45,54,35,19,
5. Nov. 2021 07:00,43,18,25,
5. Nov. 2021 07:15,85,50,35,
5. Nov. 2021 07:30,104,65,39,
5. Nov. 2021 07:45,182,109,73,
5. Nov. 2021 08:00,126,80,46,
5. Nov. 2021 08:15,119,71,48,
5. Nov. 2021 08:30,120,58,62,
5. Nov. 2021 08:45,138,85,53,
5. Nov. 2021 09:00,120,64,56,
5. Nov. 2021 09:15,116,71,45,
5. Nov. 2021 09:30,154,101,53,
5. Nov. 2021 09:45,147,95,52,
5. Nov. 2021 10:00,84,48,36,
5. Nov. 2021 10:15,80,50,30,
5. Nov. 2021 10:30,107,55,52,
5. Nov. 2021 10:45,112,58,54,
5. Nov. 2021 11:00,119,74,45,
5. Nov. 2021 11:15,147,74,73,
5. Nov. 2021 11:30,110,60,50,
5. Nov. 2021 11:45,104,51,53,
5. Nov. 2021 12:00,129,63,66,
5. Nov. 2021 12:15,104,49,55,
5. Nov. 2021 12:30,120,51,69,
5. Nov. 2021 12:45,137,62,75,
5. Nov. 2021 13:00,158,67,91,
5. Nov. 2021 13:15,121,62,59,
5. Nov. 2021 13:30,138,54,84,
5. Nov. 2021 13:45,150,73,77,
5. Nov. 2021 14:00,122,62,60,
5. Nov. 2021 14:15,160,90,70,
5. Nov. 2021 14:30,166,76,90,
5. Nov. 2021 14:45,122,60,62,
5. Nov. 2021 15:00,123,66,57,
5. Nov. 2021 15:15,120,60,60,
5. Nov. 2021 15:30,152,67,85,
5. Nov. 2021 15:45,132,64,68,
5. Nov. 2021 16:00,155,63,92,
5. Nov. 2021 16:15,162,69,93,
5. Nov. 2021 16:30,164,85,79,
5. Nov. 2021 16:45,156,66,90,
5. Nov. 2021 17:00,185,72,113,
5. Nov. 2021 17:15,180,85,95,
5. Nov. 2021 17:30,145,74,71,
5. Nov. 2021 17:45,163,87,76,
5. Nov. 2021 18:00,136,48,88,
5. Nov. 2021 18:15,135,63,72,
5. Nov. 2021 18:30,136,49,87,
5. Nov. 2021 18:45,117,62,55,
5. Nov. 2021 19:00,123,50,73,
5. Nov. 2021 19:15,98,44,54,
5. Nov. 2021 19:30,79,42,37,
5. Nov. 2021 19:45,99,52,47,
5. Nov. 2021 20:00,80,39,41,
5. Nov. 2021 20:15,74,36,38,
5. Nov. 2021 20:30,69,37,32,
5. Nov. 2021 20:45,67,39,28,
5. Nov. 2021 21:00,62,38,24,
5. Nov. 2021 21:15,49,30,19,
5. Nov. 2021 21:30,52,14,38,
5. Nov. 2021 21:45,47,24,23,
5. Nov. 2021 22:00,45,21,24,
5. Nov. 2021 22:15,58,25,33,
5. Nov. 2021 22:30,43,23,20,
5. Nov. 2021 22:45,33,14,19,
5. Nov. 2021 23:00,32,10,22,
5. Nov. 2021 23:15,21,10,11,
5. Nov. 2021 23:30,45,20,25,
5. Nov. 2021 23:45,31,13,18,
6. Nov. 2021 00:00,41,24,17,
6. Nov. 2021 00:15,28,13,15,
6. Nov. 2021 00:30,31,17,14,
6. Nov. 2021 00:45,47,10,37,
6. Nov. 2021 01:00,17,3,14,
6. Nov. 2021 01:15,23,6,17,
6. Nov. 2021 01:30,14,8,6,
6. Nov. 2021 01:45,31,7,24,
6. Nov. 2021 02:00,19,5,14,
6. Nov. 2021 02:15,24,3,21,
6. Nov. 2021 02:30,13,3,10,
6. Nov. 2021 02:45,19,4,15,
6. Nov. 2021 03:00,14,2,12,
6. Nov. 2021 03:15,11,5,6,
6. Nov. 2021 03:30,17,4,13,
6. Nov. 2021 03:45,12,1,11,
6. Nov. 2021 04:00,16,3,13,
6. Nov. 2021 04:15,5,4,1,
6. Nov. 2021 04:30,4,1,3,
6. Nov. 2021 04:45,4,1,3,
6. Nov. 2021 05:00,7,5,2,
6. Nov. 2021 05:15,6,3,3,
6. Nov. 2021 05:30,9,2,7,
6. Nov. 2021 05:45,7,6,1,
6. Nov. 2021 06:00,16,11,5,
6. Nov. 2021 06:15,9,4,5,
6. Nov. 2021 06:30,15,7,8,
6. Nov. 2021 06:45,21,7,14,
6. Nov. 2021 07:00,9,6,3,
6. Nov. 2021 07:15,17,11,6,
6. Nov. 2021 07:30,23,11,12,
6. Nov. 2021 07:45,12,4,8,
6. Nov. 2021 08:00,26,20,6,
6. Nov. 2021 08:15,32,20,12,
6. Nov. 2021 08:30,49,31,18,
6. Nov. 2021 08:45,81,51,30,
6. Nov. 2021 09:00,43,25,18,
6. Nov. 2021 09:15,92,52,40,
6. Nov. 2021 09:30,60,29,31,
6. Nov. 2021 09:45,104,63,41,
6. Nov. 2021 10:00,77,47,30,
6. Nov. 2021 10:15,109,67,42,
6. Nov. 2021 10:30,85,37,48,
6. Nov. 2021 10:45,126,73,53,
6. Nov. 2021 11:00,101,51,50,
6. Nov. 2021 11:15,106,50,56,
6. Nov. 2021 11:30,117,63,54,
6. Nov. 2021 11:45,112,58,54,
6. Nov. 2021 12:00,135,57,78,
6. Nov. 2021 12:15,105,69,36,
6. Nov. 2021 12:30,128,73,55,
6. Nov. 2021 12:45,115,65,50,
6. Nov. 2021 13:00,132,62,70,
6. Nov. 2021 13:15,116,60,56,
6. Nov. 2021 13:30,130,77,53,
6. Nov. 2021 13:45,131,69,62,
6. Nov. 2021 14:00,131,71,60,
6. Nov. 2021 14:15,129,76,53,
6. Nov. 2021 14:30,123,58,65,
6. Nov. 2021 14:45,126,70,56,
6. Nov. 2021 15:00,127,54,73,
6. Nov. 2021 15:15,127,51,76,
6. Nov. 2021 15:30,134,71,63,
6. Nov. 2021 15:45,130,63,67,
6. Nov. 2021 16:00,103,54,49,
6. Nov. 2021 16:15,154,65,89,
6. Nov. 2021 16:30,127,57,70,
6. Nov. 2021 16:45,127,61,66,
6. Nov. 2021 17:00,113,51,62,
6. Nov. 2021 17:15,102,51,51,
6. Nov. 2021 17:30,113,45,68,
6. Nov. 2021 17:45,115,45,70,
6. Nov. 2021 18:00,119,50,69,
6. Nov. 2021 18:15,122,58,64,
6. Nov. 2021 18:30,82,30,52,
6. Nov. 2021 18:45,96,45,51,
6. Nov. 2021 19:00,80,42,38,
6. Nov. 2021 19:15,62,29,33,
6. Nov. 2021 19:30,60,28,32,
6. Nov. 2021 19:45,76,51,25,
6. Nov. 2021 20:00,61,32,29,
6. Nov. 2021 20:15,54,23,31,
6. Nov. 2021 20:30,68,30,38,
6. Nov. 2021 20:45,52,28,24,
6. Nov. 2021 21:00,32,20,12,
6. Nov. 2021 21:15,50,28,22,
6. Nov. 2021 21:30,42,20,22,
6. Nov. 2021 21:45,32,13,19,
6. Nov. 2021 22:00,34,22,12,
6. Nov. 2021 22:15,36,17,19,
6. Nov. 2021 22:30,40,22,18,
6. Nov. 2021 22:45,42,16,26,
6. Nov. 2021 23:00,36,17,19,
6. Nov. 2021 23:15,40,13,27,
6. Nov. 2021 23:30,27,11,16,
6. Nov. 2021 23:45,20,10,10,
7. Nov. 2021 00:00,40,17,23,
7. Nov. 2021 00:15,33,14,19,
7. Nov. 2021 00:30,19,4,15,
7. Nov. 2021 00:45,33,7,26,
7. Nov. 2021 01:00,34,8,26,
7. Nov. 2021 01:15,31,6,25,
7. Nov. 2021 01:30,17,3,14,
7. Nov. 2021 01:45,24,5,19,
7. Nov. 2021 02:00,29,8,21,
7. Nov. 2021 02:15,18,10,8,
7. Nov. 2021 02:30,12,2,10,
7. Nov. 2021 02:45,20,6,14,
7. Nov. 2021 03:00,23,10,13,
7. Nov. 2021 03:15,14,2,12,
7. Nov. 2021 03:30,15,3,12,
7. Nov. 2021 03:45,12,5,7,
7. Nov. 2021 04:00,3,1,2,
7. Nov. 2021 04:15,8,1,7,
7. Nov. 2021 04:30,4,1,3,
7. Nov. 2021 04:45,6,3,3,
7. Nov. 2021 05:00,7,1,6,
7. Nov. 2021 05:15,0,0,0,
7. Nov. 2021 05:30,9,4,5,
7. Nov. 2021 05:45,11,7,4,
7. Nov. 2021 06:00,5,3,2,
7. Nov. 2021 06:15,6,6,0,
7. Nov. 2021 06:30,6,3,3,
7. Nov. 2021 06:45,4,3,1,
7. Nov. 2021 07:00,11,6,5,
7. Nov. 2021 07:15,11,7,4,
7. Nov. 2021 07:30,5,2,3,
7. Nov. 2021 07:45,7,1,6,
7. Nov. 2021 08:00,8,5,3,
7. Nov. 2021 08:15,9,7,2,
7. Nov. 2021 08:30,12,5,7,
7. Nov. 2021 08:45,25,15,10,
7. Nov. 2021 09:00,20,8,12,
7. Nov. 2021 09:15,25,9,16,
7. Nov. 2021 09:30,37,22,15,
7. Nov. 2021 09:45,72,51,21,
7. Nov. 2021 10:00,38,15,23,
7. Nov. 2021 10:15,37,19,18,
7. Nov. 2021 10:30,58,26,32,
7. Nov. 2021 10:45,52,26,26,
7. Nov. 2021 11:00,55,30,25,
7. Nov. 2021 11:15,63,25,38,
7. Nov. 2021 11:30,63,23,40,
7. Nov. 2021 11:45,63,32,31,
7. Nov. 2021 12:00,60,28,32,
7. Nov. 2021 12:15,77,35,42,
7. Nov. 2021 12:30,64,30,34,
7. Nov. 2021 12:45,64,37,27,
7. Nov. 2021 13:00,74,35,39,
7. Nov. 2021 13:15,60,24,36,
7. Nov. 2021 13:30,72,37,35,
7. Nov. 2021 13:45,77,40,37,
7. Nov. 2021 14:00,80,36,44,
7. Nov. 2021 14:15,93,48,45,
7. Nov. 2021 14:30,73,40,33,
7. Nov. 2021 14:45,133,63,70,
7. Nov. 2021 15:00,80,37,43,
7. Nov. 2021 15:15,99,55,44,
7. Nov. 2021 15:30,79,43,36,
7. Nov. 2021 15:45,94,55,39,
7. Nov. 2021 16:00,71,34,37,
7. Nov. 2021 16:15,93,41,52,
7. Nov. 2021 16:30,74,33,41,
7. Nov. 2021 16:45,68,30,38,
7. Nov. 2021 17:00,81,36,45,
7. Nov. 2021 17:15,74,33,41,
7. Nov. 2021 17:30,69,36,33,
7. Nov. 2021 17:45,73,40,33,
7. Nov. 2021 18:00,57,30,27,
7. Nov. 2021 18:15,43,31,12,
7. Nov. 2021 18:30,68,45,23,
7. Nov. 2021 18:45,50,29,21,
7. Nov. 2021 19:00,52,19,33,
7. Nov. 2021 19:15,37,18,19,
7. Nov. 2021 19:30,35,14,21,
7. Nov. 2021 19:45,59,32,27,
7. Nov. 2021 20:00,31,11,20,
7. Nov. 2021 20:15,35,15,20,
7. Nov. 2021 20:30,21,9,12,
7. Nov. 2021 20:45,29,12,17,
7. Nov. 2021 21:00,29,9,20,
7. Nov. 2021 21:15,15,6,9,
7. Nov. 2021 21:30,28,14,14,
7. Nov. 2021 21:45,27,15,12,
7. Nov. 2021 22:00,34,19,15,
7. Nov. 2021 22:15,30,16,14,
7. Nov. 2021 22:30,21,5,16,
7. Nov. 2021 22:45,9,4,5,
7. Nov. 2021 23:00,17,8,9,
7. Nov. 2021 23:15,23,15,8,
7. Nov. 2021 23:30,8,1,7,
7. Nov. 2021 23:45,13,6,7,
8. Nov. 2021 00:00,16,8,8,
8. Nov. 2021 00:15,4,2,2,
8. Nov. 2021 00:30,3,0,3,
8. Nov. 2021 00:45,4,4,0,
8. Nov. 2021 01:00,6,3,3,
8. Nov. 2021 01:15,1,1,0,
8. Nov. 2021 01:30,1,0,1,
8. Nov. 2021 01:45,2,2,0,
8. Nov. 2021 02:00,1,1,0,
8. Nov. 2021 02:15,0,0,0,
8. Nov. 2021 02:30,2,1,1,
8. Nov. 2021 02:45,3,0,3,
8. Nov. 2021 03:00,3,0,3,
8. Nov. 2021 03:15,3,2,1,
8. Nov. 2021 03:30,1,0,1,
8. Nov. 2021 03:45,0,0,0,
8. Nov. 2021 04:00,0,0,0,
8. Nov. 2021 04:15,4,1,3,
8. Nov. 2021 04:30,5,2,3,
8. Nov. 2021 04:45,1,1,0,
8. Nov. 2021 05:00,1,0,1,
8. Nov. 2021 05:15,5,2,3,
8. Nov. 2021 05:30,12,3,9,
8. Nov. 2021 05:45,29,18,11,
8. Nov. 2021 06:00,25,18,7,
8. Nov. 2021 06:15,30,19,11,
8. Nov. 2021 06:30,37,19,18,
8. Nov. 2021 06:45,80,47,33,
8. Nov. 2021 07:00,83,43,40,
8. Nov. 2021 07:15,241,158,83,
8. Nov. 2021 07:30,464,289,175,
8. Nov. 2021 07:45,298,202,96,
8. Nov. 2021 08:00,150,75,75,
8. Nov. 2021 08:15,176,103,73,
8. Nov. 2021 08:30,186,108,78,
8. Nov. 2021 08:45,196,112,84,
8. Nov. 2021 09:00,115,65,50,
8. Nov. 2021 09:15,156,93,63,
8. Nov. 2021 09:30,223,148,75,
8. Nov. 2021 09:45,129,90,39,
8. Nov. 2021 10:00,97,59,38,
8. Nov. 2021 10:15,76,35,41,
8. Nov. 2021 10:30,93,46,47,
8. Nov. 2021 10:45,105,55,50,
8. Nov. 2021 11:00,106,51,55,
8. Nov. 2021 11:15,199,107,92,
8. Nov. 2021 11:30,118,57,61,
8. Nov. 2021 11:45,114,57,57,
8. Nov. 2021 12:00,124,59,65,
8. Nov. 2021 12:15,141,63,78,
8. Nov. 2021 12:30,157,63,94,
8. Nov. 2021 12:45,139,56,83,
8. Nov. 2021 13:00,327,103,224,
8. Nov. 2021 13:15,171,71,100,
8. Nov. 2021 13:30,171,87,84,
8. Nov. 2021 13:45,270,158,112,
8. Nov. 2021 14:00,135,59,76,
8. Nov. 2021 14:15,141,81,60,
8. Nov. 2021 14:30,146,68,78,
8. Nov. 2021 14:45,165,85,80,
8. Nov. 2021 15:00,140,84,56,
8. Nov. 2021 15:15,178,99,79,
8. Nov. 2021 15:30,365,139,226,
8. Nov. 2021 15:45,225,112,113,
8. Nov. 2021 16:00,199,91,108,
8. Nov. 2021 16:15,216,102,114,
8. Nov. 2021 16:30,175,80,95,
8. Nov. 2021 16:45,227,112,115,
8. Nov. 2021 17:00,196,93,103,
8. Nov. 2021 17:15,322,145,177,
8. Nov. 2021 17:30,255,106,149,
8. Nov. 2021 17:45,200,85,115,
8. Nov. 2021 18:00,208,90,118,
8. Nov. 2021 18:15,169,70,99,
8. Nov. 2021 18:30,169,75,94,
8. Nov. 2021 18:45,173,83,90,
8. Nov. 2021 19:00,185,71,114,
8. Nov. 2021 19:15,165,75,90,
8. Nov. 2021 19:30,120,45,75,
8. Nov. 2021 19:45,118,44,74,
8. Nov. 2021 20:00,103,40,63,
8. Nov. 2021 20:15,97,52,45,
8. Nov. 2021 20:30,61,24,37,
8. Nov. 2021 20:45,67,28,39,
8. Nov. 2021 21:00,50,24,26,
8. Nov. 2021 21:15,51,30,21,
8. Nov. 2021 21:30,42,15,27,
8. Nov. 2021 21:45,44,14,30,
8. Nov. 2021 22:00,43,20,23,
8. Nov. 2021 22:15,59,20,39,
8. Nov. 2021 22:30,42,17,25,
8. Nov. 2021 22:45,30,18,12,
8. Nov. 2021 23:00,29,6,23,
8. Nov. 2021 23:15,15,11,4,
8. Nov. 2021 23:30,20,10,10,
8. Nov. 2021 23:45,14,10,4,
9. Nov. 2021 00:00,12,6,6,
9. Nov. 2021 00:15,7,3,4,
9. Nov. 2021 00:30,4,3,1,
9. Nov. 2021 00:45,7,7,0,
9. Nov. 2021 01:00,11,3,8,
9. Nov. 2021 01:15,3,3,0,
9. Nov. 2021 01:30,0,0,0,
9. Nov. 2021 01:45,1,0,1,
9. Nov. 2021 02:00,4,3,1,
9. Nov. 2021 02:15,1,0,1,
9. Nov. 2021 02:30,5,4,1,
9. Nov. 2021 02:45,1,0,1,
9. Nov. 2021 03:00,4,2,2,
9. Nov. 2021 03:15,3,3,0,
9. Nov. 2021 03:30,1,0,1,
9. Nov. 2021 03:45,0,0,0,
9. Nov. 2021 04:00,0,0,0,
9. Nov. 2021 04:15,3,1,2,
9. Nov. 2021 04:30,2,1,1,
9. Nov. 2021 04:45,3,3,0,
9. Nov. 2021 05:00,4,4,0,
9. Nov. 2021 05:15,4,2,2,
9. Nov. 2021 05:30,13,5,8,
9. Nov. 2021 05:45,23,19,4,
9. Nov. 2021 06:00,21,11,10,
9. Nov. 2021 06:15,43,29,14,
9. Nov. 2021 06:30,60,32,28,
9. Nov. 2021 06:45,77,43,34,
9. Nov. 2021 07:00,77,40,37,
9. Nov. 2021 07:15,225,167,58,
9. Nov. 2021 07:30,387,224,163,
9. Nov. 2021 07:45,369,240,129,
9. Nov. 2021 08:00,208,95,113,
9. Nov. 2021 08:15,205,113,92,
9. Nov. 2021 08:30,188,102,86,
9. Nov. 2021 08:45,189,129,60,
9. Nov. 2021 09:00,159,98,61,
9. Nov. 2021 09:15,201,111,90,
9. Nov. 2021 09:30,245,143,102,
9. Nov. 2021 09:45,159,93,66,
9. Nov. 2021 10:00,96,67,29,
9. Nov. 2021 10:15,113,56,57,
9. Nov. 2021 10:30,125,64,61,
9. Nov. 2021 10:45,117,68,49,
9. Nov. 2021 11:00,145,78,67,
9. Nov. 2021 11:15,220,123,97,
9. Nov. 2021 11:30,127,64,63,
9. Nov. 2021 11:45,131,67,64,
9. Nov. 2021 12:00,139,61,78,
9. Nov. 2021 12:15,185,76,109,
9. Nov. 2021 12:30,186,75,111,
9. Nov. 2021 12:45,174,82,92,
9. Nov. 2021 13:00,334,93,241,
9. Nov. 2021 13:15,201,95,106,
9. Nov. 2021 13:30,176,100,76,
9. Nov. 2021 13:45,246,161,85,
9. Nov. 2021 14:00,143,66,77,
9. Nov. 2021 14:15,159,88,71,
9. Nov. 2021 14:30,145,65,80,
9. Nov. 2021 14:45,159,75,84,
9. Nov. 2021 15:00,173,87,86,
9. Nov. 2021 15:15,190,97,93,
9. Nov. 2021 15:30,380,155,225,
9. Nov. 2021 15:45,276,152,124,
9. Nov. 2021 16:00,245,111,134,
9. Nov. 2021 16:15,228,107,121,
9. Nov. 2021 16:30,208,80,128,
9. Nov. 2021 16:45,232,108,124,
9. Nov. 2021 17:00,255,107,148,
9. Nov. 2021 17:15,348,142,206,
9. Nov. 2021 17:30,225,106,119,
9. Nov. 2021 17:45,206,91,115,
9. Nov. 2021 18:00,204,89,115,
9. Nov. 2021 18:15,185,89,96,
9. Nov. 2021 18:30,172,78,94,
9. Nov. 2021 18:45,207,114,93,
9. Nov. 2021 19:00,183,80,103,
9. Nov. 2021 19:15,132,72,60,
9. Nov. 2021 19:30,112,48,64,
9. Nov. 2021 19:45,110,58,52,
9. Nov. 2021 20:00,102,44,58,
9. Nov. 2021 20:15,89,42,47,
9. Nov. 2021 20:30,82,40,42,
9. Nov. 2021 20:45,78,38,40,
9. Nov. 2021 21:00,51,18,33,
9. Nov. 2021 21:15,54,16,38,
9. Nov. 2021 21:30,48,14,34,
9. Nov. 2021 21:45,66,29,37,
9. Nov. 2021 22:00,36,15,21,
9. Nov. 2021 22:15,50,14,36,
9. Nov. 2021 22:30,51,27,24,
9. Nov. 2021 22:45,32,12,20,
9. Nov. 2021 23:00,37,12,25,
9. Nov. 2021 23:15,33,15,18,
9. Nov. 2021 23:30,18,4,14,
9. Nov. 2021 23:45,23,14,9,
10. Nov. 2021 00:00,10,1,9,
10. Nov. 2021 00:15,10,4,6,
10. Nov. 2021 00:30,7,3,4,
10. Nov. 2021 00:45,5,2,3,
10. Nov. 2021 01:00,9,2,7,
10. Nov. 2021 01:15,9,2,7,
10. Nov. 2021 01:30,1,1,0,
10. Nov. 2021 01:45,1,0,1,
10. Nov. 2021 02:00,1,0,1,
10. Nov. 2021 02:15,4,2,2,
10. Nov. 2021 02:30,2,0,2,
10. Nov. 2021 02:45,1,1,0,
10. Nov. 2021 03:00,0,0,0,
10. Nov. 2021 03:15,4,3,1,
10. Nov. 2021 03:30,2,0,2,
10. Nov. 2021 03:45,0,0,0,
10. Nov. 2021 04:00,3,1,2,
10. Nov. 2021 04:15,5,1,4,
10. Nov. 2021 04:30,1,1,0,
10. Nov. 2021 04:45,2,2,0,
10. Nov. 2021 05:00,4,3,1,
10. Nov. 2021 05:15,4,3,1,
10. Nov. 2021 05:30,14,4,10,
10. Nov. 2021 05:45,30,17,13,
10. Nov. 2021 06:00,26,17,9,
10. Nov. 2021 06:15,39,28,11,
10. Nov. 2021 06:30,52,29,23,
10. Nov. 2021 06:45,69,43,26,
10. Nov. 2021 07:00,72,39,33,
10. Nov. 2021 07:15,213,131,82,
10. Nov. 2021 07:30,432,271,161,
10. Nov. 2021 07:45,370,245,125,
10. Nov. 2021 08:00,198,118,80,
10. Nov. 2021 08:15,215,117,98,
10. Nov. 2021 08:30,178,108,70,
10. Nov. 2021 08:45,177,105,72,
10. Nov. 2021 09:00,125,68,57,
10. Nov. 2021 09:15,172,103,69,
10. Nov. 2021 09:30,237,140,97,
10. Nov. 2021 09:45,162,84,78,
10. Nov. 2021 10:00,96,57,39,
10. Nov. 2021 10:15,107,53,54,
10. Nov. 2021 10:30,91,56,35,
10. Nov. 2021 10:45,107,56,51,
10. Nov. 2021 11:00,105,48,57,
10. Nov. 2021 11:15,198,70,128,
10. Nov. 2021 11:30,142,58,84,
10. Nov. 2021 11:45,108,52,56,
10. Nov. 2021 12:00,123,63,60,
10. Nov. 2021 12:15,150,70,80,
10. Nov. 2021 12:30,139,72,67,
10. Nov. 2021 12:45,156,62,94,
10. Nov. 2021 13:00,369,114,255,
10. Nov. 2021 13:15,167,91,76,
10. Nov. 2021 13:30,168,93,75,
10. Nov. 2021 13:45,240,158,82,
10. Nov. 2021 14:00,177,90,87,
10. Nov. 2021 14:15,199,125,74,
10. Nov. 2021 14:30,158,76,82,
10. Nov. 2021 14:45,166,71,95,
10. Nov. 2021 15:00,160,67,93,
10. Nov. 2021 15:15,173,97,76,
10. Nov. 2021 15:30,344,133,211,
10. Nov. 2021 15:45,215,100,115,
10. Nov. 2021 16:00,209,89,120,
10. Nov. 2021 16:15,207,86,121,
10. Nov. 2021 16:30,198,86,112,
10. Nov. 2021 16:45,260,115,145,
10. Nov. 2021 17:00,247,120,127,
10. Nov. 2021 17:15,286,122,164,
10. Nov. 2021 17:30,217,100,117,
10. Nov. 2021 17:45,194,84,110,
10. Nov. 2021 18:00,184,89,95,
10. Nov. 2021 18:15,184,76,108,
10. Nov. 2021 18:30,159,75,84,
10. Nov. 2021 18:45,223,112,111,
10. Nov. 2021 19:00,154,64,90,
10. Nov. 2021 19:15,139,67,72,
10. Nov. 2021 19:30,105,36,69,
10. Nov. 2021 19:45,120,67,53,
10. Nov. 2021 20:00,120,52,68,
10. Nov. 2021 20:15,115,65,50,
10. Nov. 2021 20:30,75,36,39,
10. Nov. 2021 20:45,79,33,46,
10. Nov. 2021 21:00,84,36,48,
10. Nov. 2021 21:15,74,29,45,
10. Nov. 2021 21:30,60,20,40,
10. Nov. 2021 21:45,47,21,26,
10. Nov. 2021 22:00,55,27,28,
10. Nov. 2021 22:15,72,27,45,
10. Nov. 2021 22:30,48,17,31,
10. Nov. 2021 22:45,34,10,24,
10. Nov. 2021 23:00,40,10,30,
10. Nov. 2021 23:15,35,10,25,
10. Nov. 2021 23:30,19,7,12,
10. Nov. 2021 23:45,23,6,17,
11. Nov. 2021 00:00,17,8,9,
11. Nov. 2021 00:15,6,4,2,
11. Nov. 2021 00:30,7,1,6,
11. Nov. 2021 00:45,5,2,3,
11. Nov. 2021 01:00,6,2,4,
11. Nov. 2021 01:15,9,4,5,
11. Nov. 2021 01:30,7,3,4,
11. Nov. 2021 01:45,7,4,3,
11. Nov. 2021 02:00,6,3,3,
11. Nov. 2021 02:15,2,2,0,
11. Nov. 2021 02:30,2,2,0,
11. Nov. 2021 02:45,1,0,1,
11. Nov. 2021 03:00,1,1,0,
11. Nov. 2021 03:15,2,1,1,
11. Nov. 2021 03:30,2,1,1,
11. Nov. 2021 03:45,0,0,0,
11. Nov. 2021 04:00,4,4,0,
11. Nov. 2021 04:15,4,1,3,
11. Nov. 2021 04:30,3,3,0,
11. Nov. 2021 04:45,6,6,0,
11. Nov. 2021 05:00,3,3,0,
11. Nov. 2021 05:15,10,4,6,
11. Nov. 2021 05:30,19,9,10,
11. Nov. 2021 05:45,23,14,9,
11. Nov. 2021 06:00,23,13,10,
11. Nov. 2021 06:15,34,28,6,
11. Nov. 2021 06:30,53,34,19,
11. Nov. 2021 06:45,72,44,28,
11. Nov. 2021 07:00,81,38,43,
11. Nov. 2021 07:15,205,146,59,
11. Nov. 2021 07:30,372,237,135,
11. Nov. 2021 07:45,320,191,129,
11. Nov. 2021 08:00,187,89,98,
11. Nov. 2021 08:15,210,103,107,
11. Nov. 2021 08:30,187,110,77,
11. Nov. 2021 08:45,180,107,73,
11. Nov. 2021 09:00,143,78,65,
11. Nov. 2021 09:15,172,104,68,
11. Nov. 2021 09:30,244,137,107,
11. Nov. 2021 09:45,146,91,55,
11. Nov. 2021 10:00,88,56,32,
11. Nov. 2021 10:15,101,63,38,
11. Nov. 2021 10:30,82,44,38,
11. Nov. 2021 10:45,117,63,54,
11. Nov. 2021 11:00,108,58,50,
11. Nov. 2021 11:15,200,119,81,
11. Nov. 2021 11:30,116,58,58,
11. Nov. 2021 11:45,134,63,71,
11. Nov. 2021 12:00,123,57,66,
11. Nov. 2021 12:15,171,69,102,
11. Nov. 2021 12:30,159,71,88,
11. Nov. 2021 12:45,177,75,102,
11. Nov. 2021 13:00,305,90,215,
11. Nov. 2021 13:15,177,70,107,
11. Nov. 2021 13:30,181,105,76,
11. Nov. 2021 13:45,227,134,93,
11. Nov. 2021 14:00,137,77,60,
11. Nov. 2021 14:15,162,79,83,
11. Nov. 2021 14:30,178,81,97,
11. Nov. 2021 14:45,189,94,95,
11. Nov. 2021 15:00,179,81,98,
11. Nov. 2021 15:15,192,93,99,
11. Nov. 2021 15:30,381,161,220,
11. Nov. 2021 15:45,239,114,125,
11. Nov. 2021 16:00,204,108,96,
11. Nov. 2021 16:15,187,81,106,
11. Nov. 2021 16:30,236,114,122,
11. Nov. 2021 16:45,199,99,100,
11. Nov. 2021 17:00,205,98,107,
11. Nov. 2021 17:15,303,134,169,
11. Nov. 2021 17:30,223,114,109,
11. Nov. 2021 17:45,199,108,91,
11. Nov. 2021 18:00,219,82,137,
11. Nov. 2021 18:15,210,98,112,
11. Nov. 2021 18:30,232,109,123,
11. Nov. 2021 18:45,202,103,99,
11. Nov. 2021 19:00,152,76,76,
11. Nov. 2021 19:15,138,67,71,
11. Nov. 2021 19:30,93,53,40,
11. Nov. 2021 19:45,112,45,67,
11. Nov. 2021 20:00,150,69,81,
11. Nov. 2021 20:15,93,40,53,
11. Nov. 2021 20:30,110,51,59,
11. Nov. 2021 20:45,88,39,49,
11. Nov. 2021 21:00,62,26,36,
11. Nov. 2021 21:15,68,29,39,
11. Nov. 2021 21:30,54,29,25,
11. Nov. 2021 21:45,63,27,36,
11. Nov. 2021 22:00,63,21,42,
11. Nov. 2021 22:15,60,17,43,
11. Nov. 2021 22:30,54,21,33,
11. Nov. 2021 22:45,58,30,28,
11. Nov. 2021 23:00,56,24,32,
11. Nov. 2021 23:15,38,12,26,
11. Nov. 2021 23:30,26,7,19,
11. Nov. 2021 23:45,48,16,32,
12. Nov. 2021 00:00,23,6,17,
12. Nov. 2021 00:15,19,2,17,
12. Nov. 2021 00:30,28,7,21,
12. Nov. 2021 00:45,19,8,11,
12. Nov. 2021 01:00,15,5,10,
12. Nov. 2021 01:15,17,2,15,
12. Nov. 2021 01:30,31,2,29,
12. Nov. 2021 01:45,13,4,9,
12. Nov. 2021 02:00,6,3,3,
12. Nov. 2021 02:15,6,1,5,
12. Nov. 2021 02:30,1,0,1,
12. Nov. 2021 02:45,3,2,1,
12. Nov. 2021 03:00,7,2,5,
12. Nov. 2021 03:15,2,0,2,
12. Nov. 2021 03:30,6,0,6,
12. Nov. 2021 03:45,0,0,0,
12. Nov. 2021 04:00,3,3,0,
12. Nov. 2021 04:15,6,2,4,
12. Nov. 2021 04:30,1,1,0,
12. Nov. 2021 04:45,1,0,1,
12. Nov. 2021 05:00,2,1,1,
12. Nov. 2021 05:15,7,3,4,
12. Nov. 2021 05:30,12,7,5,
12. Nov. 2021 05:45,28,21,7,
12. Nov. 2021 06:00,12,9,3,
12. Nov. 2021 06:15,32,22,10,
12. Nov. 2021 06:30,46,25,21,
12. Nov. 2021 06:45,70,40,30,
12. Nov. 2021 07:00,75,36,39,
12. Nov. 2021 07:15,198,131,67,
12. Nov. 2021 07:30,402,237,165,
12. Nov. 2021 07:45,251,146,105,
12. Nov. 2021 08:00,149,76,73,
12. Nov. 2021 08:15,168,97,71,
12. Nov. 2021 08:30,159,88,71,
12. Nov. 2021 08:45,196,120,76,
12. Nov. 2021 09:00,148,93,55,
12. Nov. 2021 09:15,172,120,52,
12. Nov. 2021 09:30,180,113,67,
12. Nov. 2021 09:45,136,88,48,
12. Nov. 2021 10:00,131,71,60,
12. Nov. 2021 10:15,126,74,52,
12. Nov. 2021 10:30,141,71,70,
12. Nov. 2021 10:45,134,58,76,
12. Nov. 2021 11:00,127,54,73,
12. Nov. 2021 11:15,179,90,89,
12. Nov. 2021 11:30,145,74,71,
12. Nov. 2021 11:45,138,70,68,
12. Nov. 2021 12:00,134,51,83,
12. Nov. 2021 12:15,196,94,102,
12. Nov. 2021 12:30,186,92,94,
12. Nov. 2021 12:45,186,84,102,
12. Nov. 2021 13:00,391,115,276,
12. Nov. 2021 13:15,228,107,121,
12. Nov. 2021 13:30,171,80,91,
12. Nov. 2021 13:45,187,89,98,
12. Nov. 2021 14:00,169,71,98,
12. Nov. 2021 14:15,157,101,56,
12. Nov. 2021 14:30,136,71,65,
12. Nov. 2021 14:45,188,95,93,
12. Nov. 2021 15:00,151,58,93,
12. Nov. 2021 15:15,181,96,85,
12. Nov. 2021 15:30,179,87,92,
12. Nov. 2021 15:45,190,72,118,
12. Nov. 2021 16:00,146,62,84,
12. Nov. 2021 16:15,140,64,76,
12. Nov. 2021 16:30,171,74,97,
12. Nov. 2021 16:45,177,68,109,
12. Nov. 2021 17:00,154,71,83,
12. Nov. 2021 17:15,171,85,86,
12. Nov. 2021 17:30,145,65,80,
12. Nov. 2021 17:45,148,66,82,
12. Nov. 2021 18:00,125,51,74,
12. Nov. 2021 18:15,135,65,70,
12. Nov. 2021 18:30,136,51,85,
12. Nov. 2021 18:45,139,67,72,
12. Nov. 2021 19:00,137,58,79,
12. Nov. 2021 19:15,138,77,61,
12. Nov. 2021 19:30,107,53,54,
12. Nov. 2021 19:45,98,51,47,
12. Nov. 2021 20:00,108,51,57,
12. Nov. 2021 20:15,78,42,36,
12. Nov. 2021 20:30,65,34,31,
12. Nov. 2021 20:45,69,39,30,
12. Nov. 2021 21:00,69,31,38,
12. Nov. 2021 21:15,44,27,17,
12. Nov. 2021 21:30,54,23,31,
12. Nov. 2021 21:45,38,22,16,
12. Nov. 2021 22:00,49,23,26,
12. Nov. 2021 22:15,56,25,31,
12. Nov. 2021 22:30,34,13,21,
12. Nov. 2021 22:45,43,11,32,
12. Nov. 2021 23:00,44,20,24,
12. Nov. 2021 23:15,31,11,20,
12. Nov. 2021 23:30,49,16,33,
12. Nov. 2021 23:45,31,13,18,
13. Nov. 2021 00:00,27,12,15,
13. Nov. 2021 00:15,19,6,13,
13. Nov. 2021 00:30,32,5,27,
13. Nov. 2021 00:45,26,9,17,
13. Nov. 2021 01:00,23,7,16,
13. Nov. 2021 01:15,22,8,14,
13. Nov. 2021 01:30,23,7,16,
13. Nov. 2021 01:45,19,6,13,
13. Nov. 2021 02:00,14,1,13,
13. Nov. 2021 02:15,10,3,7,
13. Nov. 2021 02:30,18,6,12,
13. Nov. 2021 02:45,11,3,8,
13. Nov. 2021 03:00,21,4,17,
13. Nov. 2021 03:15,14,5,9,
13. Nov. 2021 03:30,10,2,8,
13. Nov. 2021 03:45,4,3,1,
13. Nov. 2021 04:00,4,1,3,
13. Nov. 2021 04:15,4,3,1,
13. Nov. 2021 04:30,6,4,2,
13. Nov. 2021 04:45,2,1,1,
13. Nov. 2021 05:00,7,3,4,
13. Nov. 2021 05:15,7,3,4,
13. Nov. 2021 05:30,7,3,4,
13. Nov. 2021 05:45,9,3,6,
13. Nov. 2021 06:00,7,5,2,
13. Nov. 2021 06:15,16,13,3,
13. Nov. 2021 06:30,10,5,5,
13. Nov. 2021 06:45,11,5,6,
13. Nov. 2021 07:00,11,2,9,
13. Nov. 2021 07:15,16,7,9,
13. Nov. 2021 07:30,17,12,5,
13. Nov. 2021 07:45,23,8,15,
13. Nov. 2021 08:00,23,8,15,
13. Nov. 2021 08:15,28,21,7,
13. Nov. 2021 08:30,42,20,22,
13. Nov. 2021 08:45,50,30,20,
13. Nov. 2021 09:00,42,25,17,
13. Nov. 2021 09:15,53,30,23,
13. Nov. 2021 09:30,76,37,39,
13. Nov. 2021 09:45,95,61,34,
13. Nov. 2021 10:00,89,59,30,
13. Nov. 2021 10:15,74,40,34,
13. Nov. 2021 10:30,97,49,48,
13. Nov. 2021 10:45,82,60,22,
13. Nov. 2021 11:00,97,51,46,
13. Nov. 2021 11:15,81,36,45,
13. Nov. 2021 11:30,103,47,56,
13. Nov. 2021 11:45,92,51,41,
13. Nov. 2021 12:00,100,63,37,
13. Nov. 2021 12:15,102,44,58,
13. Nov. 2021 12:30,101,42,59,
13. Nov. 2021 12:45,116,66,50,
13. Nov. 2021 13:00,103,54,49,
13. Nov. 2021 13:15,86,40,46,
13. Nov. 2021 13:30,88,38,50,
13. Nov. 2021 13:45,106,52,54,
13. Nov. 2021 14:00,85,32,53,
13. Nov. 2021 14:15,93,42,51,
13. Nov. 2021 14:30,92,50,42,
13. Nov. 2021 14:45,107,58,49,
13. Nov. 2021 15:00,87,41,46,
13. Nov. 2021 15:15,87,38,49,
13. Nov. 2021 15:30,63,20,43,
13. Nov. 2021 15:45,86,30,56,
13. Nov. 2021 16:00,65,27,38,
13. Nov. 2021 16:15,81,34,47,
13. Nov. 2021 16:30,98,49,49,
13. Nov. 2021 16:45,99,53,46,
13. Nov. 2021 17:00,91,37,54,
13. Nov. 2021 17:15,87,38,49,
13. Nov. 2021 17:30,64,33,31,
13. Nov. 2021 17:45,96,47,49,
13. Nov. 2021 18:00,50,19,31,
13. Nov. 2021 18:15,123,41,82,
13. Nov. 2021 18:30,59,26,33,
13. Nov. 2021 18:45,83,35,48,
13. Nov. 2021 19:00,89,46,43,
13. Nov. 2021 19:15,59,31,28,
13. Nov. 2021 19:30,55,24,31,
13. Nov. 2021 19:45,80,53,27,
13. Nov. 2021 20:00,58,24,34,
13. Nov. 2021 20:15,65,28,37,
13. Nov. 2021 20:30,39,19,20,
13. Nov. 2021 20:45,49,28,21,
13. Nov. 2021 21:00,41,14,27,
13. Nov. 2021 21:15,46,22,24,
13. Nov. 2021 21:30,49,29,20,
13. Nov. 2021 21:45,41,14,27,
13. Nov. 2021 22:00,38,20,18,
13. Nov. 2021 22:15,39,18,21,
13. Nov. 2021 22:30,28,15,13,
13. Nov. 2021 22:45,49,17,32,
13. Nov. 2021 23:00,35,13,22,
13. Nov. 2021 23:15,40,16,24,
13. Nov. 2021 23:30,35,10,25,
13. Nov. 2021 23:45,32,17,15,
14. Nov. 2021 00:00,33,15,18,
14. Nov. 2021 00:15,17,7,10,
14. Nov. 2021 00:30,27,10,17,
14. Nov. 2021 00:45,26,11,15,
14. Nov. 2021 01:00,33,5,28,
14. Nov. 2021 01:15,33,15,18,
14. Nov. 2021 01:30,35,7,28,
14. Nov. 2021 01:45,12,4,8,
14. Nov. 2021 02:00,20,8,12,
14. Nov. 2021 02:15,25,11,14,
14. Nov. 2021 02:30,5,2,3,
14. Nov. 2021 02:45,9,0,9,
14. Nov. 2021 03:00,14,1,13,
14. Nov. 2021 03:15,15,4,11,
14. Nov. 2021 03:30,11,5,6,
14. Nov. 2021 03:45,7,2,5,
14. Nov. 2021 04:00,6,4,2,
14. Nov. 2021 04:15,3,0,3,
14. Nov. 2021 04:30,11,1,10,
14. Nov. 2021 04:45,2,0,2,
14. Nov. 2021 05:00,3,2,1,
14. Nov. 2021 05:15,2,1,1,
14. Nov. 2021 05:30,8,5,3,
14. Nov. 2021 05:45,8,3,5,
14. Nov. 2021 06:00,7,6,1,
14. Nov. 2021 06:15,9,8,1,
14. Nov. 2021 06:30,15,7,8,
14. Nov. 2021 06:45,5,2,3,
14. Nov. 2021 07:00,13,10,3,
14. Nov. 2021 07:15,4,0,4,
14. Nov. 2021 07:30,15,5,10,
14. Nov. 2021 07:45,21,4,17,
14. Nov. 2021 08:00,12,4,8,
14. Nov. 2021 08:15,6,5,1,
14. Nov. 2021 08:30,16,7,9,
14. Nov. 2021 08:45,15,10,5,
14. Nov. 2021 09:00,12,6,6,
14. Nov. 2021 09:15,28,15,13,
14. Nov. 2021 09:30,16,6,10,
14. Nov. 2021 09:45,39,30,9,
14. Nov. 2021 10:00,44,18,26,
14. Nov. 2021 10:15,34,19,15,
14. Nov. 2021 10:30,33,19,14,
14. Nov. 2021 10:45,60,33,27,
14. Nov. 2021 11:00,42,22,20,
14. Nov. 2021 11:15,52,35,17,
14. Nov. 2021 11:30,30,21,9,
14. Nov. 2021 11:45,41,19,22,
14. Nov. 2021 12:00,42,22,20,
14. Nov. 2021 12:15,48,16,32,
14. Nov. 2021 12:30,40,13,27,
14. Nov. 2021 12:45,51,26,25,
14. Nov. 2021 13:00,44,20,24,
14. Nov. 2021 13:15,47,23,24,
14. Nov. 2021 13:30,55,23,32,
14. Nov. 2021 13:45,50,25,25,
14. Nov. 2021 14:00,50,22,28,
14. Nov. 2021 14:15,57,26,31,
14. Nov. 2021 14:30,85,45,40,
14. Nov. 2021 14:45,82,36,46,
14. Nov. 2021 15:00,72,41,31,
14. Nov. 2021 15:15,59,29,30,
14. Nov. 2021 15:30,49,30,19,
14. Nov. 2021 15:45,68,32,36,
14. Nov. 2021 16:00,76,34,42,
14. Nov. 2021 16:15,94,42,52,
14. Nov. 2021 16:30,64,25,39,
14. Nov. 2021 16:45,62,28,34,
14. Nov. 2021 17:00,69,34,35,
14. Nov. 2021 17:15,86,50,36,
14. Nov. 2021 17:30,73,34,39,
14. Nov. 2021 17:45,67,34,33,
14. Nov. 2021 18:00,45,21,24,
14. Nov. 2021 18:15,47,27,20,
14. Nov. 2021 18:30,45,25,20,
14. Nov. 2021 18:45,52,31,21,
14. Nov. 2021 19:00,57,29,28,
14. Nov. 2021 19:15,40,22,18,
14. Nov. 2021 19:30,39,10,29,
14. Nov. 2021 19:45,54,24,30,
14. Nov. 2021 20:00,42,27,15,
14. Nov. 2021 20:15,53,29,24,
14. Nov. 2021 20:30,40,26,14,
14. Nov. 2021 20:45,41,16,25,
14. Nov. 2021 21:00,24,10,14,
14. Nov. 2021 21:15,20,9,11,
14. Nov. 2021 21:30,30,13,17,
14. Nov. 2021 21:45,8,5,3,
14. Nov. 2021 22:00,26,9,17,
14. Nov. 2021 22:15,22,14,8,
14. Nov. 2021 22:30,30,18,12,
14. Nov. 2021 22:45,17,8,9,
14. Nov. 2021 23:00,18,10,8,
14. Nov. 2021 23:15,17,6,11,
14. Nov. 2021 23:30,9,6,3,
14. Nov. 2021 23:45,6,4,2,
15. Nov. 2021 00:00,7,2,5,
15. Nov. 2021 00:15,3,1,2,
15. Nov. 2021 00:30,5,2,3,
15. Nov. 2021 00:45,12,3,9,
15. Nov. 2021 01:00,4,2,2,
15. Nov. 2021 01:15,2,1,1,
15. Nov. 2021 01:30,2,2,0,
15. Nov. 2021 01:45,1,0,1,
15. Nov. 2021 02:00,1,1,0,
15. Nov. 2021 02:15,3,2,1,
15. Nov. 2021 02:30,3,1,2,
15. Nov. 2021 02:45,1,1,0,
15. Nov. 2021 03:00,0,0,0,
15. Nov. 2021 03:15,0,0,0,
15. Nov. 2021 03:30,0,0,0,
15. Nov. 2021 03:45,0,0,0,
15. Nov. 2021 04:00,0,0,0,
15. Nov. 2021 04:15,1,1,0,
15. Nov. 2021 04:30,4,1,3,
15. Nov. 2021 04:45,1,1,0,
15. Nov. 2021 05:00,2,2,0,
15. Nov. 2021 05:15,10,7,3,
15. Nov. 2021 05:30,9,4,5,
15. Nov. 2021 05:45,19,11,8,
15. Nov. 2021 06:00,26,17,9,
15. Nov. 2021 06:15,29,22,7,
15. Nov. 2021 06:30,41,24,17,
15. Nov. 2021 06:45,61,33,28,
15. Nov. 2021 07:00,80,36,44,
15. Nov. 2021 07:15,208,146,62,
15. Nov. 2021 07:30,448,295,153,
15. Nov. 2021 07:45,255,150,105,
15. Nov. 2021 08:00,170,83,87,
15. Nov. 2021 08:15,186,103,83,
15. Nov. 2021 08:30,185,108,77,
15. Nov. 2021 08:45,182,108,74,
15. Nov. 2021 09:00,153,87,66,
15. Nov. 2021 09:15,162,90,72,
15. Nov. 2021 09:30,206,141,65,
15. Nov. 2021 09:45,157,102,55,
15. Nov. 2021 10:00,107,64,43,
15. Nov. 2021 10:15,91,47,44,
15. Nov. 2021 10:30,75,36,39,
15. Nov. 2021 10:45,82,44,38,
15. Nov. 2021 11:00,114,56,58,
15. Nov. 2021 11:15,205,113,92,
15. Nov. 2021 11:30,125,49,76,
15. Nov. 2021 11:45,136,54,82,
15. Nov. 2021 12:00,102,47,55,
15. Nov. 2021 12:15,131,61,70,
15. Nov. 2021 12:30,133,54,79,
15. Nov. 2021 12:45,161,81,80,
15. Nov. 2021 13:00,312,92,220,
15. Nov. 2021 13:15,171,79,92,
15. Nov. 2021 13:30,184,88,96,
15. Nov. 2021 13:45,230,148,82,
15. Nov. 2021 14:00,119,58,61,
15. Nov. 2021 14:15,142,70,72,
15. Nov. 2021 14:30,130,71,59,
15. Nov. 2021 14:45,166,72,94,
15. Nov. 2021 15:00,120,62,58,
15. Nov. 2021 15:15,182,95,87,
15. Nov. 2021 15:30,336,146,190,
15. Nov. 2021 15:45,223,83,140,
15. Nov. 2021 16:00,188,78,110,
15. Nov. 2021 16:15,222,115,107,
15. Nov. 2021 16:30,162,76,86,
15. Nov. 2021 16:45,191,89,102,
15. Nov. 2021 17:00,206,95,111,
15. Nov. 2021 17:15,320,142,178,
15. Nov. 2021 17:30,205,93,112,
15. Nov. 2021 17:45,199,94,105,
15. Nov. 2021 18:00,174,71,103,
15. Nov. 2021 18:15,168,84,84,
15. Nov. 2021 18:30,141,45,96,
15. Nov. 2021 18:45,192,102,90,
15. Nov. 2021 19:00,191,81,110,
15. Nov. 2021 19:15,158,85,73,
15. Nov. 2021 19:30,92,37,55,
15. Nov. 2021 19:45,106,51,55,
15. Nov. 2021 20:00,102,36,66,
15. Nov. 2021 20:15,99,50,49,
15. Nov. 2021 20:30,78,37,41,
15. Nov. 2021 20:45,67,26,41,
15. Nov. 2021 21:00,52,13,39,
15. Nov. 2021 21:15,54,33,21,
15. Nov. 2021 21:30,45,18,27,
15. Nov. 2021 21:45,40,14,26,
15. Nov. 2021 22:00,55,24,31,
15. Nov. 2021 22:15,59,23,36,
15. Nov. 2021 22:30,41,17,24,
15. Nov. 2021 22:45,21,8,13,
15. Nov. 2021 23:00,32,5,27,
15. Nov. 2021 23:15,26,9,17,
15. Nov. 2021 23:30,15,5,10,
15. Nov. 2021 23:45,17,4,13,
16. Nov. 2021 00:00,14,7,7,
16. Nov. 2021 00:15,8,4,4,
16. Nov. 2021 00:30,6,2,4,
16. Nov. 2021 00:45,5,3,2,
16. Nov. 2021 01:00,7,1,6,
16. Nov. 2021 01:15,5,2,3,
16. Nov. 2021 01:30,5,2,3,
16. Nov. 2021 01:45,5,3,2,
16. Nov. 2021 02:00,6,4,2,
16. Nov. 2021 02:15,8,6,2,
16. Nov. 2021 02:30,0,0,0,
16. Nov. 2021 02:45,1,0,1,
16. Nov. 2021 03:00,5,5,0,
16. Nov. 2021 03:15,6,3,3,
16. Nov. 2021 03:30,0,0,0,
16. Nov. 2021 03:45,2,1,1,
16. Nov. 2021 04:00,1,0,1,
16. Nov. 2021 04:15,3,3,0,
16. Nov. 2021 04:30,6,5,1,
16. Nov. 2021 04:45,3,3,0,
16. Nov. 2021 05:00,5,4,1,
16. Nov. 2021 05:15,4,3,1,
16. Nov. 2021 05:30,15,10,5,
16. Nov. 2021 05:45,24,14,10,
16. Nov. 2021 06:00,19,10,9,
16. Nov. 2021 06:15,32,22,10,
16. Nov. 2021 06:30,41,25,16,
16. Nov. 2021 06:45,60,34,26,
16. Nov. 2021 07:00,73,37,36,
16. Nov. 2021 07:15,188,128,60,
16. Nov. 2021 07:30,403,258,145,
16. Nov. 2021 07:45,333,204,129,
16. Nov. 2021 08:00,183,92,91,
16. Nov. 2021 08:15,204,106,98,
16. Nov. 2021 08:30,197,107,90,
16. Nov. 2021 08:45,186,98,88,
16. Nov. 2021 09:00,144,84,60,
16. Nov. 2021 09:15,183,117,66,
16. Nov. 2021 09:30,234,141,93,
16. Nov. 2021 09:45,171,94,77,
16. Nov. 2021 10:00,97,55,42,
16. Nov. 2021 10:15,86,49,37,
16. Nov. 2021 10:30,98,46,52,
16. Nov. 2021 10:45,115,59,56,
16. Nov. 2021 11:00,146,59,87,
16. Nov. 2021 11:15,181,91,90,
16. Nov. 2021 11:30,126,64,62,
16. Nov. 2021 11:45,121,59,62,
16. Nov. 2021 12:00,130,60,70,
16. Nov. 2021 12:15,144,54,90,
16. Nov. 2021 12:30,137,56,81,
16. Nov. 2021 12:45,178,75,103,
16. Nov. 2021 13:00,290,81,209,
16. Nov. 2021 13:15,185,76,109,
16. Nov. 2021 13:30,163,88,75,
16. Nov. 2021 13:45,226,131,95,
16. Nov. 2021 14:00,154,76,78,
16. Nov. 2021 14:15,145,86,59,
16. Nov. 2021 14:30,143,70,73,
16. Nov. 2021 14:45,134,47,87,
16. Nov. 2021 15:00,168,82,86,
16. Nov. 2021 15:15,175,95,80,
16. Nov. 2021 15:30,352,177,175,
16. Nov. 2021 15:45,232,117,115,
16. Nov. 2021 16:00,205,86,119,
16. Nov. 2021 16:15,196,91,105,
16. Nov. 2021 16:30,194,80,114,
16. Nov. 2021 16:45,214,98,116,
16. Nov. 2021 17:00,208,93,115,
16. Nov. 2021 17:15,291,118,173,
16. Nov. 2021 17:30,222,89,133,
16. Nov. 2021 17:45,181,85,96,
16. Nov. 2021 18:00,164,66,98,
16. Nov. 2021 18:15,184,79,105,
16. Nov. 2021 18:30,177,93,84,
16. Nov. 2021 18:45,184,86,98,
16. Nov. 2021 19:00,142,69,73,
16. Nov. 2021 19:15,131,63,68,
16. Nov. 2021 19:30,98,43,55,
16. Nov. 2021 19:45,100,38,62,
16. Nov. 2021 20:00,102,36,66,
16. Nov. 2021 20:15,112,61,51,
16. Nov. 2021 20:30,87,42,45,
16. Nov. 2021 20:45,59,30,29,
16. Nov. 2021 21:00,59,31,28,
16. Nov. 2021 21:15,54,24,30,
16. Nov. 2021 21:30,56,25,31,
16. Nov. 2021 21:45,57,23,34,
16. Nov. 2021 22:00,66,24,42,
16. Nov. 2021 22:15,56,27,29,
16. Nov. 2021 22:30,36,13,23,
16. Nov. 2021 22:45,38,14,24,
16. Nov. 2021 23:00,26,14,12,
16. Nov. 2021 23:15,26,9,17,
16. Nov. 2021 23:30,16,4,12,
16. Nov. 2021 23:45,22,11,11,
17. Nov. 2021 00:00,12,4,8,
17. Nov. 2021 00:15,6,3,3,
17. Nov. 2021 00:30,17,9,8,
17. Nov. 2021 00:45,11,7,4,
17. Nov. 2021 01:00,10,4,6,
17. Nov. 2021 01:15,12,4,8,
17. Nov. 2021 01:30,7,2,5,
17. Nov. 2021 01:45,2,0,2,
17. Nov. 2021 02:00,3,2,1,
17. Nov. 2021 02:15,1,1,0,
17. Nov. 2021 02:30,0,0,0,
17. Nov. 2021 02:45,0,0,0,
17. Nov. 2021 03:00,1,1,0,
17. Nov. 2021 03:15,1,1,0,
17. Nov. 2021 03:30,1,0,1,
17. Nov. 2021 03:45,2,1,1,
17. Nov. 2021 04:00,3,3,0,
17. Nov. 2021 04:15,3,2,1,
17. Nov. 2021 04:30,2,2,0,
17. Nov. 2021 04:45,3,0,3,
17. Nov. 2021 05:00,5,5,0,
17. Nov. 2021 05:15,8,4,4,
17. Nov. 2021 05:30,10,7,3,
17. Nov. 2021 05:45,25,15,10,
17. Nov. 2021 06:00,19,10,9,
17. Nov. 2021 06:15,29,24,5,
17. Nov. 2021 06:30,45,24,21,
17. Nov. 2021 06:45,58,34,24,
17. Nov. 2021 07:00,81,44,37,
17. Nov. 2021 07:15,198,128,70,
17. Nov. 2021 07:30,389,253,136,
17. Nov. 2021 07:45,344,225,119,
17. Nov. 2021 08:00,179,92,87,
17. Nov. 2021 08:15,215,115,100,
17. Nov. 2021 08:30,173,89,84,
17. Nov. 2021 08:45,195,123,72,
17. Nov. 2021 09:00,143,82,61,
17. Nov. 2021 09:15,177,98,79,
17. Nov. 2021 09:30,215,143,72,
17. Nov. 2021 09:45,140,79,61,
17. Nov. 2021 10:00,86,54,32,
17. Nov. 2021 10:15,115,59,56,
17. Nov. 2021 10:30,103,52,51,
17. Nov. 2021 10:45,94,46,48,
17. Nov. 2021 11:00,128,56,72,
17. Nov. 2021 11:15,194,93,101,
17. Nov. 2021 11:30,147,70,77,
17. Nov. 2021 11:45,106,50,56,
17. Nov. 2021 12:00,130,50,80,
17. Nov. 2021 12:15,177,90,87,
17. Nov. 2021 12:30,124,52,72,
17. Nov. 2021 12:45,133,63,70,
17. Nov. 2021 13:00,330,121,209,
17. Nov. 2021 13:15,206,95,111,
17. Nov. 2021 13:30,136,66,70,
17. Nov. 2021 13:45,226,145,81,
17. Nov. 2021 14:00,147,79,68,
17. Nov. 2021 14:15,148,78,70,
17. Nov. 2021 14:30,158,78,80,
17. Nov. 2021 14:45,180,85,95,
17. Nov. 2021 15:00,181,84,97,
17. Nov. 2021 15:15,188,111,77,
17. Nov. 2021 15:30,333,124,209,
17. Nov. 2021 15:45,201,89,112,
17. Nov. 2021 16:00,202,89,113,
17. Nov. 2021 16:15,195,93,102,
17. Nov. 2021 16:30,226,100,126,
17. Nov. 2021 16:45,250,116,134,
17. Nov. 2021 17:00,248,103,145,
17. Nov. 2021 17:15,272,125,147,
17. Nov. 2021 17:30,215,95,120,
17. Nov. 2021 17:45,203,77,126,
17. Nov. 2021 18:00,191,90,101,
17. Nov. 2021 18:15,213,90,123,
17. Nov. 2021 18:30,144,65,79,
17. Nov. 2021 18:45,226,122,104,
17. Nov. 2021 19:00,160,65,95,
17. Nov. 2021 19:15,121,64,57,
17. Nov. 2021 19:30,107,45,62,
17. Nov. 2021 19:45,117,53,64,
17. Nov. 2021 20:00,95,38,57,
17. Nov. 2021 20:15,102,51,51,
17. Nov. 2021 20:30,94,42,52,
17. Nov. 2021 20:45,108,58,50,
17. Nov. 2021 21:00,52,21,31,
17. Nov. 2021 21:15,64,31,33,
17. Nov. 2021 21:30,55,25,30,
17. Nov. 2021 21:45,56,25,31,
17. Nov. 2021 22:00,57,27,30,
17. Nov. 2021 22:15,66,35,31,
17. Nov. 2021 22:30,52,23,29,
17. Nov. 2021 22:45,42,17,25,
17. Nov. 2021 23:00,42,11,31,
17. Nov. 2021 23:15,33,12,21,
17. Nov. 2021 23:30,17,12,5,
17. Nov. 2021 23:45,19,4,15,
18. Nov. 2021 00:00,24,5,19,
18. Nov. 2021 00:15,13,6,7,
18. Nov. 2021 00:30,11,1,10,
18. Nov. 2021 00:45,15,3,12,
18. Nov. 2021 01:00,8,3,5,
18. Nov. 2021 01:15,7,3,4,
18. Nov. 2021 01:30,5,1,4,
18. Nov. 2021 01:45,6,0,6,
18. Nov. 2021 02:00,10,4,6,
18. Nov. 2021 02:15,7,1,6,
18. Nov. 2021 02:30,3,2,1,
18. Nov. 2021 02:45,1,0,1,
18. Nov. 2021 03:00,2,0,2,
18. Nov. 2021 03:15,1,0,1,
18. Nov. 2021 03:30,0,0,0,
18. Nov. 2021 03:45,0,0,0,
18. Nov. 2021 04:00,3,3,0,
18. Nov. 2021 04:15,2,1,1,
18. Nov. 2021 04:30,1,1,0,
18. Nov. 2021 04:45,5,2,3,
18. Nov. 2021 05:00,5,2,3,
18. Nov. 2021 05:15,5,1,4,
18. Nov. 2021 05:30,9,5,4,
18. Nov. 2021 05:45,25,18,7,
18. Nov. 2021 06:00,20,12,8,
18. Nov. 2021 06:15,25,17,8,
18. Nov. 2021 06:30,32,15,17,
18. Nov. 2021 06:45,72,38,34,
18. Nov. 2021 07:00,69,39,30,
18. Nov. 2021 07:15,190,123,67,
18. Nov. 2021 07:30,409,283,126,
18. Nov. 2021 07:45,327,220,107,
18. Nov. 2021 08:00,162,68,94,
18. Nov. 2021 08:15,200,101,99,
18. Nov. 2021 08:30,179,101,78,
18. Nov. 2021 08:45,214,132,82,
18. Nov. 2021 09:00,124,78,46,
18. Nov. 2021 09:15,190,103,87,
18. Nov. 2021 09:30,218,131,87,
18. Nov. 2021 09:45,153,75,78,
18. Nov. 2021 10:00,116,64,52,
18. Nov. 2021 10:15,97,55,42,
18. Nov. 2021 10:30,99,54,45,
18. Nov. 2021 10:45,112,58,54,
18. Nov. 2021 11:00,128,61,67,
18. Nov. 2021 11:15,210,95,115,
18. Nov. 2021 11:30,136,74,62,
18. Nov. 2021 11:45,128,65,63,
18. Nov. 2021 12:00,125,63,62,
18. Nov. 2021 12:15,137,56,81,
18. Nov. 2021 12:30,150,55,95,
18. Nov. 2021 12:45,190,96,94,
18. Nov. 2021 13:00,311,102,209,
18. Nov. 2021 13:15,214,112,102,
18. Nov. 2021 13:30,158,87,71,
18. Nov. 2021 13:45,207,119,88,
18. Nov. 2021 14:00,144,64,80,
18. Nov. 2021 14:15,141,73,68,
18. Nov. 2021 14:30,141,57,84,
18. Nov. 2021 14:45,178,91,87,
18. Nov. 2021 15:00,164,78,86,
18. Nov. 2021 15:15,189,98,91,
18. Nov. 2021 15:30,342,129,213,
18. Nov. 2021 15:45,225,119,106,
18. Nov. 2021 16:00,176,68,108,
18. Nov. 2021 16:15,162,65,97,
18. Nov. 2021 16:30,202,82,120,
18. Nov. 2021 16:45,170,63,107,
18. Nov. 2021 17:00,190,85,105,
18. Nov. 2021 17:15,258,94,164,
18. Nov. 2021 17:30,179,74,105,
18. Nov. 2021 17:45,199,87,112,
18. Nov. 2021 18:00,161,75,86,
18. Nov. 2021 18:15,163,64,99,
18. Nov. 2021 18:30,170,70,100,
18. Nov. 2021 18:45,180,88,92,
18. Nov. 2021 19:00,164,85,79,
18. Nov. 2021 19:15,134,78,56,
18. Nov. 2021 19:30,149,81,68,
18. Nov. 2021 19:45,130,55,75,
18. Nov. 2021 20:00,111,50,61,
18. Nov. 2021 20:15,109,43,66,
18. Nov. 2021 20:30,82,37,45,
18. Nov. 2021 20:45,73,32,41,
18. Nov. 2021 21:00,51,21,30,
18. Nov. 2021 21:15,66,19,47,
18. Nov. 2021 21:30,85,33,52,
18. Nov. 2021 21:45,104,39,65,
18. Nov. 2021 22:00,74,22,52,
18. Nov. 2021 22:15,83,21,62,
18. Nov. 2021 22:30,62,13,49,
18. Nov. 2021 22:45,48,15,33,
18. Nov. 2021 23:00,34,6,28,
18. Nov. 2021 23:15,26,9,17,
18. Nov. 2021 23:30,30,14,16,
18. Nov. 2021 23:45,18,7,11,
19. Nov. 2021 00:00,30,12,18,
19. Nov. 2021 00:15,29,12,17,
19. Nov. 2021 00:30,13,2,11,
19. Nov. 2021 00:45,13,5,8,
19. Nov. 2021 01:00,25,9,16,
19. Nov. 2021 01:15,16,6,10,
19. Nov. 2021 01:30,9,2,7,
19. Nov. 2021 01:45,5,1,4,
19. Nov. 2021 02:00,2,1,1,
19. Nov. 2021 02:15,5,0,5,
19. Nov. 2021 02:30,5,0,5,
19. Nov. 2021 02:45,2,1,1,
19. Nov. 2021 03:00,3,2,1,
19. Nov. 2021 03:15,2,1,1,
19. Nov. 2021 03:30,0,0,0,
19. Nov. 2021 03:45,1,1,0,
19. Nov. 2021 04:00,1,1,0,
19. Nov. 2021 04:15,5,4,1,
19. Nov. 2021 04:30,3,3,0,
19. Nov. 2021 04:45,10,5,5,
19. Nov. 2021 05:00,5,5,0,
19. Nov. 2021 05:15,6,2,4,
19. Nov. 2021 05:30,8,4,4,
19. Nov. 2021 05:45,19,14,5,
19. Nov. 2021 06:00,17,12,5,
19. Nov. 2021 06:15,30,22,8,
19. Nov. 2021 06:30,37,19,18,
19. Nov. 2021 06:45,57,32,25,
19. Nov. 2021 07:00,73,33,40,
19. Nov. 2021 07:15,169,121,48,
19. Nov. 2021 07:30,404,267,137,
19. Nov. 2021 07:45,276,156,120,
19. Nov. 2021 08:00,135,73,62,
19. Nov. 2021 08:15,183,105,78,
19. Nov. 2021 08:30,176,90,86,
19. Nov. 2021 08:45,195,115,80,
19. Nov. 2021 09:00,118,63,55,
19. Nov. 2021 09:15,179,114,65,
19. Nov. 2021 09:30,200,129,71,
19. Nov. 2021 09:45,138,85,53,
19. Nov. 2021 10:00,100,63,37,
19. Nov. 2021 10:15,85,50,35,
19. Nov. 2021 10:30,121,65,56,
19. Nov. 2021 10:45,115,60,55,
19. Nov. 2021 11:00,149,84,65,
19. Nov. 2021 11:15,218,93,125,
19. Nov. 2021 11:30,132,67,65,
19. Nov. 2021 11:45,129,61,68,
19. Nov. 2021 12:00,175,85,90,
19. Nov. 2021 12:15,181,82,99,
19. Nov. 2021 12:30,154,68,86,
19. Nov. 2021 12:45,180,79,101,
19. Nov. 2021 13:00,366,92,274,
19. Nov. 2021 13:15,196,82,114,
19. Nov. 2021 13:30,171,86,85,
19. Nov. 2021 13:45,157,81,76,
19. Nov. 2021 14:00,155,77,78,
19. Nov. 2021 14:15,139,60,79,
19. Nov. 2021 14:30,142,76,66,
19. Nov. 2021 14:45,186,101,85,
19. Nov. 2021 15:00,144,63,81,
19. Nov. 2021 15:15,163,93,70,
19. Nov. 2021 15:30,166,65,101,
19. Nov. 2021 15:45,197,80,117,
19. Nov. 2021 16:00,159,68,91,
19. Nov. 2021 16:15,127,64,63,
19. Nov. 2021 16:30,135,60,75,
19. Nov. 2021 16:45,181,85,96,
19. Nov. 2021 17:00,170,80,90,
19. Nov. 2021 17:15,175,87,88,
19. Nov. 2021 17:30,129,65,64,
19. Nov. 2021 17:45,155,81,74,
19. Nov. 2021 18:00,148,63,85,
19. Nov. 2021 18:15,154,62,92,
19. Nov. 2021 18:30,135,75,60,
19. Nov. 2021 18:45,125,82,43,
19. Nov. 2021 19:00,143,79,64,
19. Nov. 2021 19:15,149,97,52,
19. Nov. 2021 19:30,118,67,51,
19. Nov. 2021 19:45,108,66,42,
19. Nov. 2021 20:00,89,58,31,
19. Nov. 2021 20:15,60,21,39,
19. Nov. 2021 20:30,62,29,33,
19. Nov. 2021 20:45,72,37,35,
19. Nov. 2021 21:00,65,26,39,
19. Nov. 2021 21:15,43,20,23,
19. Nov. 2021 21:30,54,18,36,
19. Nov. 2021 21:45,82,24,58,
19. Nov. 2021 22:00,73,15,58,
19. Nov. 2021 22:15,78,19,59,
19. Nov. 2021 22:30,55,14,41,
19. Nov. 2021 22:45,40,17,23,
19. Nov. 2021 23:00,43,18,25,
19. Nov. 2021 23:15,36,8,28,
19. Nov. 2021 23:30,50,20,30,
19. Nov. 2021 23:45,21,8,13,
20. Nov. 2021 00:00,36,12,24,
20. Nov. 2021 00:15,31,8,23,
20. Nov. 2021 00:30,32,7,25,
20. Nov. 2021 00:45,21,6,15,
20. Nov. 2021 01:00,25,6,19,
20. Nov. 2021 01:15,34,14,20,
20. Nov. 2021 01:30,15,2,13,
20. Nov. 2021 01:45,20,6,14,
20. Nov. 2021 02:00,23,12,11,
20. Nov. 2021 02:15,20,10,10,
20. Nov. 2021 02:30,23,5,18,
20. Nov. 2021 02:45,8,0,8,
20. Nov. 2021 03:00,10,2,8,
20. Nov. 2021 03:15,8,1,7,
20. Nov. 2021 03:30,7,1,6,
20. Nov. 2021 03:45,7,4,3,
20. Nov. 2021 04:00,8,0,8,
20. Nov. 2021 04:15,6,1,5,
20. Nov. 2021 04:30,4,3,1,
20. Nov. 2021 04:45,0,0,0,
20. Nov. 2021 05:00,5,3,2,
20. Nov. 2021 05:15,5,1,4,
20. Nov. 2021 05:30,8,4,4,
20. Nov. 2021 05:45,24,14,10,
20. Nov. 2021 06:00,7,5,2,
20. Nov. 2021 06:15,11,9,2,
20. Nov. 2021 06:30,9,6,3,
20. Nov. 2021 06:45,11,3,8,
20. Nov. 2021 07:00,8,6,2,
20. Nov. 2021 07:15,14,7,7,
20. Nov. 2021 07:30,12,3,9,
20. Nov. 2021 07:45,36,19,17,
20. Nov. 2021 08:00,27,17,10,
20. Nov. 2021 08:15,29,15,14,
20. Nov. 2021 08:30,40,23,17,
20. Nov. 2021 08:45,70,38,32,
20. Nov. 2021 09:00,78,48,30,
20. Nov. 2021 09:15,69,50,19,
20. Nov. 2021 09:30,81,52,29,
20. Nov. 2021 09:45,107,75,32,
20. Nov. 2021 10:00,88,46,42,
20. Nov. 2021 10:15,113,70,43,
20. Nov. 2021 10:30,85,49,36,
20. Nov. 2021 10:45,118,58,60,
20. Nov. 2021 11:00,119,60,59,
20. Nov. 2021 11:15,110,62,48,
20. Nov. 2021 11:30,103,50,53,
20. Nov. 2021 11:45,125,58,67,
20. Nov. 2021 12:00,116,49,67,
20. Nov. 2021 12:15,126,80,46,
20. Nov. 2021 12:30,120,52,68,
20. Nov. 2021 12:45,118,59,59,
20. Nov. 2021 13:00,134,77,57,
20. Nov. 2021 13:15,128,60,68,
20. Nov. 2021 13:30,124,55,69,
20. Nov. 2021 13:45,130,60,70,
20. Nov. 2021 14:00,125,52,73,
20. Nov. 2021 14:15,121,64,57,
20. Nov. 2021 14:30,132,70,62,
20. Nov. 2021 14:45,122,53,69,
20. Nov. 2021 15:00,107,41,66,
20. Nov. 2021 15:15,120,62,58,
20. Nov. 2021 15:30,144,64,80,
20. Nov. 2021 15:45,105,56,49,
20. Nov. 2021 16:00,115,58,57,
20. Nov. 2021 16:15,101,58,43,
20. Nov. 2021 16:30,128,55,73,
20. Nov. 2021 16:45,122,68,54,
20. Nov. 2021 17:00,104,47,57,
20. Nov. 2021 17:15,102,57,45,
20. Nov. 2021 17:30,92,49,43,
20. Nov. 2021 17:45,96,48,48,
20. Nov. 2021 18:00,96,38,58,
20. Nov. 2021 18:15,108,50,58,
20. Nov. 2021 18:30,87,35,52,
20. Nov. 2021 18:45,114,60,54,
20. Nov. 2021 19:00,80,44,36,
20. Nov. 2021 19:15,68,28,40,
20. Nov. 2021 19:30,91,51,40,
20. Nov. 2021 19:45,86,41,45,
20. Nov. 2021 20:00,64,32,32,
20. Nov. 2021 20:15,48,23,25,
20. Nov. 2021 20:30,57,20,37,
20. Nov. 2021 20:45,64,24,40,
20. Nov. 2021 21:00,35,15,20,
20. Nov. 2021 21:15,59,17,42,
20. Nov. 2021 21:30,54,24,30,
20. Nov. 2021 21:45,59,22,37,
20. Nov. 2021 22:00,50,16,34,
20. Nov. 2021 22:15,48,19,29,
20. Nov. 2021 22:30,30,11,19,
20. Nov. 2021 22:45,35,12,23,
20. Nov. 2021 23:00,51,15,36,
20. Nov. 2021 23:15,26,11,15,
20. Nov. 2021 23:30,26,13,13,
20. Nov. 2021 23:45,53,24,29,
21. Nov. 2021 00:00,25,7,18,
21. Nov. 2021 00:15,30,14,16,
21. Nov. 2021 00:30,34,13,21,
21. Nov. 2021 00:45,31,9,22,
21. Nov. 2021 01:00,29,14,15,
21. Nov. 2021 01:15,20,6,14,
21. Nov. 2021 01:30,32,4,28,
21. Nov. 2021 01:45,17,5,12,
21. Nov. 2021 02:00,24,10,14,
21. Nov. 2021 02:15,11,0,11,
21. Nov. 2021 02:30,12,4,8,
21. Nov. 2021 02:45,13,2,11,
21. Nov. 2021 03:00,16,3,13,
21. Nov. 2021 03:15,5,2,3,
21. Nov. 2021 03:30,8,3,5,
21. Nov. 2021 03:45,5,2,3,
21. Nov. 2021 04:00,7,2,5,
21. Nov. 2021 04:15,7,0,7,
21. Nov. 2021 04:30,5,2,3,
21. Nov. 2021 04:45,7,4,3,
21. Nov. 2021 05:00,7,2,5,
21. Nov. 2021 05:15,2,1,1,
21. Nov. 2021 05:30,4,1,3,
21. Nov. 2021 05:45,7,2,5,
21. Nov. 2021 06:00,5,5,0,
21. Nov. 2021 06:15,8,6,2,
21. Nov. 2021 06:30,2,0,2,
21. Nov. 2021 06:45,6,2,4,
21. Nov. 2021 07:00,10,5,5,
21. Nov. 2021 07:15,6,3,3,
21. Nov. 2021 07:30,9,3,6,
21. Nov. 2021 07:45,5,4,1,
21. Nov. 2021 08:00,13,9,4,
21. Nov. 2021 08:15,8,2,6,
21. Nov. 2021 08:30,26,6,20,
21. Nov. 2021 08:45,27,18,9,
21. Nov. 2021 09:00,25,19,6,
21. Nov. 2021 09:15,21,15,6,
21. Nov. 2021 09:30,39,20,19,
21. Nov. 2021 09:45,49,33,16,
21. Nov. 2021 10:00,39,14,25,
21. Nov. 2021 10:15,51,29,22,
21. Nov. 2021 10:30,47,26,21,
21. Nov. 2021 10:45,57,28,29,
21. Nov. 2021 11:00,71,24,47,
21. Nov. 2021 11:15,66,35,31,
21. Nov. 2021 11:30,53,19,34,
21. Nov. 2021 11:45,64,32,32,
21. Nov. 2021 12:00,60,20,40,
21. Nov. 2021 12:15,61,35,26,
21. Nov. 2021 12:30,87,44,43,
21. Nov. 2021 12:45,75,39,36,
21. Nov. 2021 13:00,61,31,30,
21. Nov. 2021 13:15,84,36,48,
21. Nov. 2021 13:30,65,22,43,
21. Nov. 2021 13:45,74,39,35,
21. Nov. 2021 14:00,80,38,42,
21. Nov. 2021 14:15,81,38,43,
21. Nov. 2021 14:30,100,42,58,
21. Nov. 2021 14:45,91,40,51,
21. Nov. 2021 15:00,101,69,32,
21. Nov. 2021 15:15,86,51,35,
21. Nov. 2021 15:30,73,38,35,
21. Nov. 2021 15:45,85,53,32,
21. Nov. 2021 16:00,82,47,35,
21. Nov. 2021 16:15,76,40,36,
21. Nov. 2021 16:30,108,52,56,
21. Nov. 2021 16:45,91,48,43,
21. Nov. 2021 17:00,78,27,51,
21. Nov. 2021 17:15,51,27,24,
21. Nov. 2021 17:30,71,39,32,
21. Nov. 2021 17:45,80,23,57,
21. Nov. 2021 18:00,64,41,23,
21. Nov. 2021 18:15,74,26,48,
21. Nov. 2021 18:30,75,23,52,
21. Nov. 2021 18:45,68,26,42,
21. Nov. 2021 19:00,59,29,30,
21. Nov. 2021 19:15,33,17,16,
21. Nov. 2021 19:30,38,17,21,
21. Nov. 2021 19:45,43,23,20,
21. Nov. 2021 20:00,39,17,22,
21. Nov. 2021 20:15,30,15,15,
21. Nov. 2021 20:30,32,20,12,
21. Nov. 2021 20:45,24,12,12,
21. Nov. 2021 21:00,39,17,22,
21. Nov. 2021 21:15,22,9,13,
21. Nov. 2021 21:30,28,12,16,
21. Nov. 2021 21:45,26,7,19,
21. Nov. 2021 22:00,31,17,14,
21. Nov. 2021 22:15,27,13,14,
21. Nov. 2021 22:30,10,5,5,
21. Nov. 2021 22:45,22,12,10,
21. Nov. 2021 23:00,17,4,13,
21. Nov. 2021 23:15,13,4,9,
21. Nov. 2021 23:30,5,2,3,
21. Nov. 2021 23:45,5,4,1,
22. Nov. 2021 00:00,9,6,3,
22. Nov. 2021 00:15,5,3,2,
22. Nov. 2021 00:30,5,1,4,
22. Nov. 2021 00:45,6,2,4,
22. Nov. 2021 01:00,2,1,1,
22. Nov. 2021 01:15,1,1,0,
22. Nov. 2021 01:30,3,3,0,
22. Nov. 2021 01:45,0,0,0,
22. Nov. 2021 02:00,3,2,1,
22. Nov. 2021 02:15,3,0,3,
22. Nov. 2021 02:30,3,1,2,
22. Nov. 2021 02:45,1,0,1,
22. Nov. 2021 03:00,0,0,0,
22. Nov. 2021 03:15,1,0,1,
22. Nov. 2021 03:30,0,0,0,
22. Nov. 2021 03:45,0,0,0,
22. Nov. 2021 04:00,2,0,2,
22. Nov. 2021 04:15,1,1,0,
22. Nov. 2021 04:30,2,1,1,
22. Nov. 2021 04:45,5,3,2,
22. Nov. 2021 05:00,3,1,2,
22. Nov. 2021 05:15,6,5,1,
22. Nov. 2021 05:30,12,9,3,
22. Nov. 2021 05:45,14,8,6,
22. Nov. 2021 06:00,20,15,5,
22. Nov. 2021 06:15,26,21,5,
22. Nov. 2021 06:30,39,20,19,
22. Nov. 2021 06:45,62,36,26,
22. Nov. 2021 07:00,83,45,38,
22. Nov. 2021 07:15,193,117,76,
22. Nov. 2021 07:30,450,289,161,
22. Nov. 2021 07:45,277,171,106,
22. Nov. 2021 08:00,127,65,62,
22. Nov. 2021 08:15,176,110,66,
22. Nov. 2021 08:30,189,104,85,
22. Nov. 2021 08:45,171,107,64,
22. Nov. 2021 09:00,111,65,46,
22. Nov. 2021 09:15,150,88,62,
22. Nov. 2021 09:30,173,104,69,
22. Nov. 2021 09:45,137,75,62,
22. Nov. 2021 10:00,92,46,46,
22. Nov. 2021 10:15,82,39,43,
22. Nov. 2021 10:30,88,50,38,
22. Nov. 2021 10:45,97,63,34,
22. Nov. 2021 11:00,105,45,60,
22. Nov. 2021 11:15,170,85,85,
22. Nov. 2021 11:30,111,60,51,
22. Nov. 2021 11:45,138,51,87,
22. Nov. 2021 12:00,122,51,71,
22. Nov. 2021 12:15,116,47,69,
22. Nov. 2021 12:30,127,55,72,
22. Nov. 2021 12:45,128,66,62,
22. Nov. 2021 13:00,290,92,198,
22. Nov. 2021 13:15,175,71,104,
22. Nov. 2021 13:30,134,74,60,
22. Nov. 2021 13:45,242,161,81,
22. Nov. 2021 14:00,130,59,71,
22. Nov. 2021 14:15,140,77,63,
22. Nov. 2021 14:30,123,57,66,
22. Nov. 2021 14:45,128,47,81,
22. Nov. 2021 15:00,147,90,57,
22. Nov. 2021 15:15,156,80,76,
22. Nov. 2021 15:30,353,170,183,
22. Nov. 2021 15:45,197,78,119,
22. Nov. 2021 16:00,176,88,88,
22. Nov. 2021 16:15,172,101,71,
22. Nov. 2021 16:30,162,81,81,
22. Nov. 2021 16:45,195,86,109,
22. Nov. 2021 17:00,173,85,88,
22. Nov. 2021 17:15,301,138,163,
22. Nov. 2021 17:30,203,93,110,
22. Nov. 2021 17:45,179,97,82,
22. Nov. 2021 18:00,181,84,97,
22. Nov. 2021 18:15,185,88,97,
22. Nov. 2021 18:30,154,68,86,
22. Nov. 2021 18:45,168,98,70,
22. Nov. 2021 19:00,160,66,94,
22. Nov. 2021 19:15,122,51,71,
22. Nov. 2021 19:30,99,38,61,
22. Nov. 2021 19:45,89,34,55,
22. Nov. 2021 20:00,88,47,41,
22. Nov. 2021 20:15,81,40,41,
22. Nov. 2021 20:30,86,46,40,
22. Nov. 2021 20:45,70,22,48,
22. Nov. 2021 21:00,58,17,41,
22. Nov. 2021 21:15,59,34,25,
22. Nov. 2021 21:30,45,19,26,
22. Nov. 2021 21:45,55,20,35,
22. Nov. 2021 22:00,34,16,18,
22. Nov. 2021 22:15,47,18,29,
22. Nov. 2021 22:30,32,9,23,
22. Nov. 2021 22:45,19,8,11,
22. Nov. 2021 23:00,14,8,6,
22. Nov. 2021 23:15,27,13,14,
22. Nov. 2021 23:30,18,3,15,
22. Nov. 2021 23:45,10,2,8,
23. Nov. 2021 00:00,14,6,8,
23. Nov. 2021 00:15,14,0,14,
23. Nov. 2021 00:30,13,3,10,
23. Nov. 2021 00:45,5,2,3,
23. Nov. 2021 01:00,12,5,7,
23. Nov. 2021 01:15,5,3,2,
23. Nov. 2021 01:30,7,2,5,
23. Nov. 2021 01:45,4,3,1,
23. Nov. 2021 02:00,5,5,0,
23. Nov. 2021 02:15,3,0,3,
23. Nov. 2021 02:30,0,0,0,
23. Nov. 2021 02:45,2,1,1,
23. Nov. 2021 03:00,1,0,1,
23. Nov. 2021 03:15,1,1,0,
23. Nov. 2021 03:30,0,0,0,
23. Nov. 2021 03:45,1,0,1,
23. Nov. 2021 04:00,4,2,2,
23. Nov. 2021 04:15,2,2,0,
23. Nov. 2021 04:30,1,1,0,
23. Nov. 2021 04:45,3,3,0,
23. Nov. 2021 05:00,1,1,0,
23. Nov. 2021 05:15,7,3,4,
23. Nov. 2021 05:30,10,7,3,
23. Nov. 2021 05:45,17,13,4,
23. Nov. 2021 06:00,22,14,8,
23. Nov. 2021 06:15,37,25,12,
23. Nov. 2021 06:30,47,25,22,
23. Nov. 2021 06:45,61,31,30,
23. Nov. 2021 07:00,65,30,35,
23. Nov. 2021 07:15,210,141,69,
23. Nov. 2021 07:30,429,281,148,
23. Nov. 2021 07:45,295,181,114,
23. Nov. 2021 08:00,203,109,94,
23. Nov. 2021 08:15,181,96,85,
23. Nov. 2021 08:30,177,83,94,
23. Nov. 2021 08:45,172,113,59,
23. Nov. 2021 09:00,143,82,61,
23. Nov. 2021 09:15,142,92,50,
23. Nov. 2021 09:30,204,116,88,
23. Nov. 2021 09:45,148,92,56,
23. Nov. 2021 10:00,107,68,39,
23. Nov. 2021 10:15,102,60,42,
23. Nov. 2021 10:30,87,42,45,
23. Nov. 2021 10:45,98,55,43,
23. Nov. 2021 11:00,128,59,69,
23. Nov. 2021 11:15,208,110,98,
23. Nov. 2021 11:30,129,71,58,
23. Nov. 2021 11:45,99,50,49,
23. Nov. 2021 12:00,121,58,63,
23. Nov. 2021 12:15,150,47,103,
23. Nov. 2021 12:30,146,44,102,
23. Nov. 2021 12:45,149,55,94,
23. Nov. 2021 13:00,309,98,211,
23. Nov. 2021 13:15,162,76,86,
23. Nov. 2021 13:30,136,75,61,
23. Nov. 2021 13:45,221,137,84,
23. Nov. 2021 14:00,139,83,56,
23. Nov. 2021 14:15,131,68,63,
23. Nov. 2021 14:30,117,55,62,
23. Nov. 2021 14:45,137,49,88,
23. Nov. 2021 15:00,172,91,81,
23. Nov. 2021 15:15,163,72,91,
23. Nov. 2021 15:30,299,145,154,
23. Nov. 2021 15:45,199,94,105,
23. Nov. 2021 16:00,214,106,108,
23. Nov. 2021 16:15,176,79,97,
23. Nov. 2021 16:30,190,79,111,
23. Nov. 2021 16:45,197,80,117,
23. Nov. 2021 17:00,247,116,131,
23. Nov. 2021 17:15,293,139,154,
23. Nov. 2021 17:30,203,110,93,
23. Nov. 2021 17:45,187,84,103,
23. Nov. 2021 18:00,198,91,107,
23. Nov. 2021 18:15,179,86,93,
23. Nov. 2021 18:30,160,75,85,
23. Nov. 2021 18:45,190,108,82,
23. Nov. 2021 19:00,159,82,77,
23. Nov. 2021 19:15,115,48,67,
23. Nov. 2021 19:30,127,63,64,
23. Nov. 2021 19:45,130,59,71,
23. Nov. 2021 20:00,106,36,70,
23. Nov. 2021 20:15,109,37,72,
23. Nov. 2021 20:30,89,46,43,
23. Nov. 2021 20:45,75,30,45,
23. Nov. 2021 21:00,56,24,32,
23. Nov. 2021 21:15,56,21,35,
23. Nov. 2021 21:30,57,17,40,
23. Nov. 2021 21:45,73,37,36,
23. Nov. 2021 22:00,52,20,32,
23. Nov. 2021 22:15,60,22,38,
23. Nov. 2021 22:30,51,14,37,
23. Nov. 2021 22:45,35,17,18,
23. Nov. 2021 23:00,28,10,18,
23. Nov. 2021 23:15,36,23,13,
23. Nov. 2021 23:30,29,10,19,
23. Nov. 2021 23:45,13,10,3,
24. Nov. 2021 00:00,8,5,3,
24. Nov. 2021 00:15,10,2,8,
24. Nov. 2021 00:30,18,8,10,
24. Nov. 2021 00:45,20,5,15,
24. Nov. 2021 01:00,7,1,6,
24. Nov. 2021 01:15,10,5,5,
24. Nov. 2021 01:30,12,3,9,
24. Nov. 2021 01:45,6,2,4,
24. Nov. 2021 02:00,5,1,4,
24. Nov. 2021 02:15,8,1,7,
24. Nov. 2021 02:30,2,1,1,
24. Nov. 2021 02:45,2,0,2,
24. Nov. 2021 03:00,3,2,1,
24. Nov. 2021 03:15,0,0,0,
24. Nov. 2021 03:30,0,0,0,
24. Nov. 2021 03:45,0,0,0,
24. Nov. 2021 04:00,0,0,0,
24. Nov. 2021 04:15,1,1,0,
24. Nov. 2021 04:30,1,1,0,
24. Nov. 2021 04:45,4,2,2,
24. Nov. 2021 05:00,3,3,0,
24. Nov. 2021 05:15,7,5,2,
24. Nov. 2021 05:30,13,9,4,
24. Nov. 2021 05:45,19,13,6,
24. Nov. 2021 06:00,23,14,9,
24. Nov. 2021 06:15,26,20,6,
24. Nov. 2021 06:30,43,24,19,
24. Nov. 2021 06:45,58,28,30,
24. Nov. 2021 07:00,66,35,31,
24. Nov. 2021 07:15,187,114,73,
24. Nov. 2021 07:30,410,257,153,
24. Nov. 2021 07:45,315,214,101,
24. Nov. 2021 08:00,166,89,77,
24. Nov. 2021 08:15,181,110,71,
24. Nov. 2021 08:30,163,84,79,
24. Nov. 2021 08:45,189,116,73,
24. Nov. 2021 09:00,133,87,46,
24. Nov. 2021 09:15,185,122,63,
24. Nov. 2021 09:30,199,104,95,
24. Nov. 2021 09:45,160,97,63,
24. Nov. 2021 10:00,100,49,51,
24. Nov. 2021 10:15,113,66,47,
24. Nov. 2021 10:30,65,36,29,
24. Nov. 2021 10:45,101,60,41,
24. Nov. 2021 11:00,130,66,64,
24. Nov. 2021 11:15,144,61,83,
24. Nov. 2021 11:30,122,66,56,
24. Nov. 2021 11:45,124,58,66,
24. Nov. 2021 12:00,104,40,64,
24. Nov. 2021 12:15,138,55,83,
24. Nov. 2021 12:30,130,56,74,
24. Nov. 2021 12:45,170,86,84,
24. Nov. 2021 13:00,314,131,183,
24. Nov. 2021 13:15,165,80,85,
24. Nov. 2021 13:30,136,69,67,
24. Nov. 2021 13:45,239,157,82,
24. Nov. 2021 14:00,143,59,84,
24. Nov. 2021 14:15,132,68,64,
24. Nov. 2021 14:30,126,60,66,
24. Nov. 2021 14:45,164,75,89,
24. Nov. 2021 15:00,141,70,71,
24. Nov. 2021 15:15,177,94,83,
24. Nov. 2021 15:30,284,100,184,
24. Nov. 2021 15:45,214,91,123,
24. Nov. 2021 16:00,188,84,104,
24. Nov. 2021 16:15,177,95,82,
24. Nov. 2021 16:30,178,70,108,
24. Nov. 2021 16:45,226,110,116,
24. Nov. 2021 17:00,218,96,122,
24. Nov. 2021 17:15,228,106,122,
24. Nov. 2021 17:30,211,114,97,
24. Nov. 2021 17:45,204,82,122,
24. Nov. 2021 18:00,189,88,101,
24. Nov. 2021 18:15,176,75,101,
24. Nov. 2021 18:30,170,69,101,
24. Nov. 2021 18:45,181,88,93,
24. Nov. 2021 19:00,162,66,96,
24. Nov. 2021 19:15,116,54,62,
24. Nov. 2021 19:30,109,40,69,
24. Nov. 2021 19:45,101,44,57,
24. Nov. 2021 20:00,88,39,49,
24. Nov. 2021 20:15,101,50,51,
24. Nov. 2021 20:30,91,40,51,
24. Nov. 2021 20:45,79,45,34,
24. Nov. 2021 21:00,58,30,28,
24. Nov. 2021 21:15,63,36,27,
24. Nov. 2021 21:30,52,26,26,
24. Nov. 2021 21:45,51,29,22,
24. Nov. 2021 22:00,62,24,38,
24. Nov. 2021 22:15,53,29,24,
24. Nov. 2021 22:30,32,16,16,
24. Nov. 2021 22:45,48,21,27,
24. Nov. 2021 23:00,38,16,22,
24. Nov. 2021 23:15,36,10,26,
24. Nov. 2021 23:30,29,16,13,
24. Nov. 2021 23:45,16,7,9,
25. Nov. 2021 00:00,21,8,13,
25. Nov. 2021 00:15,16,3,13,
25. Nov. 2021 00:30,13,7,6,
25. Nov. 2021 00:45,8,2,6,
25. Nov. 2021 01:00,9,4,5,
25. Nov. 2021 01:15,5,5,0,
25. Nov. 2021 01:30,5,3,2,
25. Nov. 2021 01:45,5,1,4,
25. Nov. 2021 02:00,8,1,7,
25. Nov. 2021 02:15,1,0,1,
25. Nov. 2021 02:30,1,1,0,
25. Nov. 2021 02:45,0,0,0,
25. Nov. 2021 03:00,4,1,3,
25. Nov. 2021 03:15,1,0,1,
25. Nov. 2021 03:30,3,3,0,
25. Nov. 2021 03:45,0,0,0,
25. Nov. 2021 04:00,1,1,0,
25. Nov. 2021 04:15,1,1,0,
25. Nov. 2021 04:30,2,0,2,
25. Nov. 2021 04:45,6,3,3,
25. Nov. 2021 05:00,0,0,0,
25. Nov. 2021 05:15,12,7,5,
25. Nov. 2021 05:30,11,8,3,
25. Nov. 2021 05:45,11,8,3,
25. Nov. 2021 06:00,18,10,8,
25. Nov. 2021 06:15,25,13,12,
25. Nov. 2021 06:30,39,23,16,
25. Nov. 2021 06:45,51,35,16,
25. Nov. 2021 07:00,74,41,33,
25. Nov. 2021 07:15,178,119,59,
25. Nov. 2021 07:30,423,304,119,
25. Nov. 2021 07:45,319,204,115,
25. Nov. 2021 08:00,146,68,78,
25. Nov. 2021 08:15,194,102,92,
25. Nov. 2021 08:30,151,84,67,
25. Nov. 2021 08:45,168,110,58,
25. Nov. 2021 09:00,128,74,54,
25. Nov. 2021 09:15,135,70,65,
25. Nov. 2021 09:30,212,117,95,
25. Nov. 2021 09:45,130,93,37,
25. Nov. 2021 10:00,67,34,33,
25. Nov. 2021 10:15,90,58,32,
25. Nov. 2021 10:30,69,31,38,
25. Nov. 2021 10:45,102,53,49,
25. Nov. 2021 11:00,106,52,54,
25. Nov. 2021 11:15,172,102,70,
25. Nov. 2021 11:30,101,45,56,
25. Nov. 2021 11:45,102,43,59,
25. Nov. 2021 12:00,130,67,63,
25. Nov. 2021 12:15,130,59,71,
25. Nov. 2021 12:30,113,52,61,
25. Nov. 2021 12:45,147,80,67,
25. Nov. 2021 13:00,287,95,192,
25. Nov. 2021 13:15,181,70,111,
25. Nov. 2021 13:30,149,81,68,
25. Nov. 2021 13:45,206,135,71,
25. Nov. 2021 14:00,114,64,50,
25. Nov. 2021 14:15,125,58,67,
25. Nov. 2021 14:30,131,53,78,
25. Nov. 2021 14:45,155,81,74,
25. Nov. 2021 15:00,153,74,79,
25. Nov. 2021 15:15,177,99,78,
25. Nov. 2021 15:30,361,148,213,
25. Nov. 2021 15:45,195,102,93,
25. Nov. 2021 16:00,170,79,91,
25. Nov. 2021 16:15,191,99,92,
25. Nov. 2021 16:30,161,75,86,
25. Nov. 2021 16:45,184,86,98,
25. Nov. 2021 17:00,193,100,93,
25. Nov. 2021 17:15,251,102,149,
25. Nov. 2021 17:30,202,90,112,
25. Nov. 2021 17:45,206,84,122,
25. Nov. 2021 18:00,185,85,100,
25. Nov. 2021 18:15,172,72,100,
25. Nov. 2021 18:30,172,81,91,
25. Nov. 2021 18:45,150,64,86,
25. Nov. 2021 19:00,127,53,74,
25. Nov. 2021 19:15,138,64,74,
25. Nov. 2021 19:30,107,41,66,
25. Nov. 2021 19:45,115,60,55,
25. Nov. 2021 20:00,97,43,54,
25. Nov. 2021 20:15,82,34,48,
25. Nov. 2021 20:30,87,37,50,
25. Nov. 2021 20:45,66,36,30,
25. Nov. 2021 21:00,47,17,30,
25. Nov. 2021 21:15,43,24,19,
25. Nov. 2021 21:30,57,32,25,
25. Nov. 2021 21:45,54,30,24,
25. Nov. 2021 22:00,60,31,29,
25. Nov. 2021 22:15,46,26,20,
25. Nov. 2021 22:30,54,25,29,
25. Nov. 2021 22:45,37,13,24,
25. Nov. 2021 23:00,38,14,24,
25. Nov. 2021 23:15,35,7,28,
25. Nov. 2021 23:30,25,17,8,
25. Nov. 2021 23:45,20,12,8,
26. Nov. 2021 00:00,11,6,5,
26. Nov. 2021 00:15,24,11,13,
26. Nov. 2021 00:30,13,2,11,
26. Nov. 2021 00:45,17,11,6,
26. Nov. 2021 01:00,12,5,7,
26. Nov. 2021 01:15,18,3,15,
26. Nov. 2021 01:30,5,1,4,
26. Nov. 2021 01:45,1,1,0,
26. Nov. 2021 02:00,7,4,3,
26. Nov. 2021 02:15,7,4,3,
26. Nov. 2021 02:30,1,0,1,
26. Nov. 2021 02:45,4,1,3,
26. Nov. 2021 03:00,2,0,2,
26. Nov. 2021 03:15,3,2,1,
26. Nov. 2021 03:30,1,1,0,
26. Nov. 2021 03:45,1,0,1,
26. Nov. 2021 04:00,1,1,0,
26. Nov. 2021 04:15,0,0,0,
26. Nov. 2021 04:30,4,2,2,
26. Nov. 2021 04:45,1,1,0,
26. Nov. 2021 05:00,8,4,4,
26. Nov. 2021 05:15,6,4,2,
26. Nov. 2021 05:30,10,6,4,
26. Nov. 2021 05:45,17,12,5,
26. Nov. 2021 06:00,19,12,7,
26. Nov. 2021 06:15,17,13,4,
26. Nov. 2021 06:30,29,16,13,
26. Nov. 2021 06:45,42,25,17,
26. Nov. 2021 07:00,52,27,25,
26. Nov. 2021 07:15,162,110,52,
26. Nov. 2021 07:30,376,225,151,
26. Nov. 2021 07:45,221,122,99,
26. Nov. 2021 08:00,144,82,62,
26. Nov. 2021 08:15,136,76,60,
26. Nov. 2021 08:30,124,65,59,
26. Nov. 2021 08:45,128,78,50,
26. Nov. 2021 09:00,100,47,53,
26. Nov. 2021 09:15,121,82,39,
26. Nov. 2021 09:30,135,92,43,
26. Nov. 2021 09:45,91,49,42,
26. Nov. 2021 10:00,75,37,38,
26. Nov. 2021 10:15,64,43,21,
26. Nov. 2021 10:30,79,35,44,
26. Nov. 2021 10:45,104,52,52,
26. Nov. 2021 11:00,82,44,38,
26. Nov. 2021 11:15,111,52,59,
26. Nov. 2021 11:30,117,64,53,
26. Nov. 2021 11:45,82,33,49,
26. Nov. 2021 12:00,118,56,62,
26. Nov. 2021 12:15,157,80,77,
26. Nov. 2021 12:30,140,58,82,
26. Nov. 2021 12:45,164,62,102,
26. Nov. 2021 13:00,321,115,206,
26. Nov. 2021 13:15,172,77,95,
26. Nov. 2021 13:30,141,65,76,
26. Nov. 2021 13:45,130,60,70,
26. Nov. 2021 14:00,128,65,63,
26. Nov. 2021 14:15,137,82,55,
26. Nov. 2021 14:30,142,56,86,
26. Nov. 2021 14:45,144,69,75,
26. Nov. 2021 15:00,153,77,76,
26. Nov. 2021 15:15,146,66,80,
26. Nov. 2021 15:30,141,74,67,
26. Nov. 2021 15:45,161,71,90,
26. Nov. 2021 16:00,136,70,66,
26. Nov. 2021 16:15,145,83,62,
26. Nov. 2021 16:30,110,56,54,
26. Nov. 2021 16:45,147,71,76,
26. Nov. 2021 17:00,162,70,92,
26. Nov. 2021 17:15,147,68,79,
26. Nov. 2021 17:30,126,59,67,
26. Nov. 2021 17:45,116,63,53,
26. Nov. 2021 18:00,101,44,57,
26. Nov. 2021 18:15,114,53,61,
26. Nov. 2021 18:30,131,69,62,
26. Nov. 2021 18:45,128,63,65,
26. Nov. 2021 19:00,120,61,59,
26. Nov. 2021 19:15,125,74,51,
26. Nov. 2021 19:30,90,46,44,
26. Nov. 2021 19:45,86,46,40,
26. Nov. 2021 20:00,76,39,37,
26. Nov. 2021 20:15,73,41,32,
26. Nov. 2021 20:30,58,28,30,
26. Nov. 2021 20:45,44,12,32,
26. Nov. 2021 21:00,46,18,28,
26. Nov. 2021 21:15,55,31,24,
26. Nov. 2021 21:30,56,18,38,
26. Nov. 2021 21:45,52,19,33,
26. Nov. 2021 22:00,52,30,22,
26. Nov. 2021 22:15,62,18,44,
26. Nov. 2021 22:30,33,14,19,
26. Nov. 2021 22:45,38,19,19,
26. Nov. 2021 23:00,34,17,17,
26. Nov. 2021 23:15,19,11,8,
26. Nov. 2021 23:30,21,6,15,
26. Nov. 2021 23:45,24,10,14,
27. Nov. 2021 00:00,27,8,19,
27. Nov. 2021 00:15,27,7,20,
27. Nov. 2021 00:30,21,12,9,
27. Nov. 2021 00:45,29,7,22,
27. Nov. 2021 01:00,23,7,16,
27. Nov. 2021 01:15,19,7,12,
27. Nov. 2021 01:30,14,7,7,
27. Nov. 2021 01:45,26,13,13,
27. Nov. 2021 02:00,21,7,14,
27. Nov. 2021 02:15,16,2,14,
27. Nov. 2021 02:30,20,8,12,
27. Nov. 2021 02:45,7,2,5,
27. Nov. 2021 03:00,8,5,3,
27. Nov. 2021 03:15,17,6,11,
27. Nov. 2021 03:30,8,3,5,
27. Nov. 2021 03:45,7,5,2,
27. Nov. 2021 04:00,11,3,8,
27. Nov. 2021 04:15,5,3,2,
27. Nov. 2021 04:30,8,3,5,
27. Nov. 2021 04:45,5,4,1,
27. Nov. 2021 05:00,3,1,2,
27. Nov. 2021 05:15,2,0,2,
27. Nov. 2021 05:30,16,9,7,
27. Nov. 2021 05:45,12,7,5,
27. Nov. 2021 06:00,11,8,3,
27. Nov. 2021 06:15,7,5,2,
27. Nov. 2021 06:30,12,3,9,
27. Nov. 2021 06:45,12,8,4,
27. Nov. 2021 07:00,12,7,5,
27. Nov. 2021 07:15,11,5,6,
27. Nov. 2021 07:30,15,9,6,
27. Nov. 2021 07:45,19,6,13,
27. Nov. 2021 08:00,19,10,9,
27. Nov. 2021 08:15,25,15,10,
27. Nov. 2021 08:30,44,21,23,
27. Nov. 2021 08:45,55,28,27,
27. Nov. 2021 09:00,52,32,20,
27. Nov. 2021 09:15,61,40,21,
27. Nov. 2021 09:30,69,40,29,
27. Nov. 2021 09:45,111,65,46,
27. Nov. 2021 10:00,80,51,29,
27. Nov. 2021 10:15,90,43,47,
27. Nov. 2021 10:30,115,66,49,
27. Nov. 2021 10:45,95,56,39,
27. Nov. 2021 11:00,86,37,49,
27. Nov. 2021 11:15,97,55,42,
27. Nov. 2021 11:30,96,50,46,
27. Nov. 2021 11:45,91,50,41,
27. Nov. 2021 12:00,116,57,59,
27. Nov. 2021 12:15,116,50,66,
27. Nov. 2021 12:30,101,46,55,
27. Nov. 2021 12:45,124,69,55,
27. Nov. 2021 13:00,86,35,51,
27. Nov. 2021 13:15,128,62,66,
27. Nov. 2021 13:30,87,41,46,
27. Nov. 2021 13:45,105,57,48,
27. Nov. 2021 14:00,102,55,47,
27. Nov. 2021 14:15,89,40,49,
27. Nov. 2021 14:30,91,45,46,
27. Nov. 2021 14:45,108,44,64,
27. Nov. 2021 15:00,79,47,32,
27. Nov. 2021 15:15,108,48,60,
27. Nov. 2021 15:30,97,52,45,
27. Nov. 2021 15:45,88,56,32,
27. Nov. 2021 16:00,110,50,60,
27. Nov. 2021 16:15,91,39,52,
27. Nov. 2021 16:30,87,40,47,
27. Nov. 2021 16:45,106,45,61,
27. Nov. 2021 17:00,76,27,49,
27. Nov. 2021 17:15,91,42,49,
27. Nov. 2021 17:30,108,57,51,
27. Nov. 2021 17:45,93,41,52,
27. Nov. 2021 18:00,82,29,53,
27. Nov. 2021 18:15,89,38,51,
27. Nov. 2021 18:30,80,40,40,
27. Nov. 2021 18:45,100,46,54,
27. Nov. 2021 19:00,78,32,46,
27. Nov. 2021 19:15,85,37,48,
27. Nov. 2021 19:30,37,15,22,
27. Nov. 2021 19:45,73,40,33,
27. Nov. 2021 20:00,58,21,37,
27. Nov. 2021 20:15,56,28,28,
27. Nov. 2021 20:30,51,24,27,
27. Nov. 2021 20:45,43,18,25,
27. Nov. 2021 21:00,27,13,14,
27. Nov. 2021 21:15,27,10,17,
27. Nov. 2021 21:30,46,21,25,
27. Nov. 2021 21:45,37,14,23,
27. Nov. 2021 22:00,27,7,20,
27. Nov. 2021 22:15,33,12,21,
27. Nov. 2021 22:30,19,7,12,
27. Nov. 2021 22:45,36,16,20,
27. Nov. 2021 23:00,26,9,17,
27. Nov. 2021 23:15,46,17,29,
27. Nov. 2021 23:30,45,26,19,
27. Nov. 2021 23:45,30,18,12,
28. Nov. 2021 00:00,27,12,15,
28. Nov. 2021 00:15,34,14,20,
28. Nov. 2021 00:30,21,14,7,
28. Nov. 2021 00:45,11,3,8,
28. Nov. 2021 01:00,24,7,17,
28. Nov. 2021 01:15,27,9,18,
28. Nov. 2021 01:30,18,8,10,
28. Nov. 2021 01:45,11,4,7,
28. Nov. 2021 02:00,20,14,6,
28. Nov. 2021 02:15,11,2,9,
28. Nov. 2021 02:30,13,5,8,
28. Nov. 2021 02:45,17,7,10,
28. Nov. 2021 03:00,22,8,14,
28. Nov. 2021 03:15,19,4,15,
28. Nov. 2021 03:30,10,6,4,
28. Nov. 2021 03:45,5,1,4,
28. Nov. 2021 04:00,5,2,3,
28. Nov. 2021 04:15,7,2,5,
28. Nov. 2021 04:30,2,0,2,
28. Nov. 2021 04:45,5,3,2,
28. Nov. 2021 05:00,2,1,1,
28. Nov. 2021 05:15,4,2,2,
28. Nov. 2021 05:30,5,2,3,
28. Nov. 2021 05:45,8,1,7,
28. Nov. 2021 06:00,4,2,2,
28. Nov. 2021 06:15,5,4,1,
28. Nov. 2021 06:30,2,2,0,
28. Nov. 2021 06:45,7,3,4,
28. Nov. 2021 07:00,5,3,2,
28. Nov. 2021 07:15,8,5,3,
28. Nov. 2021 07:30,5,2,3,
28. Nov. 2021 07:45,15,5,10,
28. Nov. 2021 08:00,14,5,9,
28. Nov. 2021 08:15,16,7,9,
28. Nov. 2021 08:30,14,4,10,
28. Nov. 2021 08:45,21,8,13,
28. Nov. 2021 09:00,13,6,7,
28. Nov. 2021 09:15,16,3,13,
28. Nov. 2021 09:30,23,10,13,
28. Nov. 2021 09:45,49,35,14,
28. Nov. 2021 10:00,44,28,16,
28. Nov. 2021 10:15,43,25,18,
28. Nov. 2021 10:30,33,19,14,
28. Nov. 2021 10:45,47,27,20,
28. Nov. 2021 11:00,43,18,25,
28. Nov. 2021 11:15,38,27,11,
28. Nov. 2021 11:30,44,26,18,
28. Nov. 2021 11:45,39,19,20,
28. Nov. 2021 12:00,52,24,28,
28. Nov. 2021 12:15,53,25,28,
28. Nov. 2021 12:30,44,18,26,
28. Nov. 2021 12:45,60,30,30,
28. Nov. 2021 13:00,61,29,32,
28. Nov. 2021 13:15,42,26,16,
28. Nov. 2021 13:30,62,36,26,
28. Nov. 2021 13:45,65,36,29,
28. Nov. 2021 14:00,55,19,36,
28. Nov. 2021 14:15,89,53,36,
28. Nov. 2021 14:30,69,28,41,
28. Nov. 2021 14:45,67,28,39,
28. Nov. 2021 15:00,76,42,34,
28. Nov. 2021 15:15,79,27,52,
28. Nov. 2021 15:30,64,34,30,
28. Nov. 2021 15:45,62,28,34,
28. Nov. 2021 16:00,59,29,30,
28. Nov. 2021 16:15,49,30,19,
28. Nov. 2021 16:30,61,26,35,
28. Nov. 2021 16:45,64,35,29,
28. Nov. 2021 17:00,65,33,32,
28. Nov. 2021 17:15,60,26,34,
28. Nov. 2021 17:30,60,30,30,
28. Nov. 2021 17:45,66,35,31,
28. Nov. 2021 18:00,53,28,25,
28. Nov. 2021 18:15,40,20,20,
28. Nov. 2021 18:30,46,28,18,
28. Nov. 2021 18:45,51,24,27,
28. Nov. 2021 19:00,45,28,17,
28. Nov. 2021 19:15,46,22,24,
28. Nov. 2021 19:30,45,27,18,
28. Nov. 2021 19:45,49,18,31,
28. Nov. 2021 20:00,36,16,20,
28. Nov. 2021 20:15,32,13,19,
28. Nov. 2021 20:30,20,11,9,
28. Nov. 2021 20:45,32,15,17,
28. Nov. 2021 21:00,33,11,22,
28. Nov. 2021 21:15,23,11,12,
28. Nov. 2021 21:30,13,9,4,
28. Nov. 2021 21:45,19,9,10,
28. Nov. 2021 22:00,23,14,9,
28. Nov. 2021 22:15,26,14,12,
28. Nov. 2021 22:30,20,6,14,
28. Nov. 2021 22:45,13,7,6,
28. Nov. 2021 23:00,15,5,10,
28. Nov. 2021 23:15,8,2,6,
28. Nov. 2021 23:30,13,6,7,
28. Nov. 2021 23:45,17,4,13,
29. Nov. 2021 00:00,9,7,2,
29. Nov. 2021 00:15,10,2,8,
29. Nov. 2021 00:30,5,4,1,
29. Nov. 2021 00:45,4,2,2,
29. Nov. 2021 01:00,4,1,3,
29. Nov. 2021 01:15,2,2,0,
29. Nov. 2021 01:30,0,0,0,
29. Nov. 2021 01:45,1,1,0,
29. Nov. 2021 02:00,2,1,1,
29. Nov. 2021 02:15,4,3,1,
29. Nov. 2021 02:30,2,0,2,
29. Nov. 2021 02:45,1,0,1,
29. Nov. 2021 03:00,0,0,0,
29. Nov. 2021 03:15,0,0,0,
29. Nov. 2021 03:30,0,0,0,
29. Nov. 2021 03:45,1,1,0,
29. Nov. 2021 04:00,1,1,0,
29. Nov. 2021 04:15,1,1,0,
29. Nov. 2021 04:30,2,1,1,
29. Nov. 2021 04:45,1,0,1,
29. Nov. 2021 05:00,2,0,2,
29. Nov. 2021 05:15,7,4,3,
29. Nov. 2021 05:30,21,14,7,
29. Nov. 2021 05:45,16,9,7,
29. Nov. 2021 06:00,17,9,8,
29. Nov. 2021 06:15,28,20,8,
29. Nov. 2021 06:30,36,17,19,
29. Nov. 2021 06:45,49,25,24,
29. Nov. 2021 07:00,61,29,32,
29. Nov. 2021 07:15,166,108,58,
29. Nov. 2021 07:30,404,267,137,
29. Nov. 2021 07:45,248,149,99,
29. Nov. 2021 08:00,141,68,73,
29. Nov. 2021 08:15,153,98,55,
29. Nov. 2021 08:30,182,102,80,
29. Nov. 2021 08:45,194,113,81,
29. Nov. 2021 09:00,127,70,57,
29. Nov. 2021 09:15,132,81,51,
29. Nov. 2021 09:30,196,122,74,
29. Nov. 2021 09:45,122,67,55,
29. Nov. 2021 10:00,52,30,22,
29. Nov. 2021 10:15,71,40,31,
29. Nov. 2021 10:30,61,28,33,
29. Nov. 2021 10:45,100,61,39,
29. Nov. 2021 11:00,83,38,45,
29. Nov. 2021 11:15,148,79,69,
29. Nov. 2021 11:30,120,57,63,
29. Nov. 2021 11:45,98,38,60,
29. Nov. 2021 12:00,92,34,58,
29. Nov. 2021 12:15,115,47,68,
29. Nov. 2021 12:30,116,49,67,
29. Nov. 2021 12:45,129,55,74,
29. Nov. 2021 13:00,296,95,201,
29. Nov. 2021 13:15,146,83,63,
29. Nov. 2021 13:30,134,65,69,
29. Nov. 2021 13:45,209,138,71,
29. Nov. 2021 14:00,136,66,70,
29. Nov. 2021 14:15,114,57,57,
29. Nov. 2021 14:30,107,52,55,
29. Nov. 2021 14:45,136,66,70,
29. Nov. 2021 15:00,147,78,69,
29. Nov. 2021 15:15,157,72,85,
29. Nov. 2021 15:30,341,154,187,
29. Nov. 2021 15:45,189,87,102,
29. Nov. 2021 16:00,166,66,100,
29. Nov. 2021 16:15,170,106,64,
29. Nov. 2021 16:30,161,81,80,
29. Nov. 2021 16:45,154,64,90,
29. Nov. 2021 17:00,195,86,109,
29. Nov. 2021 17:15,262,101,161,
29. Nov. 2021 17:30,172,75,97,
29. Nov. 2021 17:45,188,88,100,
29. Nov. 2021 18:00,159,66,93,
29. Nov. 2021 18:15,161,73,88,
29. Nov. 2021 18:30,117,45,72,
29. Nov. 2021 18:45,157,81,76,
29. Nov. 2021 19:00,152,77,75,
29. Nov. 2021 19:15,89,49,40,
29. Nov. 2021 19:30,95,44,51,
29. Nov. 2021 19:45,96,39,57,
29. Nov. 2021 20:00,90,39,51,
29. Nov. 2021 20:15,89,47,42,
29. Nov. 2021 20:30,72,33,39,
29. Nov. 2021 20:45,60,36,24,
29. Nov. 2021 21:00,43,20,23,
29. Nov. 2021 21:15,66,33,33,
29. Nov. 2021 21:30,40,16,24,
29. Nov. 2021 21:45,44,13,31,
29. Nov. 2021 22:00,40,16,24,
29. Nov. 2021 22:15,43,18,25,
29. Nov. 2021 22:30,32,11,21,
29. Nov. 2021 22:45,12,5,7,
29. Nov. 2021 23:00,28,12,16,
29. Nov. 2021 23:15,34,10,24,
29. Nov. 2021 23:30,14,4,10,
29. Nov. 2021 23:45,14,5,9,
30. Nov. 2021 00:00,12,7,5,
30. Nov. 2021 00:15,6,4,2,
30. Nov. 2021 00:30,6,1,5,
30. Nov. 2021 00:45,9,2,7,
30. Nov. 2021 01:00,5,4,1,
30. Nov. 2021 01:15,9,5,4,
30. Nov. 2021 01:30,16,2,14,
30. Nov. 2021 01:45,1,1,0,
30. Nov. 2021 02:00,6,3,3,
30. Nov. 2021 02:15,3,1,2,
30. Nov. 2021 02:30,0,0,0,
30. Nov. 2021 02:45,1,1,0,
30. Nov. 2021 03:00,1,0,1,
30. Nov. 2021 03:15,1,1,0,
30. Nov. 2021 03:30,1,0,1,
30. Nov. 2021 03:45,0,0,0,
30. Nov. 2021 04:00,0,0,0,
30. Nov. 2021 04:15,0,0,0,
30. Nov. 2021 04:30,0,0,0,
30. Nov. 2021 04:45,3,3,0,
30. Nov. 2021 05:00,1,0,1,
30. Nov. 2021 05:15,7,6,1,
30. Nov. 2021 05:30,19,10,9,
30. Nov. 2021 05:45,14,8,6,
30. Nov. 2021 06:00,17,12,5,
30. Nov. 2021 06:15,29,19,10,
30. Nov. 2021 06:30,30,15,15,
30. Nov. 2021 06:45,52,23,29,
30. Nov. 2021 07:00,54,28,26,
30. Nov. 2021 07:15,155,105,50,
30. Nov. 2021 07:30,371,234,137,
30. Nov. 2021 07:45,281,180,101,
30. Nov. 2021 08:00,166,89,77,
30. Nov. 2021 08:15,173,82,91,
30. Nov. 2021 08:30,159,87,72,
30. Nov. 2021 08:45,146,85,61,
30. Nov. 2021 09:00,169,102,67,
30. Nov. 2021 09:15,133,77,56,
30. Nov. 2021 09:30,208,119,89,
30. Nov. 2021 09:45,121,77,44,
30. Nov. 2021 10:00,78,47,31,
30. Nov. 2021 10:15,77,45,32,
30. Nov. 2021 10:30,86,49,37,
30. Nov. 2021 10:45,93,52,41,
30. Nov. 2021 11:00,107,45,62,
30. Nov. 2021 11:15,158,84,74,
30. Nov. 2021 11:30,102,56,46,
30. Nov. 2021 11:45,78,35,43,
30. Nov. 2021 12:00,127,46,81,
30. Nov. 2021 12:15,139,55,84,
30. Nov. 2021 12:30,124,54,70,
30. Nov. 2021 12:45,136,64,72,
30. Nov. 2021 13:00,302,98,204,
30. Nov. 2021 13:15,176,75,101,
30. Nov. 2021 13:30,118,53,65,
30. Nov. 2021 13:45,168,113,55,
30. Nov. 2021 14:00,108,51,57,
30. Nov. 2021 14:15,108,58,50,
30. Nov. 2021 14:30,129,60,69,
30. Nov. 2021 14:45,136,64,72,
30. Nov. 2021 15:00,137,63,74,
30. Nov. 2021 15:15,133,69,64,
30. Nov. 2021 15:30,315,143,172,
30. Nov. 2021 15:45,227,99,128,
30. Nov. 2021 16:00,159,66,93,
30. Nov. 2021 16:15,152,60,92,
30. Nov. 2021 16:30,144,53,91,
30. Nov. 2021 16:45,158,76,82,
30. Nov. 2021 17:00,208,97,111,
30. Nov. 2021 17:15,257,94,163,
30. Nov. 2021 17:30,167,77,90,
30. Nov. 2021 17:45,155,73,82,
30. Nov. 2021 18:00,170,89,81,
30. Nov. 2021 18:15,139,49,90,
30. Nov. 2021 18:30,139,65,74,
30. Nov. 2021 18:45,146,64,82,
30. Nov. 2021 19:00,122,59,63,
30. Nov. 2021 19:15,74,31,43,
30. Nov. 2021 19:30,77,26,51,
30. Nov. 2021 19:45,78,43,35,
30. Nov. 2021 20:00,83,39,44,
30. Nov. 2021 20:15,73,30,43,
30. Nov. 2021 20:30,70,39,31,
30. Nov. 2021 20:45,45,22,23,
30. Nov. 2021 21:00,36,19,17,
30. Nov. 2021 21:15,34,17,17,
30. Nov. 2021 21:30,25,8,17,
30. Nov. 2021 21:45,39,21,18,
30. Nov. 2021 22:00,41,17,24,
30. Nov. 2021 22:15,28,13,15,
30. Nov. 2021 22:30,25,11,14,
30. Nov. 2021 22:45,15,5,10,
30. Nov. 2021 23:00,24,10,14,
30. Nov. 2021 23:15,25,3,22,
30. Nov. 2021 23:30,16,9,7,
30. Nov. 2021 23:45,20,9,11,
1. Dez. 2021 00:00,10,2,8,
1. Dez. 2021 00:15,5,3,2,
1. Dez. 2021 00:30,6,1,5,
1. Dez. 2021 00:45,3,3,0,
1. Dez. 2021 01:00,16,6,10,
1. Dez. 2021 01:15,2,2,0,
1. Dez. 2021 01:30,8,3,5,
1. Dez. 2021 01:45,1,0,1,
1. Dez. 2021 02:00,2,2,0,
1. Dez. 2021 02:15,3,1,2,
1. Dez. 2021 02:30,1,0,1,
1. Dez. 2021 02:45,0,0,0,
1. Dez. 2021 03:00,2,0,2,
1. Dez. 2021 03:15,1,0,1,
1. Dez. 2021 03:30,1,0,1,
1. Dez. 2021 03:45,1,1,0,
1. Dez. 2021 04:00,2,2,0,
1. Dez. 2021 04:15,2,1,1,
1. Dez. 2021 04:30,2,2,0,
1. Dez. 2021 04:45,1,1,0,
1. Dez. 2021 05:00,2,1,1,
1. Dez. 2021 05:15,9,6,3,
1. Dez. 2021 05:30,9,5,4,
1. Dez. 2021 05:45,19,11,8,
1. Dez. 2021 06:00,19,11,8,
1. Dez. 2021 06:15,22,13,9,
1. Dez. 2021 06:30,23,8,15,
1. Dez. 2021 06:45,63,30,33,
1. Dez. 2021 07:00,65,36,29,
1. Dez. 2021 07:15,156,98,58,
1. Dez. 2021 07:30,375,243,132,
1. Dez. 2021 07:45,287,184,103,
1. Dez. 2021 08:00,140,79,61,
1. Dez. 2021 08:15,155,87,68,
1. Dez. 2021 08:30,160,85,75,
1. Dez. 2021 08:45,172,90,82,
1. Dez. 2021 09:00,140,86,54,
1. Dez. 2021 09:15,151,88,63,
1. Dez. 2021 09:30,189,114,75,
1. Dez. 2021 09:45,135,73,62,
1. Dez. 2021 10:00,102,63,39,
1. Dez. 2021 10:15,90,50,40,
1. Dez. 2021 10:30,93,52,41,
1. Dez. 2021 10:45,122,71,51,
1. Dez. 2021 11:00,119,44,75,
1. Dez. 2021 11:15,173,72,101,
1. Dez. 2021 11:30,143,79,64,
1. Dez. 2021 11:45,122,66,56,
1. Dez. 2021 12:00,114,50,64,
1. Dez. 2021 12:15,127,61,66,
1. Dez. 2021 12:30,139,65,74,
1. Dez. 2021 12:45,150,76,74,
1. Dez. 2021 13:00,308,100,208,
1. Dez. 2021 13:15,182,81,101,
1. Dez. 2021 13:30,143,73,70,
1. Dez. 2021 13:45,210,140,70,
1. Dez. 2021 14:00,126,71,55,
1. Dez. 2021 14:15,131,65,66,
1. Dez. 2021 14:30,122,59,63,
1. Dez. 2021 14:45,116,51,65,
1. Dez. 2021 15:00,110,51,59,
1. Dez. 2021 15:15,185,83,102,
1. Dez. 2021 15:30,277,98,179,
1. Dez. 2021 15:45,174,68,106,
1. Dez. 2021 16:00,175,80,95,
1. Dez. 2021 16:15,125,60,65,
1. Dez. 2021 16:30,136,69,67,
1. Dez. 2021 16:45,158,65,93,
1. Dez. 2021 17:00,160,74,86,
1. Dez. 2021 17:15,212,111,101,
1. Dez. 2021 17:30,183,85,98,
1. Dez. 2021 17:45,155,67,88,
1. Dez. 2021 18:00,133,69,64,
1. Dez. 2021 18:15,118,51,67,
1. Dez. 2021 18:30,101,37,64,
1. Dez. 2021 18:45,148,69,79,
1. Dez. 2021 19:00,132,67,65,
1. Dez. 2021 19:15,96,58,38,
1. Dez. 2021 19:30,80,32,48,
1. Dez. 2021 19:45,77,35,42,
1. Dez. 2021 20:00,73,33,40,
1. Dez. 2021 20:15,81,41,40,
1. Dez. 2021 20:30,88,49,39,
1. Dez. 2021 20:45,68,32,36,
1. Dez. 2021 21:00,44,24,20,
1. Dez. 2021 21:15,41,14,27,
1. Dez. 2021 21:30,46,15,31,
1. Dez. 2021 21:45,43,18,25,
1. Dez. 2021 22:00,47,25,22,
1. Dez. 2021 22:15,69,32,37,
1. Dez. 2021 22:30,24,10,14,
1. Dez. 2021 22:45,34,8,26,
1. Dez. 2021 23:00,32,11,21,
1. Dez. 2021 23:15,29,10,19,
1. Dez. 2021 23:30,26,13,13,
1. Dez. 2021 23:45,7,2,5,
2. Dez. 2021 00:00,13,2,11,
2. Dez. 2021 00:15,13,2,11,
2. Dez. 2021 00:30,12,4,8,
2. Dez. 2021 00:45,8,7,1,
2. Dez. 2021 01:00,12,6,6,
2. Dez. 2021 01:15,13,3,10,
2. Dez. 2021 01:30,9,2,7,
2. Dez. 2021 01:45,4,2,2,
2. Dez. 2021 02:00,5,4,1,
2. Dez. 2021 02:15,1,0,1,
2. Dez. 2021 02:30,4,1,3,
2. Dez. 2021 02:45,2,0,2,
2. Dez. 2021 03:00,3,1,2,
2. Dez. 2021 03:15,5,1,4,
2. Dez. 2021 03:30,1,0,1,
2. Dez. 2021 03:45,1,1,0,
2. Dez. 2021 04:00,0,0,0,
2. Dez. 2021 04:15,1,1,0,
2. Dez. 2021 04:30,1,1,0,
2. Dez. 2021 04:45,3,3,0,
2. Dez. 2021 05:00,4,2,2,
2. Dez. 2021 05:15,6,2,4,
2. Dez. 2021 05:30,9,5,4,
2. Dez. 2021 05:45,13,9,4,
2. Dez. 2021 06:00,19,12,7,
2. Dez. 2021 06:15,26,18,8,
2. Dez. 2021 06:30,35,12,23,
2. Dez. 2021 06:45,58,29,29,
2. Dez. 2021 07:00,60,32,28,
2. Dez. 2021 07:15,165,113,52,
2. Dez. 2021 07:30,351,251,100,
2. Dez. 2021 07:45,265,167,98,
2. Dez. 2021 08:00,157,79,78,
2. Dez. 2021 08:15,177,89,88,
2. Dez. 2021 08:30,156,92,64,
2. Dez. 2021 08:45,173,112,61,
2. Dez. 2021 09:00,138,80,58,
2. Dez. 2021 09:15,166,99,67,
2. Dez. 2021 09:30,181,105,76,
2. Dez. 2021 09:45,111,51,60,
2. Dez. 2021 10:00,88,48,40,
2. Dez. 2021 10:15,93,46,47,
2. Dez. 2021 10:30,107,62,45,
2. Dez. 2021 10:45,107,58,49,
2. Dez. 2021 11:00,116,57,59,
2. Dez. 2021 11:15,179,92,87,
2. Dez. 2021 11:30,106,54,52,
2. Dez. 2021 11:45,115,52,63,
2. Dez. 2021 12:00,112,56,56,
2. Dez. 2021 12:15,131,57,74,
2. Dez. 2021 12:30,123,56,67,
2. Dez. 2021 12:45,136,71,65,
2. Dez. 2021 13:00,234,72,162,
2. Dez. 2021 13:15,165,63,102,
2. Dez. 2021 13:30,144,76,68,
2. Dez. 2021 13:45,226,135,91,
2. Dez. 2021 14:00,136,61,75,
2. Dez. 2021 14:15,121,62,59,
2. Dez. 2021 14:30,139,74,65,
2. Dez. 2021 14:45,159,60,99,
2. Dez. 2021 15:00,116,53,63,
2. Dez. 2021 15:15,115,58,57,
2. Dez. 2021 15:30,267,104,163,
2. Dez. 2021 15:45,156,68,88,
2. Dez. 2021 16:00,133,68,65,
2. Dez. 2021 16:15,126,67,59,
2. Dez. 2021 16:30,177,81,96,
2. Dez. 2021 16:45,173,93,80,
2. Dez. 2021 17:00,167,78,89,
2. Dez. 2021 17:15,227,76,151,
2. Dez. 2021 17:30,174,74,100,
2. Dez. 2021 17:45,183,95,88,
2. Dez. 2021 18:00,146,78,68,
2. Dez. 2021 18:15,151,71,80,
2. Dez. 2021 18:30,141,64,77,
2. Dez. 2021 18:45,125,58,67,
2. Dez. 2021 19:00,138,61,77,
2. Dez. 2021 19:15,113,47,66,
2. Dez. 2021 19:30,79,31,48,
2. Dez. 2021 19:45,103,43,60,
2. Dez. 2021 20:00,96,32,64,
2. Dez. 2021 20:15,78,38,40,
2. Dez. 2021 20:30,49,22,27,
2. Dez. 2021 20:45,60,28,32,
2. Dez. 2021 21:00,46,20,26,
2. Dez. 2021 21:15,30,14,16,
2. Dez. 2021 21:30,42,14,28,
2. Dez. 2021 21:45,36,17,19,
2. Dez. 2021 22:00,44,15,29,
2. Dez. 2021 22:15,34,13,21,
2. Dez. 2021 22:30,28,11,17,
2. Dez. 2021 22:45,28,14,14,
2. Dez. 2021 23:00,40,16,24,
2. Dez. 2021 23:15,41,17,24,
2. Dez. 2021 23:30,22,9,13,
2. Dez. 2021 23:45,21,9,12,
3. Dez. 2021 00:00,17,9,8,
3. Dez. 2021 00:15,13,4,9,
3. Dez. 2021 00:30,16,6,10,
3. Dez. 2021 00:45,7,4,3,
3. Dez. 2021 01:00,8,1,7,
3. Dez. 2021 01:15,11,4,7,
3. Dez. 2021 01:30,10,3,7,
3. Dez. 2021 01:45,6,2,4,
3. Dez. 2021 02:00,6,1,5,
3. Dez. 2021 02:15,4,2,2,
3. Dez. 2021 02:30,6,3,3,
3. Dez. 2021 02:45,2,1,1,
3. Dez. 2021 03:00,1,1,0,
3. Dez. 2021 03:15,3,1,2,
3. Dez. 2021 03:30,5,1,4,
3. Dez. 2021 03:45,1,1,0,
3. Dez. 2021 04:00,0,0,0,
3. Dez. 2021 04:15,2,1,1,
3. Dez. 2021 04:30,2,2,0,
3. Dez. 2021 04:45,2,2,0,
3. Dez. 2021 05:00,1,0,1,
3. Dez. 2021 05:15,4,3,1,
3. Dez. 2021 05:30,7,5,2,
3. Dez. 2021 05:45,19,11,8,
3. Dez. 2021 06:00,18,11,7,
3. Dez. 2021 06:15,26,18,8,
3. Dez. 2021 06:30,32,14,18,
3. Dez. 2021 06:45,43,19,24,
3. Dez. 2021 07:00,55,28,27,
3. Dez. 2021 07:15,156,109,47,
3. Dez. 2021 07:30,390,247,143,
3. Dez. 2021 07:45,209,122,87,
3. Dez. 2021 08:00,129,74,55,
3. Dez. 2021 08:15,131,76,55,
3. Dez. 2021 08:30,127,58,69,
3. Dez. 2021 08:45,156,84,72,
3. Dez. 2021 09:00,128,82,46,
3. Dez. 2021 09:15,149,96,53,
3. Dez. 2021 09:30,153,92,61,
3. Dez. 2021 09:45,113,71,42,
3. Dez. 2021 10:00,103,62,41,
3. Dez. 2021 10:15,126,79,47,
3. Dez. 2021 10:30,95,53,42,
3. Dez. 2021 10:45,124,71,53,
3. Dez. 2021 11:00,107,46,61,
3. Dez. 2021 11:15,166,89,77,
3. Dez. 2021 11:30,139,68,71,
3. Dez. 2021 11:45,114,63,51,
3. Dez. 2021 12:00,150,62,88,
3. Dez. 2021 12:15,153,66,87,
3. Dez. 2021 12:30,169,81,88,
3. Dez. 2021 12:45,186,74,112,
3. Dez. 2021 13:00,366,104,262,
3. Dez. 2021 13:15,216,83,133,
3. Dez. 2021 13:30,174,80,94,
3. Dez. 2021 13:45,152,68,84,
3. Dez. 2021 14:00,158,71,87,
3. Dez. 2021 14:15,143,72,71,
3. Dez. 2021 14:30,137,64,73,
3. Dez. 2021 14:45,138,69,69,
3. Dez. 2021 15:00,144,71,73,
3. Dez. 2021 15:15,179,88,91,
3. Dez. 2021 15:30,155,66,89,
3. Dez. 2021 15:45,189,71,118,
3. Dez. 2021 16:00,153,61,92,
3. Dez. 2021 16:15,145,61,84,
3. Dez. 2021 16:30,150,76,74,
3. Dez. 2021 16:45,163,80,83,
3. Dez. 2021 17:00,172,93,79,
3. Dez. 2021 17:15,181,87,94,
3. Dez. 2021 17:30,127,67,60,
3. Dez. 2021 17:45,145,71,74,
3. Dez. 2021 18:00,133,62,71,
3. Dez. 2021 18:15,132,61,71,
3. Dez. 2021 18:30,92,36,56,
3. Dez. 2021 18:45,120,62,58,
3. Dez. 2021 19:00,111,57,54,
3. Dez. 2021 19:15,108,48,60,
3. Dez. 2021 19:30,91,47,44,
3. Dez. 2021 19:45,75,37,38,
3. Dez. 2021 20:00,78,38,40,
3. Dez. 2021 20:15,58,32,26,
3. Dez. 2021 20:30,73,44,29,
3. Dez. 2021 20:45,76,32,44,
3. Dez. 2021 21:00,52,26,26,
3. Dez. 2021 21:15,57,17,40,
3. Dez. 2021 21:30,40,20,20,
3. Dez. 2021 21:45,56,34,22,
3. Dez. 2021 22:00,45,18,27,
3. Dez. 2021 22:15,39,15,24,
3. Dez. 2021 22:30,38,16,22,
3. Dez. 2021 22:45,32,15,17,
3. Dez. 2021 23:00,36,14,22,
3. Dez. 2021 23:15,45,21,24,
3. Dez. 2021 23:30,29,13,16,
3. Dez. 2021 23:45,34,11,23,
4. Dez. 2021 00:00,36,21,15,
4. Dez. 2021 00:15,26,5,21,
4. Dez. 2021 00:30,36,11,25,
4. Dez. 2021 00:45,37,13,24,
4. Dez. 2021 01:00,29,10,19,
4. Dez. 2021 01:15,21,5,16,
4. Dez. 2021 01:30,22,8,14,
4. Dez. 2021 01:45,19,6,13,
4. Dez. 2021 02:00,14,7,7,
4. Dez. 2021 02:15,8,4,4,
4. Dez. 2021 02:30,21,8,13,
4. Dez. 2021 02:45,9,6,3,
4. Dez. 2021 03:00,9,3,6,
4. Dez. 2021 03:15,18,5,13,
4. Dez. 2021 03:30,15,3,12,
4. Dez. 2021 03:45,8,1,7,
4. Dez. 2021 04:00,2,1,1,
4. Dez. 2021 04:15,2,2,0,
4. Dez. 2021 04:30,3,0,3,
4. Dez. 2021 04:45,11,8,3,
4. Dez. 2021 05:00,3,2,1,
4. Dez. 2021 05:15,2,1,1,
4. Dez. 2021 05:30,8,4,4,
4. Dez. 2021 05:45,11,6,5,
4. Dez. 2021 06:00,5,3,2,
4. Dez. 2021 06:15,7,6,1,
4. Dez. 2021 06:30,8,4,4,
4. Dez. 2021 06:45,14,6,8,
4. Dez. 2021 07:00,5,4,1,
4. Dez. 2021 07:15,8,4,4,
4. Dez. 2021 07:30,14,6,8,
4. Dez. 2021 07:45,11,7,4,
4. Dez. 2021 08:00,19,13,6,
4. Dez. 2021 08:15,23,18,5,
4. Dez. 2021 08:30,28,15,13,
4. Dez. 2021 08:45,30,20,10,
4. Dez. 2021 09:00,23,16,7,
4. Dez. 2021 09:15,27,13,14,
4. Dez. 2021 09:30,38,21,17,
4. Dez. 2021 09:45,60,32,28,
4. Dez. 2021 10:00,40,27,13,
4. Dez. 2021 10:15,67,39,28,
4. Dez. 2021 10:30,45,24,21,
4. Dez. 2021 10:45,73,43,30,
4. Dez. 2021 11:00,71,37,34,
4. Dez. 2021 11:15,91,37,54,
4. Dez. 2021 11:30,70,41,29,
4. Dez. 2021 11:45,75,40,35,
4. Dez. 2021 12:00,71,37,34,
4. Dez. 2021 12:15,81,46,35,
4. Dez. 2021 12:30,77,38,39,
4. Dez. 2021 12:45,93,60,33,
4. Dez. 2021 13:00,66,32,34,
4. Dez. 2021 13:15,55,19,36,
4. Dez. 2021 13:30,65,37,28,
4. Dez. 2021 13:45,53,29,24,
4. Dez. 2021 14:00,58,23,35,
4. Dez. 2021 14:15,68,28,40,
4. Dez. 2021 14:30,46,18,28,
4. Dez. 2021 14:45,70,35,35,
4. Dez. 2021 15:00,62,32,30,
4. Dez. 2021 15:15,67,29,38,
4. Dez. 2021 15:30,49,25,24,
4. Dez. 2021 15:45,57,34,23,
4. Dez. 2021 16:00,62,36,26,
4. Dez. 2021 16:15,66,35,31,
4. Dez. 2021 16:30,59,28,31,
4. Dez. 2021 16:45,61,17,44,
4. Dez. 2021 17:00,60,20,40,
4. Dez. 2021 17:15,60,30,30,
4. Dez. 2021 17:30,55,22,33,
4. Dez. 2021 17:45,71,38,33,
4. Dez. 2021 18:00,77,29,48,
4. Dez. 2021 18:15,70,31,39,
4. Dez. 2021 18:30,55,30,25,
4. Dez. 2021 18:45,52,31,21,
4. Dez. 2021 19:00,33,16,17,
4. Dez. 2021 19:15,30,15,15,
4. Dez. 2021 19:30,53,25,28,
4. Dez. 2021 19:45,32,16,16,
4. Dez. 2021 20:00,49,19,30,
4. Dez. 2021 20:15,42,19,23,
4. Dez. 2021 20:30,43,16,27,
4. Dez. 2021 20:45,37,16,21,
4. Dez. 2021 21:00,34,16,18,
4. Dez. 2021 21:15,18,9,9,
4. Dez. 2021 21:30,22,16,6,
4. Dez. 2021 21:45,21,5,16,
4. Dez. 2021 22:00,17,7,10,
4. Dez. 2021 22:15,17,8,9,
4. Dez. 2021 22:30,16,7,9,
4. Dez. 2021 22:45,26,11,15,
4. Dez. 2021 23:00,22,10,12,
4. Dez. 2021 23:15,21,8,13,
4. Dez. 2021 23:30,19,5,14,
4. Dez. 2021 23:45,11,5,6,
5. Dez. 2021 00:00,12,7,5,
5. Dez. 2021 00:15,17,10,7,
5. Dez. 2021 00:30,13,7,6,
5. Dez. 2021 00:45,7,3,4,
5. Dez. 2021 01:00,22,9,13,
5. Dez. 2021 01:15,19,5,14,
5. Dez. 2021 01:30,15,6,9,
5. Dez. 2021 01:45,12,7,5,
5. Dez. 2021 02:00,13,9,4,
5. Dez. 2021 02:15,12,5,7,
5. Dez. 2021 02:30,10,6,4,
5. Dez. 2021 02:45,16,2,14,
5. Dez. 2021 03:00,9,3,6,
5. Dez. 2021 03:15,13,4,9,
5. Dez. 2021 03:30,3,1,2,
5. Dez. 2021 03:45,15,5,10,
5. Dez. 2021 04:00,10,8,2,
5. Dez. 2021 04:15,2,1,1,
5. Dez. 2021 04:30,9,2,7,
5. Dez. 2021 04:45,2,1,1,
5. Dez. 2021 05:00,3,2,1,
5. Dez. 2021 05:15,3,1,2,
5. Dez. 2021 05:30,6,2,4,
5. Dez. 2021 05:45,6,1,5,
5. Dez. 2021 06:00,2,1,1,
5. Dez. 2021 06:15,9,5,4,
5. Dez. 2021 06:30,8,6,2,
5. Dez. 2021 06:45,7,5,2,
5. Dez. 2021 07:00,6,4,2,
5. Dez. 2021 07:15,10,5,5,
5. Dez. 2021 07:30,5,2,3,
5. Dez. 2021 07:45,11,4,7,
5. Dez. 2021 08:00,4,2,2,
5. Dez. 2021 08:15,18,13,5,
5. Dez. 2021 08:30,12,4,8,
5. Dez. 2021 08:45,18,9,9,
5. Dez. 2021 09:00,13,5,8,
5. Dez. 2021 09:15,37,18,19,
5. Dez. 2021 09:30,29,11,18,
5. Dez. 2021 09:45,49,30,19,
5. Dez. 2021 10:00,39,17,22,
5. Dez. 2021 10:15,39,19,20,
5. Dez. 2021 10:30,37,14,23,
5. Dez. 2021 10:45,51,25,26,
5. Dez. 2021 11:00,56,27,29,
5. Dez. 2021 11:15,73,37,36,
5. Dez. 2021 11:30,55,26,29,
5. Dez. 2021 11:45,49,28,21,
5. Dez. 2021 12:00,69,34,35,
5. Dez. 2021 12:15,58,25,33,
5. Dez. 2021 12:30,83,31,52,
5. Dez. 2021 12:45,72,33,39,
5. Dez. 2021 13:00,49,22,27,
5. Dez. 2021 13:15,72,35,37,
5. Dez. 2021 13:30,87,51,36,
5. Dez. 2021 13:45,86,51,35,
5. Dez. 2021 14:00,93,59,34,
5. Dez. 2021 14:15,83,44,39,
5. Dez. 2021 14:30,103,62,41,
5. Dez. 2021 14:45,96,54,42,
5. Dez. 2021 15:00,68,27,41,
5. Dez. 2021 15:15,70,32,38,
5. Dez. 2021 15:30,71,35,36,
5. Dez. 2021 15:45,62,34,28,
5. Dez. 2021 16:00,60,24,36,
5. Dez. 2021 16:15,64,30,34,
5. Dez. 2021 16:30,87,30,57,
5. Dez. 2021 16:45,71,37,34,
5. Dez. 2021 17:00,80,23,57,
5. Dez. 2021 17:15,57,20,37,
5. Dez. 2021 17:30,81,35,46,
5. Dez. 2021 17:45,77,29,48,
5. Dez. 2021 18:00,45,25,20,
5. Dez. 2021 18:15,42,25,17,
5. Dez. 2021 18:30,53,24,29,
5. Dez. 2021 18:45,70,30,40,
5. Dez. 2021 19:00,41,18,23,
5. Dez. 2021 19:15,38,24,14,
5. Dez. 2021 19:30,48,28,20,
5. Dez. 2021 19:45,52,29,23,
5. Dez. 2021 20:00,46,25,21,
5. Dez. 2021 20:15,33,15,18,
5. Dez. 2021 20:30,23,17,6,
5. Dez. 2021 20:45,26,15,11,
5. Dez. 2021 21:00,19,8,11,
5. Dez. 2021 21:15,17,12,5,
5. Dez. 2021 21:30,16,7,9,
5. Dez. 2021 21:45,24,11,13,
5. Dez. 2021 22:00,24,15,9,
5. Dez. 2021 22:15,15,7,8,
5. Dez. 2021 22:30,11,6,5,
5. Dez. 2021 22:45,12,4,8,
5. Dez. 2021 23:00,14,9,5,
5. Dez. 2021 23:15,8,2,6,
5. Dez. 2021 23:30,14,5,9,
5. Dez. 2021 23:45,9,8,1,
6. Dez. 2021 00:00,10,7,3,
6. Dez. 2021 00:15,11,8,3,
6. Dez. 2021 00:30,4,1,3,
6. Dez. 2021 00:45,5,4,1,
6. Dez. 2021 01:00,5,3,2,
6. Dez. 2021 01:15,2,0,2,
6. Dez. 2021 01:30,3,2,1,
6. Dez. 2021 01:45,5,3,2,
6. Dez. 2021 02:00,3,2,1,
6. Dez. 2021 02:15,1,0,1,
6. Dez. 2021 02:30,2,0,2,
6. Dez. 2021 02:45,1,0,1,
6. Dez. 2021 03:00,0,0,0,
6. Dez. 2021 03:15,0,0,0,
6. Dez. 2021 03:30,0,0,0,
6. Dez. 2021 03:45,1,1,0,
6. Dez. 2021 04:00,0,0,0,
6. Dez. 2021 04:15,2,1,1,
6. Dez. 2021 04:30,2,1,1,
6. Dez. 2021 04:45,1,1,0,
6. Dez. 2021 05:00,2,2,0,
6. Dez. 2021 05:15,2,1,1,
6. Dez. 2021 05:30,15,7,8,
6. Dez. 2021 05:45,13,6,7,
6. Dez. 2021 06:00,23,14,9,
6. Dez. 2021 06:15,27,22,5,
6. Dez. 2021 06:30,29,19,10,
6. Dez. 2021 06:45,63,25,38,
6. Dez. 2021 07:00,71,41,30,
6. Dez. 2021 07:15,173,95,78,
6. Dez. 2021 07:30,370,236,134,
6. Dez. 2021 07:45,260,153,107,
6. Dez. 2021 08:00,155,80,75,
6. Dez. 2021 08:15,143,79,64,
6. Dez. 2021 08:30,160,81,79,
6. Dez. 2021 08:45,171,91,80,
6. Dez. 2021 09:00,134,83,51,
6. Dez. 2021 09:15,132,82,50,
6. Dez. 2021 09:30,183,115,68,
6. Dez. 2021 09:45,116,67,49,
6. Dez. 2021 10:00,80,40,40,
6. Dez. 2021 10:15,78,36,42,
6. Dez. 2021 10:30,76,45,31,
6. Dez. 2021 10:45,93,60,33,
6. Dez. 2021 11:00,97,39,58,
6. Dez. 2021 11:15,177,93,84,
6. Dez. 2021 11:30,127,58,69,
6. Dez. 2021 11:45,91,41,50,
6. Dez. 2021 12:00,126,58,68,
6. Dez. 2021 12:15,119,59,60,
6. Dez. 2021 12:30,112,57,55,
6. Dez. 2021 12:45,158,65,93,
6. Dez. 2021 13:00,296,108,188,
6. Dez. 2021 13:15,167,70,97,
6. Dez. 2021 13:30,155,80,75,
6. Dez. 2021 13:45,217,124,93,
6. Dez. 2021 14:00,125,59,66,
6. Dez. 2021 14:15,141,95,46,
6. Dez. 2021 14:30,131,65,66,
6. Dez. 2021 14:45,161,80,81,
6. Dez. 2021 15:00,131,67,64,
6. Dez. 2021 15:15,156,70,86,
6. Dez. 2021 15:30,356,137,219,
6. Dez. 2021 15:45,188,85,103,
6. Dez. 2021 16:00,173,83,90,
6. Dez. 2021 16:15,166,84,82,
6. Dez. 2021 16:30,160,71,89,
6. Dez. 2021 16:45,194,75,119,
6. Dez. 2021 17:00,159,61,98,
6. Dez. 2021 17:15,281,121,160,
6. Dez. 2021 17:30,167,63,104,
6. Dez. 2021 17:45,185,81,104,
6. Dez. 2021 18:00,175,82,93,
6. Dez. 2021 18:15,125,53,72,
6. Dez. 2021 18:30,122,50,72,
6. Dez. 2021 18:45,165,80,85,
6. Dez. 2021 19:00,142,55,87,
6. Dez. 2021 19:15,119,63,56,
6. Dez. 2021 19:30,87,43,44,
6. Dez. 2021 19:45,94,30,64,
6. Dez. 2021 20:00,84,36,48,
6. Dez. 2021 20:15,90,48,42,
6. Dez. 2021 20:30,60,19,41,
6. Dez. 2021 20:45,55,29,26,
6. Dez. 2021 21:00,53,25,28,
6. Dez. 2021 21:15,55,27,28,
6. Dez. 2021 21:30,40,20,20,
6. Dez. 2021 21:45,36,21,15,
6. Dez. 2021 22:00,43,18,25,
6. Dez. 2021 22:15,39,25,14,
6. Dez. 2021 22:30,26,13,13,
6. Dez. 2021 22:45,16,6,10,
6. Dez. 2021 23:00,21,6,15,
6. Dez. 2021 23:15,18,7,11,
6. Dez. 2021 23:30,19,8,11,
6. Dez. 2021 23:45,12,2,10,
7. Dez. 2021 00:00,10,6,4,
7. Dez. 2021 00:15,6,3,3,
7. Dez. 2021 00:30,14,8,6,
7. Dez. 2021 00:45,8,4,4,
7. Dez. 2021 01:00,9,1,8,
7. Dez. 2021 01:15,1,1,0,
7. Dez. 2021 01:30,3,1,2,
7. Dez. 2021 01:45,7,6,1,
7. Dez. 2021 02:00,3,1,2,
7. Dez. 2021 02:15,2,0,2,
7. Dez. 2021 02:30,1,0,1,
7. Dez. 2021 02:45,1,1,0,
7. Dez. 2021 03:00,0,0,0,
7. Dez. 2021 03:15,3,2,1,
7. Dez. 2021 03:30,0,0,0,
7. Dez. 2021 03:45,1,1,0,
7. Dez. 2021 04:00,1,1,0,
7. Dez. 2021 04:15,0,0,0,
7. Dez. 2021 04:30,3,2,1,
7. Dez. 2021 04:45,2,0,2,
7. Dez. 2021 05:00,2,1,1,
7. Dez. 2021 05:15,4,3,1,
7. Dez. 2021 05:30,9,6,3,
7. Dez. 2021 05:45,17,9,8,
7. Dez. 2021 06:00,23,15,8,
7. Dez. 2021 06:15,34,23,11,
7. Dez. 2021 06:30,36,15,21,
7. Dez. 2021 06:45,65,39,26,
7. Dez. 2021 07:00,53,25,28,
7. Dez. 2021 07:15,164,115,49,
7. Dez. 2021 07:30,386,246,140,
7. Dez. 2021 07:45,278,168,110,
7. Dez. 2021 08:00,188,95,93,
7. Dez. 2021 08:15,183,99,84,
7. Dez. 2021 08:30,154,83,71,
7. Dez. 2021 08:45,147,71,76,
7. Dez. 2021 09:00,127,74,53,
7. Dez. 2021 09:15,141,83,58,
7. Dez. 2021 09:30,205,138,67,
7. Dez. 2021 09:45,131,82,49,
7. Dez. 2021 10:00,79,49,30,
7. Dez. 2021 10:15,86,50,36,
7. Dez. 2021 10:30,81,46,35,
7. Dez. 2021 10:45,87,45,42,
7. Dez. 2021 11:00,97,48,49,
7. Dez. 2021 11:15,186,99,87,
7. Dez. 2021 11:30,121,63,58,
7. Dez. 2021 11:45,90,51,39,
7. Dez. 2021 12:00,132,52,80,
7. Dez. 2021 12:15,138,64,74,
7. Dez. 2021 12:30,120,59,61,
7. Dez. 2021 12:45,151,68,83,
7. Dez. 2021 13:00,279,87,192,
7. Dez. 2021 13:15,181,86,95,
7. Dez. 2021 13:30,170,86,84,
7. Dez. 2021 13:45,235,145,90,
7. Dez. 2021 14:00,136,65,71,
7. Dez. 2021 14:15,127,67,60,
7. Dez. 2021 14:30,100,45,55,
7. Dez. 2021 14:45,149,72,77,
7. Dez. 2021 15:00,134,61,73,
7. Dez. 2021 15:15,148,78,70,
7. Dez. 2021 15:30,301,129,172,
7. Dez. 2021 15:45,233,117,116,
7. Dez. 2021 16:00,219,87,132,
7. Dez. 2021 16:15,177,80,97,
7. Dez. 2021 16:30,193,83,110,
7. Dez. 2021 16:45,185,69,116,
7. Dez. 2021 17:00,188,91,97,
7. Dez. 2021 17:15,282,111,171,
7. Dez. 2021 17:30,195,82,113,
7. Dez. 2021 17:45,183,97,86,
7. Dez. 2021 18:00,147,58,89,
7. Dez. 2021 18:15,175,84,91,
7. Dez. 2021 18:30,146,64,82,
7. Dez. 2021 18:45,165,89,76,
7. Dez. 2021 19:00,155,75,80,
7. Dez. 2021 19:15,111,45,66,
7. Dez. 2021 19:30,101,45,56,
7. Dez. 2021 19:45,104,40,64,
7. Dez. 2021 20:00,92,31,61,
7. Dez. 2021 20:15,93,44,49,
7. Dez. 2021 20:30,85,40,45,
7. Dez. 2021 20:45,54,21,33,
7. Dez. 2021 21:00,54,24,30,
7. Dez. 2021 21:15,44,27,17,
7. Dez. 2021 21:30,35,18,17,
7. Dez. 2021 21:45,53,28,25,
7. Dez. 2021 22:00,28,9,19,
7. Dez. 2021 22:15,49,14,35,
7. Dez. 2021 22:30,23,15,8,
7. Dez. 2021 22:45,30,14,16,
7. Dez. 2021 23:00,28,11,17,
7. Dez. 2021 23:15,31,14,17,
7. Dez. 2021 23:30,15,6,9,
7. Dez. 2021 23:45,17,9,8,
8. Dez. 2021 00:00,17,10,7,
8. Dez. 2021 00:15,11,4,7,
8. Dez. 2021 00:30,13,4,9,
8. Dez. 2021 00:45,6,2,4,
8. Dez. 2021 01:00,13,6,7,
8. Dez. 2021 01:15,8,3,5,
8. Dez. 2021 01:30,13,8,5,
8. Dez. 2021 01:45,8,4,4,
8. Dez. 2021 02:00,2,1,1,
8. Dez. 2021 02:15,5,1,4,
8. Dez. 2021 02:30,0,0,0,
8. Dez. 2021 02:45,3,2,1,
8. Dez. 2021 03:00,1,0,1,
8. Dez. 2021 03:15,0,0,0,
8. Dez. 2021 03:30,1,0,1,
8. Dez. 2021 03:45,0,0,0,
8. Dez. 2021 04:00,3,0,3,
8. Dez. 2021 04:15,3,2,1,
8. Dez. 2021 04:30,4,4,0,
8. Dez. 2021 04:45,0,0,0,
8. Dez. 2021 05:00,2,1,1,
8. Dez. 2021 05:15,3,1,2,
8. Dez. 2021 05:30,6,3,3,
8. Dez. 2021 05:45,21,11,10,
8. Dez. 2021 06:00,15,11,4,
8. Dez. 2021 06:15,22,16,6,
8. Dez. 2021 06:30,44,23,21,
8. Dez. 2021 06:45,58,28,30,
8. Dez. 2021 07:00,54,32,22,
8. Dez. 2021 07:15,119,74,45,
8. Dez. 2021 07:30,332,205,127,
8. Dez. 2021 07:45,221,139,82,
8. Dez. 2021 08:00,149,70,79,
8. Dez. 2021 08:15,122,68,54,
8. Dez. 2021 08:30,97,52,45,
8. Dez. 2021 08:45,113,57,56,
8. Dez. 2021 09:00,82,48,34,
8. Dez. 2021 09:15,122,71,51,
8. Dez. 2021 09:30,143,76,67,
8. Dez. 2021 09:45,85,54,31,
8. Dez. 2021 10:00,63,33,30,
8. Dez. 2021 10:15,51,29,22,
8. Dez. 2021 10:30,61,31,30,
8. Dez. 2021 10:45,58,35,23,
8. Dez. 2021 11:00,82,38,44,
8. Dez. 2021 11:15,121,32,89,
8. Dez. 2021 11:30,72,38,34,
8. Dez. 2021 11:45,69,37,32,
8. Dez. 2021 12:00,90,46,44,
8. Dez. 2021 12:15,69,33,36,
8. Dez. 2021 12:30,100,51,49,
8. Dez. 2021 12:45,91,49,42,
8. Dez. 2021 13:00,278,104,174,
8. Dez. 2021 13:15,92,43,49,
8. Dez. 2021 13:30,116,65,51,
8. Dez. 2021 13:45,126,81,45,
8. Dez. 2021 14:00,63,35,28,
8. Dez. 2021 14:15,76,44,32,
8. Dez. 2021 14:30,78,35,43,
8. Dez. 2021 14:45,80,38,42,
8. Dez. 2021 15:00,92,40,52,
8. Dez. 2021 15:15,97,46,51,
8. Dez. 2021 15:30,194,64,130,
8. Dez. 2021 15:45,141,54,87,
8. Dez. 2021 16:00,101,52,49,
8. Dez. 2021 16:15,93,47,46,
8. Dez. 2021 16:30,100,46,54,
8. Dez. 2021 16:45,106,49,57,
8. Dez. 2021 17:00,113,62,51,
8. Dez. 2021 17:15,130,62,68,
8. Dez. 2021 17:30,103,49,54,
8. Dez. 2021 17:45,111,45,66,
8. Dez. 2021 18:00,112,53,59,
8. Dez. 2021 18:15,94,45,49,
8. Dez. 2021 18:30,74,21,53,
8. Dez. 2021 18:45,107,45,62,
8. Dez. 2021 19:00,99,40,59,
8. Dez. 2021 19:15,76,34,42,
8. Dez. 2021 19:30,66,26,40,
8. Dez. 2021 19:45,54,32,22,
8. Dez. 2021 20:00,61,27,34,
8. Dez. 2021 20:15,68,43,25,
8. Dez. 2021 20:30,56,24,32,
8. Dez. 2021 20:45,38,23,15,
8. Dez. 2021 21:00,43,18,25,
8. Dez. 2021 21:15,48,19,29,
8. Dez. 2021 21:30,26,11,15,
8. Dez. 2021 21:45,30,12,18,
8. Dez. 2021 22:00,23,9,14,
8. Dez. 2021 22:15,24,8,16,
8. Dez. 2021 22:30,17,10,7,
8. Dez. 2021 22:45,20,9,11,
8. Dez. 2021 23:00,30,8,22,
8. Dez. 2021 23:15,20,7,13,
8. Dez. 2021 23:30,19,12,7,
8. Dez. 2021 23:45,8,3,5,
9. Dez. 2021 00:00,9,2,7,
9. Dez. 2021 00:15,8,2,6,
9. Dez. 2021 00:30,19,12,7,
9. Dez. 2021 00:45,13,3,10,
9. Dez. 2021 01:00,12,4,8,
9. Dez. 2021 01:15,4,0,4,
9. Dez. 2021 01:30,4,0,4,
9. Dez. 2021 01:45,5,4,1,
9. Dez. 2021 02:00,1,0,1,
9. Dez. 2021 02:15,8,2,6,
9. Dez. 2021 02:30,4,3,1,
9. Dez. 2021 02:45,2,0,2,
9. Dez. 2021 03:00,2,1,1,
9. Dez. 2021 03:15,2,0,2,
9. Dez. 2021 03:30,0,0,0,
9. Dez. 2021 03:45,0,0,0,
9. Dez. 2021 04:00,0,0,0,
9. Dez. 2021 04:15,6,1,5,
9. Dez. 2021 04:30,1,1,0,
9. Dez. 2021 04:45,0,0,0,
9. Dez. 2021 05:00,1,0,1,
9. Dez. 2021 05:15,11,7,4,
9. Dez. 2021 05:30,7,4,3,
9. Dez. 2021 05:45,18,12,6,
9. Dez. 2021 06:00,15,8,7,
9. Dez. 2021 06:15,31,22,9,
9. Dez. 2021 06:30,33,20,13,
9. Dez. 2021 06:45,43,21,22,
9. Dez. 2021 07:00,42,21,21,
9. Dez. 2021 07:15,128,85,43,
9. Dez. 2021 07:30,344,238,106,
9. Dez. 2021 07:45,227,131,96,
9. Dez. 2021 08:00,151,73,78,
9. Dez. 2021 08:15,152,77,75,
9. Dez. 2021 08:30,138,79,59,
9. Dez. 2021 08:45,140,91,49,
9. Dez. 2021 09:00,94,58,36,
9. Dez. 2021 09:15,116,68,48,
9. Dez. 2021 09:30,162,85,77,
9. Dez. 2021 09:45,119,79,40,
9. Dez. 2021 10:00,89,47,42,
9. Dez. 2021 10:15,73,51,22,
9. Dez. 2021 10:30,55,27,28,
9. Dez. 2021 10:45,107,50,57,
9. Dez. 2021 11:00,111,47,64,
9. Dez. 2021 11:15,161,73,88,
9. Dez. 2021 11:30,103,51,52,
9. Dez. 2021 11:45,86,41,45,
9. Dez. 2021 12:00,94,53,41,
9. Dez. 2021 12:15,83,42,41,
9. Dez. 2021 12:30,112,35,77,
9. Dez. 2021 12:45,121,46,75,
9. Dez. 2021 13:00,249,69,180,
9. Dez. 2021 13:15,149,63,86,
9. Dez. 2021 13:30,131,68,63,
9. Dez. 2021 13:45,190,114,76,
9. Dez. 2021 14:00,139,65,74,
9. Dez. 2021 14:15,82,46,36,
9. Dez. 2021 14:30,96,57,39,
9. Dez. 2021 14:45,135,72,63,
9. Dez. 2021 15:00,133,73,60,
9. Dez. 2021 15:15,163,80,83,
9. Dez. 2021 15:30,274,131,143,
9. Dez. 2021 15:45,226,112,114,
9. Dez. 2021 16:00,149,88,61,
9. Dez. 2021 16:15,147,79,68,
9. Dez. 2021 16:30,155,81,74,
9. Dez. 2021 16:45,181,107,74,
9. Dez. 2021 17:00,167,80,87,
9. Dez. 2021 17:15,227,83,144,
9. Dez. 2021 17:30,162,73,89,
9. Dez. 2021 17:45,148,63,85,
9. Dez. 2021 18:00,169,74,95,
9. Dez. 2021 18:15,168,80,88,
9. Dez. 2021 18:30,146,75,71,
9. Dez. 2021 18:45,122,57,65,
9. Dez. 2021 19:00,151,59,92,
9. Dez. 2021 19:15,103,51,52,
9. Dez. 2021 19:30,95,42,53,
9. Dez. 2021 19:45,67,35,32,
9. Dez. 2021 20:00,102,44,58,
9. Dez. 2021 20:15,78,35,43,
9. Dez. 2021 20:30,68,35,33,
9. Dez. 2021 20:45,65,23,42,
9. Dez. 2021 21:00,58,29,29,
9. Dez. 2021 21:15,46,14,32,
9. Dez. 2021 21:30,49,24,25,
9. Dez. 2021 21:45,53,31,22,
9. Dez. 2021 22:00,34,10,24,
9. Dez. 2021 22:15,49,21,28,
9. Dez. 2021 22:30,28,11,17,
9. Dez. 2021 22:45,18,7,11,
9. Dez. 2021 23:00,25,7,18,
9. Dez. 2021 23:15,26,13,13,
9. Dez. 2021 23:30,26,13,13,
9. Dez. 2021 23:45,26,15,11,
10. Dez. 2021 00:00,16,6,10,
10. Dez. 2021 00:15,17,5,12,
10. Dez. 2021 00:30,9,6,3,
10. Dez. 2021 00:45,10,4,6,
10. Dez. 2021 01:00,11,5,6,
10. Dez. 2021 01:15,9,3,6,
10. Dez. 2021 01:30,6,4,2,
10. Dez. 2021 01:45,3,1,2,
10. Dez. 2021 02:00,2,0,2,
10. Dez. 2021 02:15,5,3,2,
10. Dez. 2021 02:30,1,0,1,
10. Dez. 2021 02:45,5,3,2,
10. Dez. 2021 03:00,7,4,3,
10. Dez. 2021 03:15,0,0,0,
10. Dez. 2021 03:30,2,2,0,
10. Dez. 2021 03:45,6,3,3,
10. Dez. 2021 04:00,4,1,3,
10. Dez. 2021 04:15,5,1,4,
10. Dez. 2021 04:30,3,3,0,
10. Dez. 2021 04:45,0,0,0,
10. Dez. 2021 05:00,2,2,0,
10. Dez. 2021 05:15,5,3,2,
10. Dez. 2021 05:30,3,1,2,
10. Dez. 2021 05:45,12,6,6,
10. Dez. 2021 06:00,10,7,3,
10. Dez. 2021 06:15,21,16,5,
10. Dez. 2021 06:30,41,21,20,
10. Dez. 2021 06:45,47,25,22,
10. Dez. 2021 07:00,37,21,16,
10. Dez. 2021 07:15,138,88,50,
10. Dez. 2021 07:30,326,199,127,
10. Dez. 2021 07:45,178,107,71,
10. Dez. 2021 08:00,107,55,52,
10. Dez. 2021 08:15,131,68,63,
10. Dez. 2021 08:30,119,69,50,
10. Dez. 2021 08:45,135,83,52,
10. Dez. 2021 09:00,130,77,53,
10. Dez. 2021 09:15,144,98,46,
10. Dez. 2021 09:30,143,85,58,
10. Dez. 2021 09:45,101,59,42,
10. Dez. 2021 10:00,101,61,40,
10. Dez. 2021 10:15,82,45,37,
10. Dez. 2021 10:30,96,55,41,
10. Dez. 2021 10:45,80,45,35,
10. Dez. 2021 11:00,106,50,56,
10. Dez. 2021 11:15,134,60,74,
10. Dez. 2021 11:30,116,61,55,
10. Dez. 2021 11:45,100,57,43,
10. Dez. 2021 12:00,123,46,77,
10. Dez. 2021 12:15,143,69,74,
10. Dez. 2021 12:30,161,83,78,
10. Dez. 2021 12:45,149,64,85,
10. Dez. 2021 13:00,299,84,215,
10. Dez. 2021 13:15,173,66,107,
10. Dez. 2021 13:30,121,57,64,
10. Dez. 2021 13:45,113,55,58,
10. Dez. 2021 14:00,92,38,54,
10. Dez. 2021 14:15,83,40,43,
10. Dez. 2021 14:30,94,52,42,
10. Dez. 2021 14:45,103,52,51,
10. Dez. 2021 15:00,89,37,52,
10. Dez. 2021 15:15,92,50,42,
10. Dez. 2021 15:30,109,43,66,
10. Dez. 2021 15:45,124,45,79,
10. Dez. 2021 16:00,102,57,45,
10. Dez. 2021 16:15,89,43,46,
10. Dez. 2021 16:30,103,55,48,
10. Dez. 2021 16:45,101,57,44,
10. Dez. 2021 17:00,124,54,70,
10. Dez. 2021 17:15,100,57,43,
10. Dez. 2021 17:30,104,58,46,
10. Dez. 2021 17:45,93,47,46,
10. Dez. 2021 18:00,91,39,52,
10. Dez. 2021 18:15,88,32,56,
10. Dez. 2021 18:30,92,37,55,
10. Dez. 2021 18:45,82,34,48,
10. Dez. 2021 19:00,86,40,46,
10. Dez. 2021 19:15,76,41,35,
10. Dez. 2021 19:30,73,32,41,
10. Dez. 2021 19:45,71,32,39,
10. Dez. 2021 20:00,65,29,36,
10. Dez. 2021 20:15,60,33,27,
10. Dez. 2021 20:30,38,23,15,
10. Dez. 2021 20:45,43,23,20,
10. Dez. 2021 21:00,49,21,28,
10. Dez. 2021 21:15,35,19,16,
10. Dez. 2021 21:30,33,14,19,
10. Dez. 2021 21:45,44,21,23,
10. Dez. 2021 22:00,25,11,14,
10. Dez. 2021 22:15,25,13,12,
10. Dez. 2021 22:30,41,22,19,
10. Dez. 2021 22:45,27,10,17,
10. Dez. 2021 23:00,20,6,14,
10. Dez. 2021 23:15,16,13,3,
10. Dez. 2021 23:30,30,13,17,
10. Dez. 2021 23:45,36,16,20,
11. Dez. 2021 00:00,40,13,27,
11. Dez. 2021 00:15,16,8,8,
11. Dez. 2021 00:30,24,15,9,
11. Dez. 2021 00:45,19,9,10,
11. Dez. 2021 01:00,28,6,22,
11. Dez. 2021 01:15,20,13,7,
11. Dez. 2021 01:30,12,6,6,
11. Dez. 2021 01:45,13,4,9,
11. Dez. 2021 02:00,8,3,5,
11. Dez. 2021 02:15,26,8,18,
11. Dez. 2021 02:30,12,4,8,
11. Dez. 2021 02:45,8,0,8,
11. Dez. 2021 03:00,6,0,6,
11. Dez. 2021 03:15,9,4,5,
11. Dez. 2021 03:30,9,0,9,
11. Dez. 2021 03:45,5,1,4,
11. Dez. 2021 04:00,7,3,4,
11. Dez. 2021 04:15,4,2,2,
11. Dez. 2021 04:30,6,4,2,
11. Dez. 2021 04:45,3,3,0,
11. Dez. 2021 05:00,2,1,1,
11. Dez. 2021 05:15,1,0,1,
11. Dez. 2021 05:30,8,7,1,
11. Dez. 2021 05:45,14,8,6,
11. Dez. 2021 06:00,9,7,2,
11. Dez. 2021 06:15,4,3,1,
11. Dez. 2021 06:30,14,11,3,
11. Dez. 2021 06:45,22,7,15,
11. Dez. 2021 07:00,10,6,4,
11. Dez. 2021 07:15,7,5,2,
11. Dez. 2021 07:30,10,4,6,
11. Dez. 2021 07:45,14,11,3,
11. Dez. 2021 08:00,8,3,5,
11. Dez. 2021 08:15,27,12,15,
11. Dez. 2021 08:30,22,12,10,
11. Dez. 2021 08:45,47,25,22,
11. Dez. 2021 09:00,39,19,20,
11. Dez. 2021 09:15,37,23,14,
11. Dez. 2021 09:30,47,26,21,
11. Dez. 2021 09:45,92,50,42,
11. Dez. 2021 10:00,80,52,28,
11. Dez. 2021 10:15,64,34,30,
11. Dez. 2021 10:30,75,45,30,
11. Dez. 2021 10:45,71,51,20,
11. Dez. 2021 11:00,54,35,19,
11. Dez. 2021 11:15,96,54,42,
11. Dez. 2021 11:30,83,52,31,
11. Dez. 2021 11:45,96,53,43,
11. Dez. 2021 12:00,84,44,40,
11. Dez. 2021 12:15,85,44,41,
11. Dez. 2021 12:30,82,41,41,
11. Dez. 2021 12:45,92,45,47,
11. Dez. 2021 13:00,87,45,42,
11. Dez. 2021 13:15,83,47,36,
11. Dez. 2021 13:30,97,54,43,
11. Dez. 2021 13:45,106,59,47,
11. Dez. 2021 14:00,105,59,46,
11. Dez. 2021 14:15,82,38,44,
11. Dez. 2021 14:30,89,39,50,
11. Dez. 2021 14:45,108,54,54,
11. Dez. 2021 15:00,113,49,64,
11. Dez. 2021 15:15,98,51,47,
11. Dez. 2021 15:30,100,54,46,
11. Dez. 2021 15:45,75,33,42,
11. Dez. 2021 16:00,64,28,36,
11. Dez. 2021 16:15,91,46,45,
11. Dez. 2021 16:30,91,42,49,
11. Dez. 2021 16:45,68,32,36,
11. Dez. 2021 17:00,90,39,51,
11. Dez. 2021 17:15,64,25,39,
11. Dez. 2021 17:30,85,47,38,
11. Dez. 2021 17:45,81,33,48,
11. Dez. 2021 18:00,74,24,50,
11. Dez. 2021 18:15,70,22,48,
11. Dez. 2021 18:30,80,37,43,
11. Dez. 2021 18:45,63,17,46,
11. Dez. 2021 19:00,79,39,40,
11. Dez. 2021 19:15,83,50,33,
11. Dez. 2021 19:30,51,31,20,
11. Dez. 2021 19:45,54,27,27,
11. Dez. 2021 20:00,63,36,27,
11. Dez. 2021 20:15,50,25,25,
11. Dez. 2021 20:30,63,29,34,
11. Dez. 2021 20:45,36,20,16,
11. Dez. 2021 21:00,31,17,14,
11. Dez. 2021 21:15,37,21,16,
11. Dez. 2021 21:30,38,11,27,
11. Dez. 2021 21:45,34,22,12,
11. Dez. 2021 22:00,36,10,26,
11. Dez. 2021 22:15,43,18,25,
11. Dez. 2021 22:30,36,12,24,
11. Dez. 2021 22:45,27,3,24,
11. Dez. 2021 23:00,31,9,22,
11. Dez. 2021 23:15,40,17,23,
11. Dez. 2021 23:30,27,14,13,
11. Dez. 2021 23:45,34,15,19,
12. Dez. 2021 00:00,16,6,10,
12. Dez. 2021 00:15,44,19,25,
12. Dez. 2021 00:30,17,9,8,
12. Dez. 2021 00:45,27,8,19,
12. Dez. 2021 01:00,28,15,13,
12. Dez. 2021 01:15,16,5,11,
12. Dez. 2021 01:30,21,10,11,
12. Dez. 2021 01:45,17,8,9,
12. Dez. 2021 02:00,15,6,9,
12. Dez. 2021 02:15,17,13,4,
12. Dez. 2021 02:30,16,6,10,
12. Dez. 2021 02:45,4,1,3,
12. Dez. 2021 03:00,14,8,6,
12. Dez. 2021 03:15,7,0,7,
12. Dez. 2021 03:30,10,1,9,
12. Dez. 2021 03:45,11,6,5,
12. Dez. 2021 04:00,5,4,1,
12. Dez. 2021 04:15,4,0,4,
12. Dez. 2021 04:30,2,0,2,
12. Dez. 2021 04:45,1,0,1,
12. Dez. 2021 05:00,3,2,1,
12. Dez. 2021 05:15,1,0,1,
12. Dez. 2021 05:30,8,6,2,
12. Dez. 2021 05:45,5,1,4,
12. Dez. 2021 06:00,4,3,1,
12. Dez. 2021 06:15,1,1,0,
12. Dez. 2021 06:30,4,4,0,
12. Dez. 2021 06:45,7,4,3,
12. Dez. 2021 07:00,7,5,2,
12. Dez. 2021 07:15,11,2,9,
12. Dez. 2021 07:30,12,7,5,
12. Dez. 2021 07:45,3,2,1,
12. Dez. 2021 08:00,3,0,3,
12. Dez. 2021 08:15,13,4,9,
12. Dez. 2021 08:30,10,5,5,
12. Dez. 2021 08:45,22,11,11,
12. Dez. 2021 09:00,17,5,12,
12. Dez. 2021 09:15,25,17,8,
12. Dez. 2021 09:30,28,20,8,
12. Dez. 2021 09:45,37,26,11,
12. Dez. 2021 10:00,31,14,17,
12. Dez. 2021 10:15,38,27,11,
12. Dez. 2021 10:30,39,13,26,
12. Dez. 2021 10:45,60,36,24,
12. Dez. 2021 11:00,54,26,28,
12. Dez. 2021 11:15,62,37,25,
12. Dez. 2021 11:30,32,9,23,
12. Dez. 2021 11:45,57,38,19,
12. Dez. 2021 12:00,51,28,23,
12. Dez. 2021 12:15,50,29,21,
12. Dez. 2021 12:30,54,25,29,
12. Dez. 2021 12:45,73,32,41,
12. Dez. 2021 13:00,47,28,19,
12. Dez. 2021 13:15,80,32,48,
12. Dez. 2021 13:30,57,29,28,
12. Dez. 2021 13:45,71,36,35,
12. Dez. 2021 14:00,64,25,39,
12. Dez. 2021 14:15,59,28,31,
12. Dez. 2021 14:30,50,25,25,
12. Dez. 2021 14:45,54,28,26,
12. Dez. 2021 15:00,65,31,34,
12. Dez. 2021 15:15,54,30,24,
12. Dez. 2021 15:30,55,24,31,
12. Dez. 2021 15:45,63,29,34,
12. Dez. 2021 16:00,58,34,24,
12. Dez. 2021 16:15,67,35,32,
12. Dez. 2021 16:30,76,33,43,
12. Dez. 2021 16:45,58,25,33,
12. Dez. 2021 17:00,69,32,37,
12. Dez. 2021 17:15,50,25,25,
12. Dez. 2021 17:30,48,22,26,
12. Dez. 2021 17:45,51,25,26,
12. Dez. 2021 18:00,54,21,33,
12. Dez. 2021 18:15,47,22,25,
12. Dez. 2021 18:30,50,24,26,
12. Dez. 2021 18:45,51,26,25,
12. Dez. 2021 19:00,42,23,19,
12. Dez. 2021 19:15,45,14,31,
12. Dez. 2021 19:30,33,19,14,
12. Dez. 2021 19:45,31,18,13,
12. Dez. 2021 20:00,45,18,27,
12. Dez. 2021 20:15,24,9,15,
12. Dez. 2021 20:30,23,12,11,
12. Dez. 2021 20:45,19,10,9,
12. Dez. 2021 21:00,17,7,10,
12. Dez. 2021 21:15,20,8,12,
12. Dez. 2021 21:30,19,11,8,
12. Dez. 2021 21:45,22,12,10,
12. Dez. 2021 22:00,15,9,6,
12. Dez. 2021 22:15,15,10,5,
12. Dez. 2021 22:30,14,8,6,
12. Dez. 2021 22:45,8,2,6,
12. Dez. 2021 23:00,17,7,10,
12. Dez. 2021 23:15,16,6,10,
12. Dez. 2021 23:30,6,4,2,
12. Dez. 2021 23:45,6,3,3,
13. Dez. 2021 00:00,7,5,2,
13. Dez. 2021 00:15,5,1,4,
13. Dez. 2021 00:30,4,1,3,
13. Dez. 2021 00:45,1,1,0,
13. Dez. 2021 01:00,0,0,0,
13. Dez. 2021 01:15,2,1,1,
13. Dez. 2021 01:30,7,5,2,
13. Dez. 2021 01:45,2,1,1,
13. Dez. 2021 02:00,2,1,1,
13. Dez. 2021 02:15,0,0,0,
13. Dez. 2021 02:30,2,2,0,
13. Dez. 2021 02:45,2,0,2,
13. Dez. 2021 03:00,1,0,1,
13. Dez. 2021 03:15,0,0,0,
13. Dez. 2021 03:30,1,1,0,
13. Dez. 2021 03:45,1,0,1,
13. Dez. 2021 04:00,0,0,0,
13. Dez. 2021 04:15,1,1,0,
13. Dez. 2021 04:30,1,0,1,
13. Dez. 2021 04:45,1,1,0,
13. Dez. 2021 05:00,5,3,2,
13. Dez. 2021 05:15,3,2,1,
13. Dez. 2021 05:30,15,10,5,
13. Dez. 2021 05:45,15,9,6,
13. Dez. 2021 06:00,26,18,8,
13. Dez. 2021 06:15,23,17,6,
13. Dez. 2021 06:30,38,19,19,
13. Dez. 2021 06:45,43,16,27,
13. Dez. 2021 07:00,60,31,29,
13. Dez. 2021 07:15,152,95,57,
13. Dez. 2021 07:30,394,261,133,
13. Dez. 2021 07:45,213,120,93,
13. Dez. 2021 08:00,149,81,68,
13. Dez. 2021 08:15,151,70,81,
13. Dez. 2021 08:30,148,93,55,
13. Dez. 2021 08:45,167,96,71,
13. Dez. 2021 09:00,111,63,48,
13. Dez. 2021 09:15,145,103,42,
13. Dez. 2021 09:30,211,123,88,
13. Dez. 2021 09:45,124,71,53,
13. Dez. 2021 10:00,72,44,28,
13. Dez. 2021 10:15,80,54,26,
13. Dez. 2021 10:30,87,48,39,
13. Dez. 2021 10:45,99,43,56,
13. Dez. 2021 11:00,105,54,51,
13. Dez. 2021 11:15,187,101,86,
13. Dez. 2021 11:30,104,58,46,
13. Dez. 2021 11:45,124,54,70,
13. Dez. 2021 12:00,89,45,44,
13. Dez. 2021 12:15,137,58,79,
13. Dez. 2021 12:30,129,52,77,
13. Dez. 2021 12:45,127,47,80,
13. Dez. 2021 13:00,265,64,201,
13. Dez. 2021 13:15,169,69,100,
13. Dez. 2021 13:30,178,79,99,
13. Dez. 2021 13:45,235,142,93,
13. Dez. 2021 14:00,124,51,73,
13. Dez. 2021 14:15,143,75,68,
13. Dez. 2021 14:30,138,83,55,
13. Dez. 2021 14:45,152,77,75,
13. Dez. 2021 15:00,146,64,82,
13. Dez. 2021 15:15,170,103,67,
13. Dez. 2021 15:30,336,165,171,
13. Dez. 2021 15:45,193,95,98,
13. Dez. 2021 16:00,172,85,87,
13. Dez. 2021 16:15,190,86,104,
13. Dez. 2021 16:30,166,77,89,
13. Dez. 2021 16:45,192,86,106,
13. Dez. 2021 17:00,198,90,108,
13. Dez. 2021 17:15,236,84,152,
13. Dez. 2021 17:30,173,78,95,
13. Dez. 2021 17:45,153,62,91,
13. Dez. 2021 18:00,169,66,103,
13. Dez. 2021 18:15,133,72,61,
13. Dez. 2021 18:30,155,63,92,
13. Dez. 2021 18:45,141,71,70,
13. Dez. 2021 19:00,144,61,83,
13. Dez. 2021 19:15,112,50,62,
13. Dez. 2021 19:30,104,47,57,
13. Dez. 2021 19:45,81,33,48,
13. Dez. 2021 20:00,77,29,48,
13. Dez. 2021 20:15,102,60,42,
13. Dez. 2021 20:30,66,32,34,
13. Dez. 2021 20:45,49,18,31,
13. Dez. 2021 21:00,48,20,28,
13. Dez. 2021 21:15,60,34,26,
13. Dez. 2021 21:30,38,24,14,
13. Dez. 2021 21:45,40,12,28,
13. Dez. 2021 22:00,24,15,9,
13. Dez. 2021 22:15,43,27,16,
13. Dez. 2021 22:30,25,18,7,
13. Dez. 2021 22:45,25,12,13,
13. Dez. 2021 23:00,19,10,9,
13. Dez. 2021 23:15,22,7,15,
13. Dez. 2021 23:30,21,14,7,
13. Dez. 2021 23:45,17,9,8,
14. Dez. 2021 00:00,7,6,1,
14. Dez. 2021 00:15,19,14,5,
14. Dez. 2021 00:30,17,6,11,
14. Dez. 2021 00:45,10,9,1,
14. Dez. 2021 01:00,4,1,3,
14. Dez. 2021 01:15,8,2,6,
14. Dez. 2021 01:30,3,2,1,
14. Dez. 2021 01:45,9,6,3,
14. Dez. 2021 02:00,0,0,0,
14. Dez. 2021 02:15,1,1,0,
14. Dez. 2021 02:30,5,2,3,
14. Dez. 2021 02:45,2,1,1,
14. Dez. 2021 03:00,3,2,1,
14. Dez. 2021 03:15,0,0,0,
14. Dez. 2021 03:30,2,1,1,
14. Dez. 2021 03:45,0,0,0,
14. Dez. 2021 04:00,1,1,0,
14. Dez. 2021 04:15,1,1,0,
14. Dez. 2021 04:30,1,1,0,
14. Dez. 2021 04:45,2,2,0,
14. Dez. 2021 05:00,5,2,3,
14. Dez. 2021 05:15,5,3,2,
14. Dez. 2021 05:30,15,10,5,
14. Dez. 2021 05:45,14,10,4,
14. Dez. 2021 06:00,31,24,7,
14. Dez. 2021 06:15,23,17,6,
14. Dez. 2021 06:30,35,18,17,
14. Dez. 2021 06:45,55,22,33,
14. Dez. 2021 07:00,64,28,36,
14. Dez. 2021 07:15,164,114,50,
14. Dez. 2021 07:30,375,254,121,
14. Dez. 2021 07:45,250,144,106,
14. Dez. 2021 08:00,175,79,96,
14. Dez. 2021 08:15,149,74,75,
14. Dez. 2021 08:30,177,102,75,
14. Dez. 2021 08:45,132,78,54,
14. Dez. 2021 09:00,113,70,43,
14. Dez. 2021 09:15,133,91,42,
14. Dez. 2021 09:30,173,104,69,
14. Dez. 2021 09:45,147,85,62,
14. Dez. 2021 10:00,91,57,34,
14. Dez. 2021 10:15,72,39,33,
14. Dez. 2021 10:30,99,66,33,
14. Dez. 2021 10:45,98,49,49,
14. Dez. 2021 11:00,109,54,55,
14. Dez. 2021 11:15,180,100,80,
14. Dez. 2021 11:30,102,47,55,
14. Dez. 2021 11:45,101,52,49,
14. Dez. 2021 12:00,126,57,69,
14. Dez. 2021 12:15,167,71,96,
14. Dez. 2021 12:30,144,60,84,
14. Dez. 2021 12:45,147,67,80,
14. Dez. 2021 13:00,277,87,190,
14. Dez. 2021 13:15,154,69,85,
14. Dez. 2021 13:30,147,76,71,
14. Dez. 2021 13:45,164,97,67,
14. Dez. 2021 14:00,114,62,52,
14. Dez. 2021 14:15,146,88,58,
14. Dez. 2021 14:30,141,66,75,
14. Dez. 2021 14:45,129,57,72,
14. Dez. 2021 15:00,140,65,75,
14. Dez. 2021 15:15,154,79,75,
14. Dez. 2021 15:30,304,151,153,
14. Dez. 2021 15:45,242,110,132,
14. Dez. 2021 16:00,184,59,125,
14. Dez. 2021 16:15,184,87,97,
14. Dez. 2021 16:30,175,66,109,
14. Dez. 2021 16:45,180,77,103,
14. Dez. 2021 17:00,204,101,103,
14. Dez. 2021 17:15,280,100,180,
14. Dez. 2021 17:30,183,94,89,
14. Dez. 2021 17:45,195,89,106,
14. Dez. 2021 18:00,206,97,109,
14. Dez. 2021 18:15,171,77,94,
14. Dez. 2021 18:30,145,69,76,
14. Dez. 2021 18:45,176,85,91,
14. Dez. 2021 19:00,109,42,67,
14. Dez. 2021 19:15,121,52,69,
14. Dez. 2021 19:30,86,34,52,
14. Dez. 2021 19:45,94,43,51,
14. Dez. 2021 20:00,97,48,49,
14. Dez. 2021 20:15,104,49,55,
14. Dez. 2021 20:30,68,38,30,
14. Dez. 2021 20:45,64,35,29,
14. Dez. 2021 21:00,52,24,28,
14. Dez. 2021 21:15,48,22,26,
14. Dez. 2021 21:30,35,14,21,
14. Dez. 2021 21:45,50,31,19,
14. Dez. 2021 22:00,46,29,17,
14. Dez. 2021 22:15,48,23,25,
14. Dez. 2021 22:30,40,18,22,
14. Dez. 2021 22:45,34,16,18,
14. Dez. 2021 23:00,30,15,15,
14. Dez. 2021 23:15,36,14,22,
14. Dez. 2021 23:30,25,11,14,
14. Dez. 2021 23:45,18,6,12,
15. Dez. 2021 00:00,21,10,11,
15. Dez. 2021 00:15,15,5,10,
15. Dez. 2021 00:30,11,10,1,
15. Dez. 2021 00:45,9,4,5,
15. Dez. 2021 01:00,13,2,11,
15. Dez. 2021 01:15,13,2,11,
15. Dez. 2021 01:30,5,0,5,
15. Dez. 2021 01:45,4,1,3,
15. Dez. 2021 02:00,9,5,4,
15. Dez. 2021 02:15,1,0,1,
15. Dez. 2021 02:30,5,4,1,
15. Dez. 2021 02:45,1,0,1,
15. Dez. 2021 03:00,1,1,0,
15. Dez. 2021 03:15,0,0,0,
15. Dez. 2021 03:30,1,1,0,
15. Dez. 2021 03:45,1,0,1,
15. Dez. 2021 04:00,1,0,1,
15. Dez. 2021 04:15,3,1,2,
15. Dez. 2021 04:30,1,1,0,
15. Dez. 2021 04:45,2,1,1,
15. Dez. 2021 05:00,4,4,0,
15. Dez. 2021 05:15,5,3,2,
15. Dez. 2021 05:30,11,7,4,
15. Dez. 2021 05:45,17,12,5,
15. Dez. 2021 06:00,22,15,7,
15. Dez. 2021 06:15,19,13,6,
15. Dez. 2021 06:30,38,17,21,
15. Dez. 2021 06:45,55,24,31,
15. Dez. 2021 07:00,69,31,38,
15. Dez. 2021 07:15,170,104,66,
15. Dez. 2021 07:30,376,256,120,
15. Dez. 2021 07:45,251,154,97,
15. Dez. 2021 08:00,163,102,61,
15. Dez. 2021 08:15,160,86,74,
15. Dez. 2021 08:30,143,90,53,
15. Dez. 2021 08:45,186,109,77,
15. Dez. 2021 09:00,137,91,46,
15. Dez. 2021 09:15,133,88,45,
15. Dez. 2021 09:30,170,103,67,
15. Dez. 2021 09:45,120,71,49,
15. Dez. 2021 10:00,98,50,48,
15. Dez. 2021 10:15,101,48,53,
15. Dez. 2021 10:30,72,44,28,
15. Dez. 2021 10:45,86,45,41,
15. Dez. 2021 11:00,110,43,67,
15. Dez. 2021 11:15,138,69,69,
15. Dez. 2021 11:30,94,48,46,
15. Dez. 2021 11:45,120,64,56,
15. Dez. 2021 12:00,112,56,56,
15. Dez. 2021 12:15,149,67,82,
15. Dez. 2021 12:30,158,83,75,
15. Dez. 2021 12:45,151,70,81,
15. Dez. 2021 13:00,289,114,175,
15. Dez. 2021 13:15,173,100,73,
15. Dez. 2021 13:30,135,87,48,
15. Dez. 2021 13:45,223,136,87,
15. Dez. 2021 14:00,139,75,64,
15. Dez. 2021 14:15,114,48,66,
15. Dez. 2021 14:30,127,64,63,
15. Dez. 2021 14:45,144,63,81,
15. Dez. 2021 15:00,161,63,98,
15. Dez. 2021 15:15,155,84,71,
15. Dez. 2021 15:30,267,98,169,
15. Dez. 2021 15:45,184,85,99,
15. Dez. 2021 16:00,165,60,105,
15. Dez. 2021 16:15,185,89,96,
15. Dez. 2021 16:30,189,85,104,
15. Dez. 2021 16:45,177,83,94,
15. Dez. 2021 17:00,193,83,110,
15. Dez. 2021 17:15,233,93,140,
15. Dez. 2021 17:30,151,80,71,
15. Dez. 2021 17:45,188,80,108,
15. Dez. 2021 18:00,158,73,85,
15. Dez. 2021 18:15,144,59,85,
15. Dez. 2021 18:30,170,70,100,
15. Dez. 2021 18:45,149,62,87,
15. Dez. 2021 19:00,166,84,82,
15. Dez. 2021 19:15,137,72,65,
15. Dez. 2021 19:30,84,34,50,
15. Dez. 2021 19:45,104,47,57,
15. Dez. 2021 20:00,96,49,47,
15. Dez. 2021 20:15,94,58,36,
15. Dez. 2021 20:30,77,36,41,
15. Dez. 2021 20:45,61,36,25,
15. Dez. 2021 21:00,60,22,38,
15. Dez. 2021 21:15,46,24,22,
15. Dez. 2021 21:30,54,21,33,
15. Dez. 2021 21:45,43,19,24,
15. Dez. 2021 22:00,45,18,27,
15. Dez. 2021 22:15,49,24,25,
15. Dez. 2021 22:30,41,14,27,
15. Dez. 2021 22:45,34,12,22,
15. Dez. 2021 23:00,24,9,15,
15. Dez. 2021 23:15,37,14,23,
15. Dez. 2021 23:30,40,21,19,
15. Dez. 2021 23:45,26,11,15,
16. Dez. 2021 00:00,21,4,17,
16. Dez. 2021 00:15,19,6,13,
16. Dez. 2021 00:30,17,3,14,
16. Dez. 2021 00:45,12,3,9,
16. Dez. 2021 01:00,8,4,4,
16. Dez. 2021 01:15,11,8,3,
16. Dez. 2021 01:30,15,4,11,
16. Dez. 2021 01:45,9,0,9,
16. Dez. 2021 02:00,5,3,2,
16. Dez. 2021 02:15,0,0,0,
16. Dez. 2021 02:30,4,1,3,
16. Dez. 2021 02:45,2,0,2,
16. Dez. 2021 03:00,5,5,0,
16. Dez. 2021 03:15,2,0,2,
16. Dez. 2021 03:30,1,0,1,
16. Dez. 2021 03:45,2,0,2,
16. Dez. 2021 04:00,1,0,1,
16. Dez. 2021 04:15,6,2,4,
16. Dez. 2021 04:30,1,0,1,
16. Dez. 2021 04:45,3,2,1,
16. Dez. 2021 05:00,4,3,1,
16. Dez. 2021 05:15,5,4,1,
16. Dez. 2021 05:30,14,12,2,
16. Dez. 2021 05:45,18,10,8,
16. Dez. 2021 06:00,18,10,8,
16. Dez. 2021 06:15,19,16,3,
16. Dez. 2021 06:30,40,23,17,
16. Dez. 2021 06:45,61,29,32,
16. Dez. 2021 07:00,65,31,34,
16. Dez. 2021 07:15,144,89,55,
16. Dez. 2021 07:30,413,272,141,
16. Dez. 2021 07:45,277,169,108,
16. Dez. 2021 08:00,147,77,70,
16. Dez. 2021 08:15,164,89,75,
16. Dez. 2021 08:30,153,80,73,
16. Dez. 2021 08:45,169,97,72,
16. Dez. 2021 09:00,126,75,51,
16. Dez. 2021 09:15,142,77,65,
16. Dez. 2021 09:30,204,113,91,
16. Dez. 2021 09:45,118,66,52,
16. Dez. 2021 10:00,86,51,35,
16. Dez. 2021 10:15,96,61,35,
16. Dez. 2021 10:30,90,41,49,
16. Dez. 2021 10:45,114,67,47,
16. Dez. 2021 11:00,107,56,51,
16. Dez. 2021 11:15,147,76,71,
16. Dez. 2021 11:30,112,58,54,
16. Dez. 2021 11:45,114,57,57,
16. Dez. 2021 12:00,128,74,54,
16. Dez. 2021 12:15,145,63,82,
16. Dez. 2021 12:30,148,75,73,
16. Dez. 2021 12:45,145,66,79,
16. Dez. 2021 13:00,251,69,182,
16. Dez. 2021 13:15,182,82,100,
16. Dez. 2021 13:30,151,86,65,
16. Dez. 2021 13:45,206,115,91,
16. Dez. 2021 14:00,144,55,89,
16. Dez. 2021 14:15,128,69,59,
16. Dez. 2021 14:30,137,67,70,
16. Dez. 2021 14:45,143,76,67,
16. Dez. 2021 15:00,130,76,54,
16. Dez. 2021 15:15,185,91,94,
16. Dez. 2021 15:30,291,142,149,
16. Dez. 2021 15:45,204,99,105,
16. Dez. 2021 16:00,185,85,100,
16. Dez. 2021 16:15,162,83,79,
16. Dez. 2021 16:30,187,92,95,
16. Dez. 2021 16:45,192,83,109,
16. Dez. 2021 17:00,199,103,96,
16. Dez. 2021 17:15,250,103,147,
16. Dez. 2021 17:30,207,94,113,
16. Dez. 2021 17:45,194,95,99,
16. Dez. 2021 18:00,172,84,88,
16. Dez. 2021 18:15,173,79,94,
16. Dez. 2021 18:30,150,69,81,
16. Dez. 2021 18:45,140,74,66,
16. Dez. 2021 19:00,120,55,65,
16. Dez. 2021 19:15,128,59,69,
16. Dez. 2021 19:30,79,33,46,
16. Dez. 2021 19:45,124,61,63,
16. Dez. 2021 20:00,102,48,54,
16. Dez. 2021 20:15,97,44,53,
16. Dez. 2021 20:30,65,29,36,
16. Dez. 2021 20:45,64,37,27,
16. Dez. 2021 21:00,41,18,23,
16. Dez. 2021 21:15,60,29,31,
16. Dez. 2021 21:30,54,31,23,
16. Dez. 2021 21:45,49,29,20,
16. Dez. 2021 22:00,52,23,29,
16. Dez. 2021 22:15,41,9,32,
16. Dez. 2021 22:30,36,12,24,
16. Dez. 2021 22:45,39,18,21,
16. Dez. 2021 23:00,27,6,21,
16. Dez. 2021 23:15,42,14,28,
16. Dez. 2021 23:30,22,7,15,
16. Dez. 2021 23:45,17,4,13,
17. Dez. 2021 00:00,19,5,14,
17. Dez. 2021 00:15,12,3,9,
17. Dez. 2021 00:30,16,8,8,
17. Dez. 2021 00:45,15,3,12,
17. Dez. 2021 01:00,15,5,10,
17. Dez. 2021 01:15,15,2,13,
17. Dez. 2021 01:30,8,2,6,
17. Dez. 2021 01:45,7,3,4,
17. Dez. 2021 02:00,13,7,6,
17. Dez. 2021 02:15,9,4,5,
17. Dez. 2021 02:30,2,1,1,
17. Dez. 2021 02:45,6,2,4,
17. Dez. 2021 03:00,5,1,4,
17. Dez. 2021 03:15,8,0,8,
17. Dez. 2021 03:30,0,0,0,
17. Dez. 2021 03:45,5,2,3,
17. Dez. 2021 04:00,3,0,3,
17. Dez. 2021 04:15,2,1,1,
17. Dez. 2021 04:30,5,1,4,
17. Dez. 2021 04:45,2,2,0,
17. Dez. 2021 05:00,0,0,0,
17. Dez. 2021 05:15,12,8,4,
17. Dez. 2021 05:30,11,6,5,
17. Dez. 2021 05:45,16,10,6,
17. Dez. 2021 06:00,17,15,2,
17. Dez. 2021 06:15,27,24,3,
17. Dez. 2021 06:30,35,15,20,
17. Dez. 2021 06:45,53,30,23,
17. Dez. 2021 07:00,53,25,28,
17. Dez. 2021 07:15,152,105,47,
17. Dez. 2021 07:30,358,227,131,
17. Dez. 2021 07:45,207,117,90,
17. Dez. 2021 08:00,131,67,64,
17. Dez. 2021 08:15,136,78,58,
17. Dez. 2021 08:30,137,77,60,
17. Dez. 2021 08:45,174,105,69,
17. Dez. 2021 09:00,124,70,54,
17. Dez. 2021 09:15,151,99,52,
17. Dez. 2021 09:30,171,101,70,
17. Dez. 2021 09:45,116,59,57,
17. Dez. 2021 10:00,109,69,40,
17. Dez. 2021 10:15,100,55,45,
17. Dez. 2021 10:30,110,62,48,
17. Dez. 2021 10:45,107,56,51,
17. Dez. 2021 11:00,134,63,71,
17. Dez. 2021 11:15,152,71,81,
17. Dez. 2021 11:30,155,87,68,
17. Dez. 2021 11:45,144,73,71,
17. Dez. 2021 12:00,138,75,63,
17. Dez. 2021 12:15,160,76,84,
17. Dez. 2021 12:30,190,85,105,
17. Dez. 2021 12:45,171,78,93,
17. Dez. 2021 13:00,346,107,239,
17. Dez. 2021 13:15,167,72,95,
17. Dez. 2021 13:30,161,71,90,
17. Dez. 2021 13:45,156,64,92,
17. Dez. 2021 14:00,127,69,58,
17. Dez. 2021 14:15,144,81,63,
17. Dez. 2021 14:30,159,71,88,
17. Dez. 2021 14:45,168,88,80,
17. Dez. 2021 15:00,172,86,86,
17. Dez. 2021 15:15,173,95,78,
17. Dez. 2021 15:30,178,73,105,
17. Dez. 2021 15:45,189,85,104,
17. Dez. 2021 16:00,144,77,67,
17. Dez. 2021 16:15,155,74,81,
17. Dez. 2021 16:30,155,72,83,
17. Dez. 2021 16:45,137,61,76,
17. Dez. 2021 17:00,184,86,98,
17. Dez. 2021 17:15,156,89,67,
17. Dez. 2021 17:30,143,70,73,
17. Dez. 2021 17:45,150,75,75,
17. Dez. 2021 18:00,124,58,66,
17. Dez. 2021 18:15,156,71,85,
17. Dez. 2021 18:30,129,54,75,
17. Dez. 2021 18:45,126,60,66,
17. Dez. 2021 19:00,126,64,62,
17. Dez. 2021 19:15,126,55,71,
17. Dez. 2021 19:30,97,50,47,
17. Dez. 2021 19:45,91,48,43,
17. Dez. 2021 20:00,75,38,37,
17. Dez. 2021 20:15,80,46,34,
17. Dez. 2021 20:30,83,33,50,
17. Dez. 2021 20:45,72,42,30,
17. Dez. 2021 21:00,51,26,25,
17. Dez. 2021 21:15,53,16,37,
17. Dez. 2021 21:30,52,20,32,
17. Dez. 2021 21:45,50,27,23,
17. Dez. 2021 22:00,50,28,22,
17. Dez. 2021 22:15,43,17,26,
17. Dez. 2021 22:30,36,15,21,
17. Dez. 2021 22:45,46,15,31,
17. Dez. 2021 23:00,41,15,26,
17. Dez. 2021 23:15,28,14,14,
17. Dez. 2021 23:30,32,15,17,
17. Dez. 2021 23:45,39,15,24,
18. Dez. 2021 00:00,39,17,22,
18. Dez. 2021 00:15,25,11,14,
18. Dez. 2021 00:30,25,6,19,
18. Dez. 2021 00:45,23,8,15,
18. Dez. 2021 01:00,27,12,15,
18. Dez. 2021 01:15,25,4,21,
18. Dez. 2021 01:30,18,8,10,
18. Dez. 2021 01:45,17,5,12,
18. Dez. 2021 02:00,22,3,19,
18. Dez. 2021 02:15,15,3,12,
18. Dez. 2021 02:30,18,3,15,
18. Dez. 2021 02:45,21,7,14,
18. Dez. 2021 03:00,17,5,12,
18. Dez. 2021 03:15,26,8,18,
18. Dez. 2021 03:30,11,6,5,
18. Dez. 2021 03:45,7,3,4,
18. Dez. 2021 04:00,8,6,2,
18. Dez. 2021 04:15,10,5,5,
18. Dez. 2021 04:30,1,0,1,
18. Dez. 2021 04:45,8,2,6,
18. Dez. 2021 05:00,3,0,3,
18. Dez. 2021 05:15,8,4,4,
18. Dez. 2021 05:30,10,2,8,
18. Dez. 2021 05:45,11,6,5,
18. Dez. 2021 06:00,8,5,3,
18. Dez. 2021 06:15,9,7,2,
18. Dez. 2021 06:30,7,5,2,
18. Dez. 2021 06:45,21,5,16,
18. Dez. 2021 07:00,11,9,2,
18. Dez. 2021 07:15,12,7,5,
18. Dez. 2021 07:30,10,4,6,
18. Dez. 2021 07:45,30,13,17,
18. Dez. 2021 08:00,26,16,10,
18. Dez. 2021 08:15,24,11,13,
18. Dez. 2021 08:30,35,20,15,
18. Dez. 2021 08:45,49,31,18,
18. Dez. 2021 09:00,44,23,21,
18. Dez. 2021 09:15,54,35,19,
18. Dez. 2021 09:30,65,29,36,
18. Dez. 2021 09:45,92,65,27,
18. Dez. 2021 10:00,89,57,32,
18. Dez. 2021 10:15,106,74,32,
18. Dez. 2021 10:30,98,62,36,
18. Dez. 2021 10:45,109,64,45,
18. Dez. 2021 11:00,108,61,47,
18. Dez. 2021 11:15,108,60,48,
18. Dez. 2021 11:30,115,62,53,
18. Dez. 2021 11:45,108,54,54,
18. Dez. 2021 12:00,112,64,48,
18. Dez. 2021 12:15,113,65,48,
18. Dez. 2021 12:30,113,69,44,
18. Dez. 2021 12:45,132,52,80,
18. Dez. 2021 13:00,145,84,61,
18. Dez. 2021 13:15,104,64,40,
18. Dez. 2021 13:30,99,54,45,
18. Dez. 2021 13:45,123,62,61,
18. Dez. 2021 14:00,134,60,74,
18. Dez. 2021 14:15,102,54,48,
18. Dez. 2021 14:30,135,57,78,
18. Dez. 2021 14:45,114,46,68,
18. Dez. 2021 15:00,158,83,75,
18. Dez. 2021 15:15,139,71,68,
18. Dez. 2021 15:30,114,69,45,
18. Dez. 2021 15:45,148,76,72,
18. Dez. 2021 16:00,121,54,67,
18. Dez. 2021 16:15,115,47,68,
18. Dez. 2021 16:30,90,43,47,
18. Dez. 2021 16:45,144,68,76,
18. Dez. 2021 17:00,127,42,85,
18. Dez. 2021 17:15,131,37,94,
18. Dez. 2021 17:30,99,42,57,
18. Dez. 2021 17:45,94,44,50,
18. Dez. 2021 18:00,97,48,49,
18. Dez. 2021 18:15,112,46,66,
18. Dez. 2021 18:30,74,33,41,
18. Dez. 2021 18:45,74,45,29,
18. Dez. 2021 19:00,62,39,23,
18. Dez. 2021 19:15,92,48,44,
18. Dez. 2021 19:30,65,35,30,
18. Dez. 2021 19:45,59,36,23,
18. Dez. 2021 20:00,48,27,21,
18. Dez. 2021 20:15,50,23,27,
18. Dez. 2021 20:30,60,24,36,
18. Dez. 2021 20:45,44,25,19,
18. Dez. 2021 21:00,43,26,17,
18. Dez. 2021 21:15,32,12,20,
18. Dez. 2021 21:30,50,28,22,
18. Dez. 2021 21:45,39,24,15,
18. Dez. 2021 22:00,24,4,20,
18. Dez. 2021 22:15,22,6,16,
18. Dez. 2021 22:30,40,24,16,
18. Dez. 2021 22:45,32,13,19,
18. Dez. 2021 23:00,36,23,13,
18. Dez. 2021 23:15,37,9,28,
18. Dez. 2021 23:30,25,3,22,
18. Dez. 2021 23:45,43,17,26,
19. Dez. 2021 00:00,32,11,21,
19. Dez. 2021 00:15,25,3,22,
19. Dez. 2021 00:30,31,19,12,
19. Dez. 2021 00:45,19,10,9,
19. Dez. 2021 01:00,29,13,16,
19. Dez. 2021 01:15,25,10,15,
19. Dez. 2021 01:30,29,9,20,
19. Dez. 2021 01:45,10,2,8,
19. Dez. 2021 02:00,20,14,6,
19. Dez. 2021 02:15,19,5,14,
19. Dez. 2021 02:30,10,4,6,
19. Dez. 2021 02:45,23,12,11,
19. Dez. 2021 03:00,20,2,18,
19. Dez. 2021 03:15,13,4,9,
19. Dez. 2021 03:30,6,0,6,
19. Dez. 2021 03:45,16,3,13,
19. Dez. 2021 04:00,9,4,5,
19. Dez. 2021 04:15,6,0,6,
19. Dez. 2021 04:30,3,2,1,
19. Dez. 2021 04:45,4,1,3,
19. Dez. 2021 05:00,2,1,1,
19. Dez. 2021 05:15,4,1,3,
19. Dez. 2021 05:30,6,1,5,
19. Dez. 2021 05:45,6,1,5,
19. Dez. 2021 06:00,3,1,2,
19. Dez. 2021 06:15,4,4,0,
19. Dez. 2021 06:30,13,9,4,
19. Dez. 2021 06:45,4,2,2,
19. Dez. 2021 07:00,7,3,4,
19. Dez. 2021 07:15,4,2,2,
19. Dez. 2021 07:30,12,7,5,
19. Dez. 2021 07:45,11,2,9,
19. Dez. 2021 08:00,15,5,10,
19. Dez. 2021 08:15,8,1,7,
19. Dez. 2021 08:30,7,3,4,
19. Dez. 2021 08:45,17,6,11,
19. Dez. 2021 09:00,11,7,4,
19. Dez. 2021 09:15,19,5,14,
19. Dez. 2021 09:30,32,13,19,
19. Dez. 2021 09:45,46,32,14,
19. Dez. 2021 10:00,30,20,10,
19. Dez. 2021 10:15,30,17,13,
19. Dez. 2021 10:30,31,13,18,
19. Dez. 2021 10:45,39,20,19,
19. Dez. 2021 11:00,60,37,23,
19. Dez. 2021 11:15,41,18,23,
19. Dez. 2021 11:30,34,15,19,
19. Dez. 2021 11:45,42,21,21,
19. Dez. 2021 12:00,32,22,10,
19. Dez. 2021 12:15,58,19,39,
19. Dez. 2021 12:30,46,22,24,
19. Dez. 2021 12:45,49,19,30,
19. Dez. 2021 13:00,53,26,27,
19. Dez. 2021 13:15,36,20,16,
19. Dez. 2021 13:30,82,39,43,
19. Dez. 2021 13:45,68,40,28,
19. Dez. 2021 14:00,66,37,29,
19. Dez. 2021 14:15,51,27,24,
19. Dez. 2021 14:30,67,31,36,
19. Dez. 2021 14:45,68,44,24,
19. Dez. 2021 15:00,68,34,34,
19. Dez. 2021 15:15,55,31,24,
19. Dez. 2021 15:30,68,37,31,
19. Dez. 2021 15:45,60,33,27,
19. Dez. 2021 16:00,57,25,32,
19. Dez. 2021 16:15,79,37,42,
19. Dez. 2021 16:30,90,50,40,
19. Dez. 2021 16:45,77,46,31,
19. Dez. 2021 17:00,65,26,39,
19. Dez. 2021 17:15,49,18,31,
19. Dez. 2021 17:30,54,26,28,
19. Dez. 2021 17:45,60,29,31,
19. Dez. 2021 18:00,64,20,44,
19. Dez. 2021 18:15,60,28,32,
19. Dez. 2021 18:30,33,21,12,
19. Dez. 2021 18:45,82,37,45,
19. Dez. 2021 19:00,54,32,22,
19. Dez. 2021 19:15,41,20,21,
19. Dez. 2021 19:30,48,23,25,
19. Dez. 2021 19:45,40,19,21,
19. Dez. 2021 20:00,31,20,11,
19. Dez. 2021 20:15,24,12,12,
19. Dez. 2021 20:30,28,18,10,
19. Dez. 2021 20:45,31,11,20,
19. Dez. 2021 21:00,25,10,15,
19. Dez. 2021 21:15,22,6,16,
19. Dez. 2021 21:30,19,11,8,
19. Dez. 2021 21:45,16,6,10,
19. Dez. 2021 22:00,24,7,17,
19. Dez. 2021 22:15,18,8,10,
19. Dez. 2021 22:30,25,9,16,
19. Dez. 2021 22:45,19,9,10,
19. Dez. 2021 23:00,11,6,5,
19. Dez. 2021 23:15,19,5,14,
19. Dez. 2021 23:30,19,4,15,
19. Dez. 2021 23:45,11,5,6,
20. Dez. 2021 00:00,12,4,8,
20. Dez. 2021 00:15,5,3,2,
20. Dez. 2021 00:30,2,0,2,
20. Dez. 2021 00:45,7,3,4,
20. Dez. 2021 01:00,3,2,1,
20. Dez. 2021 01:15,8,6,2,
20. Dez. 2021 01:30,1,1,0,
20. Dez. 2021 01:45,2,2,0,
20. Dez. 2021 02:00,2,2,0,
20. Dez. 2021 02:15,2,1,1,
20. Dez. 2021 02:30,1,1,0,
20. Dez. 2021 02:45,3,1,2,
20. Dez. 2021 03:00,0,0,0,
20. Dez. 2021 03:15,1,0,1,
20. Dez. 2021 03:30,4,1,3,
20. Dez. 2021 03:45,0,0,0,
20. Dez. 2021 04:00,3,1,2,
20. Dez. 2021 04:15,4,3,1,
20. Dez. 2021 04:30,0,0,0,
20. Dez. 2021 04:45,5,2,3,
20. Dez. 2021 05:00,2,1,1,
20. Dez. 2021 05:15,3,2,1,
20. Dez. 2021 05:30,10,6,4,
20. Dez. 2021 05:45,15,6,9,
20. Dez. 2021 06:00,22,10,12,
20. Dez. 2021 06:15,23,14,9,
20. Dez. 2021 06:30,26,15,11,
20. Dez. 2021 06:45,51,22,29,
20. Dez. 2021 07:00,72,32,40,
20. Dez. 2021 07:15,136,85,51,
20. Dez. 2021 07:30,334,221,113,
20. Dez. 2021 07:45,198,102,96,
20. Dez. 2021 08:00,137,79,58,
20. Dez. 2021 08:15,141,76,65,
20. Dez. 2021 08:30,130,68,62,
20. Dez. 2021 08:45,151,82,69,
20. Dez. 2021 09:00,123,74,49,
20. Dez. 2021 09:15,134,83,51,
20. Dez. 2021 09:30,162,121,41,
20. Dez. 2021 09:45,110,75,35,
20. Dez. 2021 10:00,92,56,36,
20. Dez. 2021 10:15,93,51,42,
20. Dez. 2021 10:30,91,49,42,
20. Dez. 2021 10:45,101,51,50,
20. Dez. 2021 11:00,110,57,53,
20. Dez. 2021 11:15,126,72,54,
20. Dez. 2021 11:30,88,40,48,
20. Dez. 2021 11:45,142,61,81,
20. Dez. 2021 12:00,114,55,59,
20. Dez. 2021 12:15,131,52,79,
20. Dez. 2021 12:30,133,60,73,
20. Dez. 2021 12:45,146,68,78,
20. Dez. 2021 13:00,232,75,157,
20. Dez. 2021 13:15,166,76,90,
20. Dez. 2021 13:30,159,70,89,
20. Dez. 2021 13:45,204,118,86,
20. Dez. 2021 14:00,159,69,90,
20. Dez. 2021 14:15,145,71,74,
20. Dez. 2021 14:30,125,72,53,
20. Dez. 2021 14:45,145,76,69,
20. Dez. 2021 15:00,145,69,76,
20. Dez. 2021 15:15,155,68,87,
20. Dez. 2021 15:30,307,146,161,
20. Dez. 2021 15:45,228,112,116,
20. Dez. 2021 16:00,177,87,90,
20. Dez. 2021 16:15,187,97,90,
20. Dez. 2021 16:30,169,74,95,
20. Dez. 2021 16:45,176,88,88,
20. Dez. 2021 17:00,211,104,107,
20. Dez. 2021 17:15,237,101,136,
20. Dez. 2021 17:30,141,59,82,
20. Dez. 2021 17:45,158,63,95,
20. Dez. 2021 18:00,172,72,100,
20. Dez. 2021 18:15,129,61,68,
20. Dez. 2021 18:30,138,55,83,
20. Dez. 2021 18:45,123,66,57,
20. Dez. 2021 19:00,156,78,78,
20. Dez. 2021 19:15,109,50,59,
20. Dez. 2021 19:30,82,41,41,
20. Dez. 2021 19:45,75,34,41,
20. Dez. 2021 20:00,78,28,50,
20. Dez. 2021 20:15,87,39,48,
20. Dez. 2021 20:30,53,22,31,
20. Dez. 2021 20:45,45,22,23,
20. Dez. 2021 21:00,40,18,22,
20. Dez. 2021 21:15,27,15,12,
20. Dez. 2021 21:30,40,24,16,
20. Dez. 2021 21:45,35,17,18,
20. Dez. 2021 22:00,31,12,19,
20. Dez. 2021 22:15,33,18,15,
20. Dez. 2021 22:30,29,11,18,
20. Dez. 2021 22:45,27,14,13,
20. Dez. 2021 23:00,23,10,13,
20. Dez. 2021 23:15,18,11,7,
20. Dez. 2021 23:30,15,4,11,
20. Dez. 2021 23:45,29,12,17,
21. Dez. 2021 00:00,15,2,13,
21. Dez. 2021 00:15,8,2,6,
21. Dez. 2021 00:30,14,6,8,
21. Dez. 2021 00:45,4,1,3,
21. Dez. 2021 01:00,10,4,6,
21. Dez. 2021 01:15,13,1,12,
21. Dez. 2021 01:30,5,1,4,
21. Dez. 2021 01:45,10,2,8,
21. Dez. 2021 02:00,5,2,3,
21. Dez. 2021 02:15,2,2,0,
21. Dez. 2021 02:30,2,2,0,
21. Dez. 2021 02:45,2,1,1,
21. Dez. 2021 03:00,1,0,1,
21. Dez. 2021 03:15,0,0,0,
21. Dez. 2021 03:30,1,0,1,
21. Dez. 2021 03:45,2,1,1,
21. Dez. 2021 04:00,2,1,1,
21. Dez. 2021 04:15,0,0,0,
21. Dez. 2021 04:30,1,0,1,
21. Dez. 2021 04:45,3,2,1,
21. Dez. 2021 05:00,3,1,2,
21. Dez. 2021 05:15,5,4,1,
21. Dez. 2021 05:30,11,8,3,
21. Dez. 2021 05:45,17,12,5,
21. Dez. 2021 06:00,22,12,10,
21. Dez. 2021 06:15,26,19,7,
21. Dez. 2021 06:30,20,9,11,
21. Dez. 2021 06:45,45,26,19,
21. Dez. 2021 07:00,53,33,20,
21. Dez. 2021 07:15,126,92,34,
21. Dez. 2021 07:30,333,213,120,
21. Dez. 2021 07:45,201,124,77,
21. Dez. 2021 08:00,144,84,60,
21. Dez. 2021 08:15,145,78,67,
21. Dez. 2021 08:30,144,92,52,
21. Dez. 2021 08:45,145,79,66,
21. Dez. 2021 09:00,133,73,60,
21. Dez. 2021 09:15,142,96,46,
21. Dez. 2021 09:30,159,105,54,
21. Dez. 2021 09:45,132,85,47,
21. Dez. 2021 10:00,109,63,46,
21. Dez. 2021 10:15,88,58,30,
21. Dez. 2021 10:30,98,60,38,
21. Dez. 2021 10:45,111,68,43,
21. Dez. 2021 11:00,116,41,75,
21. Dez. 2021 11:15,186,108,78,
21. Dez. 2021 11:30,129,57,72,
21. Dez. 2021 11:45,131,62,69,
21. Dez. 2021 12:00,127,65,62,
21. Dez. 2021 12:15,155,60,95,
21. Dez. 2021 12:30,135,59,76,
21. Dez. 2021 12:45,146,62,84,
21. Dez. 2021 13:00,261,69,192,
21. Dez. 2021 13:15,158,49,109,
21. Dez. 2021 13:30,152,96,56,
21. Dez. 2021 13:45,203,112,91,
21. Dez. 2021 14:00,127,47,80,
21. Dez. 2021 14:15,138,69,69,
21. Dez. 2021 14:30,136,54,82,
21. Dez. 2021 14:45,135,52,83,
21. Dez. 2021 15:00,122,65,57,
21. Dez. 2021 15:15,165,76,89,
21. Dez. 2021 15:30,262,109,153,
21. Dez. 2021 15:45,193,89,104,
21. Dez. 2021 16:00,142,60,82,
21. Dez. 2021 16:15,193,84,109,
21. Dez. 2021 16:30,147,59,88,
21. Dez. 2021 16:45,184,99,85,
21. Dez. 2021 17:00,192,92,100,
21. Dez. 2021 17:15,235,93,142,
21. Dez. 2021 17:30,138,60,78,
21. Dez. 2021 17:45,155,59,96,
21. Dez. 2021 18:00,171,82,89,
21. Dez. 2021 18:15,154,67,87,
21. Dez. 2021 18:30,118,47,71,
21. Dez. 2021 18:45,163,91,72,
21. Dez. 2021 19:00,123,48,75,
21. Dez. 2021 19:15,102,38,64,
21. Dez. 2021 19:30,83,35,48,
21. Dez. 2021 19:45,72,27,45,
21. Dez. 2021 20:00,79,24,55,
21. Dez. 2021 20:15,78,42,36,
21. Dez. 2021 20:30,66,37,29,
21. Dez. 2021 20:45,54,32,22,
21. Dez. 2021 21:00,43,13,30,
21. Dez. 2021 21:15,41,24,17,
21. Dez. 2021 21:30,39,13,26,
21. Dez. 2021 21:45,34,20,14,
21. Dez. 2021 22:00,44,20,24,
21. Dez. 2021 22:15,35,15,20,
21. Dez. 2021 22:30,31,16,15,
21. Dez. 2021 22:45,25,15,10,
21. Dez. 2021 23:00,32,9,23,
21. Dez. 2021 23:15,18,9,9,
21. Dez. 2021 23:30,23,8,15,
21. Dez. 2021 23:45,11,7,4,
22. Dez. 2021 00:00,6,2,4,
22. Dez. 2021 00:15,8,8,0,
22. Dez. 2021 00:30,9,1,8,
22. Dez. 2021 00:45,8,3,5,
22. Dez. 2021 01:00,20,7,13,
22. Dez. 2021 01:15,11,3,8,
22. Dez. 2021 01:30,6,1,5,
22. Dez. 2021 01:45,8,1,7,
22. Dez. 2021 02:00,4,1,3,
22. Dez. 2021 02:15,4,2,2,
22. Dez. 2021 02:30,4,2,2,
22. Dez. 2021 02:45,2,1,1,
22. Dez. 2021 03:00,6,2,4,
22. Dez. 2021 03:15,3,2,1,
22. Dez. 2021 03:30,3,2,1,
22. Dez. 2021 03:45,0,0,0,
22. Dez. 2021 04:00,3,2,1,
22. Dez. 2021 04:15,1,0,1,
22. Dez. 2021 04:30,3,2,1,
22. Dez. 2021 04:45,3,2,1,
22. Dez. 2021 05:00,2,1,1,
22. Dez. 2021 05:15,1,0,1,
22. Dez. 2021 05:30,10,6,4,
22. Dez. 2021 05:45,21,13,8,
22. Dez. 2021 06:00,13,7,6,
22. Dez. 2021 06:15,20,14,6,
22. Dez. 2021 06:30,41,24,17,
22. Dez. 2021 06:45,57,29,28,
22. Dez. 2021 07:00,47,24,23,
22. Dez. 2021 07:15,122,78,44,
22. Dez. 2021 07:30,314,202,112,
22. Dez. 2021 07:45,164,84,80,
22. Dez. 2021 08:00,127,73,54,
22. Dez. 2021 08:15,114,69,45,
22. Dez. 2021 08:30,121,61,60,
22. Dez. 2021 08:45,107,64,43,
22. Dez. 2021 09:00,112,69,43,
22. Dez. 2021 09:15,143,88,55,
22. Dez. 2021 09:30,132,83,49,
22. Dez. 2021 09:45,107,57,50,
22. Dez. 2021 10:00,96,56,40,
22. Dez. 2021 10:15,91,51,40,
22. Dez. 2021 10:30,99,50,49,
22. Dez. 2021 10:45,116,59,57,
22. Dez. 2021 11:00,108,56,52,
22. Dez. 2021 11:15,124,58,66,
22. Dez. 2021 11:30,126,69,57,
22. Dez. 2021 11:45,130,58,72,
22. Dez. 2021 12:00,150,55,95,
22. Dez. 2021 12:15,237,60,177,
22. Dez. 2021 12:30,126,62,64,
22. Dez. 2021 12:45,154,65,89,
22. Dez. 2021 13:00,143,67,76,
22. Dez. 2021 13:15,176,99,77,
22. Dez. 2021 13:30,116,64,52,
22. Dez. 2021 13:45,156,80,76,
22. Dez. 2021 14:00,117,51,66,
22. Dez. 2021 14:15,110,51,59,
22. Dez. 2021 14:30,123,68,55,
22. Dez. 2021 14:45,121,53,68,
22. Dez. 2021 15:00,103,42,61,
22. Dez. 2021 15:15,132,62,70,
22. Dez. 2021 15:30,150,74,76,
22. Dez. 2021 15:45,136,68,68,
22. Dez. 2021 16:00,125,47,78,
22. Dez. 2021 16:15,164,81,83,
22. Dez. 2021 16:30,129,73,56,
22. Dez. 2021 16:45,145,63,82,
22. Dez. 2021 17:00,142,69,73,
22. Dez. 2021 17:15,140,71,69,
22. Dez. 2021 17:30,131,64,67,
22. Dez. 2021 17:45,110,42,68,
22. Dez. 2021 18:00,147,59,88,
22. Dez. 2021 18:15,110,32,78,
22. Dez. 2021 18:30,96,29,67,
22. Dez. 2021 18:45,89,32,57,
22. Dez. 2021 19:00,110,55,55,
22. Dez. 2021 19:15,73,35,38,
22. Dez. 2021 19:30,65,28,37,
22. Dez. 2021 19:45,72,31,41,
22. Dez. 2021 20:00,60,25,35,
22. Dez. 2021 20:15,50,25,25,
22. Dez. 2021 20:30,55,21,34,
22. Dez. 2021 20:45,49,24,25,
22. Dez. 2021 21:00,36,12,24,
22. Dez. 2021 21:15,33,20,13,
22. Dez. 2021 21:30,39,13,26,
22. Dez. 2021 21:45,33,9,24,
22. Dez. 2021 22:00,30,13,17,
22. Dez. 2021 22:15,35,13,22,
22. Dez. 2021 22:30,22,8,14,
22. Dez. 2021 22:45,17,6,11,
22. Dez. 2021 23:00,28,14,14,
22. Dez. 2021 23:15,30,5,25,
22. Dez. 2021 23:30,28,10,18,
22. Dez. 2021 23:45,15,3,12,
23. Dez. 2021 00:00,17,2,15,
23. Dez. 2021 00:15,9,3,6,
23. Dez. 2021 00:30,14,7,7,
23. Dez. 2021 00:45,11,5,6,
23. Dez. 2021 01:00,19,8,11,
23. Dez. 2021 01:15,10,2,8,
23. Dez. 2021 01:30,14,3,11,
23. Dez. 2021 01:45,2,1,1,
23. Dez. 2021 02:00,0,0,0,
23. Dez. 2021 02:15,5,2,3,
23. Dez. 2021 02:30,5,4,1,
23. Dez. 2021 02:45,4,1,3,
23. Dez. 2021 03:00,1,0,1,
23. Dez. 2021 03:15,7,2,5,
23. Dez. 2021 03:30,1,0,1,
23. Dez. 2021 03:45,1,0,1,
23. Dez. 2021 04:00,4,1,3,
23. Dez. 2021 04:15,3,2,1,
23. Dez. 2021 04:30,5,3,2,
23. Dez. 2021 04:45,6,5,1,
23. Dez. 2021 05:00,1,1,0,
23. Dez. 2021 05:15,2,1,1,
23. Dez. 2021 05:30,12,7,5,
23. Dez. 2021 05:45,12,7,5,
23. Dez. 2021 06:00,7,4,3,
23. Dez. 2021 06:15,25,21,4,
23. Dez. 2021 06:30,22,15,7,
23. Dez. 2021 06:45,37,17,20,
23. Dez. 2021 07:00,28,15,13,
23. Dez. 2021 07:15,53,30,23,
23. Dez. 2021 07:30,48,33,15,
23. Dez. 2021 07:45,77,51,26,
23. Dez. 2021 08:00,54,30,24,
23. Dez. 2021 08:15,67,43,24,
23. Dez. 2021 08:30,65,37,28,
23. Dez. 2021 08:45,83,51,32,
23. Dez. 2021 09:00,67,44,23,
23. Dez. 2021 09:15,80,51,29,
23. Dez. 2021 09:30,74,43,31,
23. Dez. 2021 09:45,96,60,36,
23. Dez. 2021 10:00,67,43,24,
23. Dez. 2021 10:15,77,48,29,
23. Dez. 2021 10:30,76,41,35,
23. Dez. 2021 10:45,75,50,25,
23. Dez. 2021 11:00,76,43,33,
23. Dez. 2021 11:15,116,62,54,
23. Dez. 2021 11:30,99,52,47,
23. Dez. 2021 11:45,123,55,68,
23. Dez. 2021 12:00,89,44,45,
23. Dez. 2021 12:15,99,44,55,
23. Dez. 2021 12:30,120,58,62,
23. Dez. 2021 12:45,103,38,65,
23. Dez. 2021 13:00,99,52,47,
23. Dez. 2021 13:15,97,40,57,
23. Dez. 2021 13:30,112,58,54,
23. Dez. 2021 13:45,125,58,67,
23. Dez. 2021 14:00,107,49,58,
23. Dez. 2021 14:15,123,65,58,
23. Dez. 2021 14:30,113,66,47,
23. Dez. 2021 14:45,135,73,62,
23. Dez. 2021 15:00,124,62,62,
23. Dez. 2021 15:15,134,70,64,
23. Dez. 2021 15:30,119,62,57,
23. Dez. 2021 15:45,95,51,44,
23. Dez. 2021 16:00,115,49,66,
23. Dez. 2021 16:15,139,56,83,
23. Dez. 2021 16:30,109,44,65,
23. Dez. 2021 16:45,102,47,55,
23. Dez. 2021 17:00,98,48,50,
23. Dez. 2021 17:15,105,49,56,
23. Dez. 2021 17:30,78,36,42,
23. Dez. 2021 17:45,97,29,68,
23. Dez. 2021 18:00,80,42,38,
23. Dez. 2021 18:15,87,33,54,
23. Dez. 2021 18:30,62,20,42,
23. Dez. 2021 18:45,63,27,36,
23. Dez. 2021 19:00,69,25,44,
23. Dez. 2021 19:15,36,15,21,
23. Dez. 2021 19:30,42,16,26,
23. Dez. 2021 19:45,45,22,23,
23. Dez. 2021 20:00,50,17,33,
23. Dez. 2021 20:15,45,21,24,
23. Dez. 2021 20:30,41,15,26,
23. Dez. 2021 20:45,24,11,13,
23. Dez. 2021 21:00,35,13,22,
23. Dez. 2021 21:15,34,13,21,
23. Dez. 2021 21:30,24,7,17,
23. Dez. 2021 21:45,15,9,6,
23. Dez. 2021 22:00,13,3,10,
23. Dez. 2021 22:15,25,11,14,
23. Dez. 2021 22:30,11,5,6,
23. Dez. 2021 22:45,15,5,10,
23. Dez. 2021 23:00,18,9,9,
23. Dez. 2021 23:15,16,4,12,
23. Dez. 2021 23:30,12,6,6,
23. Dez. 2021 23:45,10,6,4,
24. Dez. 2021 00:00,17,6,11,
24. Dez. 2021 00:15,6,1,5,
24. Dez. 2021 00:30,19,6,13,
24. Dez. 2021 00:45,5,4,1,
24. Dez. 2021 01:00,11,4,7,
24. Dez. 2021 01:15,13,8,5,
24. Dez. 2021 01:30,9,4,5,
24. Dez. 2021 01:45,3,2,1,
24. Dez. 2021 02:00,1,0,1,
24. Dez. 2021 02:15,8,5,3,
24. Dez. 2021 02:30,6,3,3,
24. Dez. 2021 02:45,2,0,2,
24. Dez. 2021 03:00,2,0,2,
24. Dez. 2021 03:15,2,2,0,
24. Dez. 2021 03:30,2,1,1,
24. Dez. 2021 03:45,1,1,0,
24. Dez. 2021 04:00,0,0,0,
24. Dez. 2021 04:15,1,0,1,
24. Dez. 2021 04:30,2,0,2,
24. Dez. 2021 04:45,1,1,0,
24. Dez. 2021 05:00,3,2,1,
24. Dez. 2021 05:15,0,0,0,
24. Dez. 2021 05:30,5,3,2,
24. Dez. 2021 05:45,7,4,3,
24. Dez. 2021 06:00,8,7,1,
24. Dez. 2021 06:15,8,5,3,
24. Dez. 2021 06:30,17,17,0,
24. Dez. 2021 06:45,11,4,7,
24. Dez. 2021 07:00,6,5,1,
24. Dez. 2021 07:15,16,13,3,
24. Dez. 2021 07:30,17,12,5,
24. Dez. 2021 07:45,23,14,9,
24. Dez. 2021 08:00,22,13,9,
24. Dez. 2021 08:15,48,30,18,
24. Dez. 2021 08:30,64,43,21,
24. Dez. 2021 08:45,49,24,25,
24. Dez. 2021 09:00,50,35,15,
24. Dez. 2021 09:15,66,43,23,
24. Dez. 2021 09:30,56,34,22,
24. Dez. 2021 09:45,75,40,35,
24. Dez. 2021 10:00,72,41,31,
24. Dez. 2021 10:15,88,45,43,
24. Dez. 2021 10:30,82,40,42,
24. Dez. 2021 10:45,73,38,35,
24. Dez. 2021 11:00,71,27,44,
24. Dez. 2021 11:15,86,41,45,
24. Dez. 2021 11:30,77,35,42,
24. Dez. 2021 11:45,60,22,38,
24. Dez. 2021 12:00,59,30,29,
24. Dez. 2021 12:15,53,15,38,
24. Dez. 2021 12:30,51,18,33,
24. Dez. 2021 12:45,63,28,35,
24. Dez. 2021 13:00,68,26,42,
24. Dez. 2021 13:15,71,32,39,
24. Dez. 2021 13:30,46,17,29,
24. Dez. 2021 13:45,50,19,31,
24. Dez. 2021 14:00,45,17,28,
24. Dez. 2021 14:15,54,16,38,
24. Dez. 2021 14:30,43,13,30,
24. Dez. 2021 14:45,33,11,22,
24. Dez. 2021 15:00,36,14,22,
24. Dez. 2021 15:15,27,12,15,
24. Dez. 2021 15:30,32,15,17,
24. Dez. 2021 15:45,30,7,23,
24. Dez. 2021 16:00,28,15,13,
24. Dez. 2021 16:15,30,13,17,
24. Dez. 2021 16:30,20,8,12,
24. Dez. 2021 16:45,27,8,19,
24. Dez. 2021 17:00,28,16,12,
24. Dez. 2021 17:15,16,11,5,
24. Dez. 2021 17:30,21,17,4,
24. Dez. 2021 17:45,13,5,8,
24. Dez. 2021 18:00,16,9,7,
24. Dez. 2021 18:15,14,8,6,
24. Dez. 2021 18:30,18,7,11,
24. Dez. 2021 18:45,6,3,3,
24. Dez. 2021 19:00,13,1,12,
24. Dez. 2021 19:15,9,3,6,
24. Dez. 2021 19:30,11,2,9,
24. Dez. 2021 19:45,10,3,7,
24. Dez. 2021 20:00,14,9,5,
24. Dez. 2021 20:15,3,3,0,
24. Dez. 2021 20:30,9,6,3,
24. Dez. 2021 20:45,9,4,5,
24. Dez. 2021 21:00,8,3,5,
24. Dez. 2021 21:15,7,4,3,
24. Dez. 2021 21:30,13,9,4,
24. Dez. 2021 21:45,8,6,2,
24. Dez. 2021 22:00,9,2,7,
24. Dez. 2021 22:15,4,3,1,
24. Dez. 2021 22:30,14,7,7,
24. Dez. 2021 22:45,10,4,6,
24. Dez. 2021 23:00,12,8,4,
24. Dez. 2021 23:15,11,5,6,
24. Dez. 2021 23:30,10,6,4,
24. Dez. 2021 23:45,11,3,8,
25. Dez. 2021 00:00,9,5,4,
25. Dez. 2021 00:15,11,6,5,
25. Dez. 2021 00:30,16,9,7,
25. Dez. 2021 00:45,5,2,3,
25. Dez. 2021 01:00,7,3,4,
25. Dez. 2021 01:15,5,3,2,
25. Dez. 2021 01:30,6,4,2,
25. Dez. 2021 01:45,1,1,0,
25. Dez. 2021 02:00,2,1,1,
25. Dez. 2021 02:15,6,2,4,
25. Dez. 2021 02:30,3,2,1,
25. Dez. 2021 02:45,2,0,2,
25. Dez. 2021 03:00,4,1,3,
25. Dez. 2021 03:15,2,0,2,
25. Dez. 2021 03:30,3,2,1,
25. Dez. 2021 03:45,0,0,0,
25. Dez. 2021 04:00,3,1,2,
25. Dez. 2021 04:15,1,1,0,
25. Dez. 2021 04:30,0,0,0,
25. Dez. 2021 04:45,1,0,1,
25. Dez. 2021 05:00,1,1,0,
25. Dez. 2021 05:15,2,1,1,
25. Dez. 2021 05:30,3,2,1,
25. Dez. 2021 05:45,3,1,2,
25. Dez. 2021 06:00,4,3,1,
25. Dez. 2021 06:15,3,3,0,
25. Dez. 2021 06:30,9,6,3,
25. Dez. 2021 06:45,1,1,0,
25. Dez. 2021 07:00,3,2,1,
25. Dez. 2021 07:15,6,1,5,
25. Dez. 2021 07:30,4,2,2,
25. Dez. 2021 07:45,4,1,3,
25. Dez. 2021 08:00,2,2,0,
25. Dez. 2021 08:15,6,4,2,
25. Dez. 2021 08:30,4,2,2,
25. Dez. 2021 08:45,5,1,4,
25. Dez. 2021 09:00,5,3,2,
25. Dez. 2021 09:15,6,2,4,
25. Dez. 2021 09:30,9,4,5,
25. Dez. 2021 09:45,15,11,4,
25. Dez. 2021 10:00,10,6,4,
25. Dez. 2021 10:15,17,10,7,
25. Dez. 2021 10:30,8,4,4,
25. Dez. 2021 10:45,7,7,0,
25. Dez. 2021 11:00,11,5,6,
25. Dez. 2021 11:15,7,6,1,
25. Dez. 2021 11:30,16,8,8,
25. Dez. 2021 11:45,17,7,10,
25. Dez. 2021 12:00,14,4,10,
25. Dez. 2021 12:15,18,15,3,
25. Dez. 2021 12:30,21,8,13,
25. Dez. 2021 12:45,18,11,7,
25. Dez. 2021 13:00,18,10,8,
25. Dez. 2021 13:15,12,7,5,
25. Dez. 2021 13:30,8,3,5,
25. Dez. 2021 13:45,10,4,6,
25. Dez. 2021 14:00,20,10,10,
25. Dez. 2021 14:15,22,12,10,
25. Dez. 2021 14:30,13,9,4,
25. Dez. 2021 14:45,11,5,6,
25. Dez. 2021 15:00,15,7,8,
25. Dez. 2021 15:15,12,3,9,
25. Dez. 2021 15:30,12,6,6,
25. Dez. 2021 15:45,17,4,13,
25. Dez. 2021 16:00,19,13,6,
25. Dez. 2021 16:15,11,6,5,
25. Dez. 2021 16:30,8,5,3,
25. Dez. 2021 16:45,19,9,10,
25. Dez. 2021 17:00,15,9,6,
25. Dez. 2021 17:15,21,11,10,
25. Dez. 2021 17:30,20,10,10,
25. Dez. 2021 17:45,12,5,7,
25. Dez. 2021 18:00,15,8,7,
25. Dez. 2021 18:15,21,12,9,
25. Dez. 2021 18:30,11,3,8,
25. Dez. 2021 18:45,12,7,5,
25. Dez. 2021 19:00,17,9,8,
25. Dez. 2021 19:15,13,7,6,
25. Dez. 2021 19:30,12,6,6,
25. Dez. 2021 19:45,13,7,6,
25. Dez. 2021 20:00,10,4,6,
25. Dez. 2021 20:15,8,3,5,
25. Dez. 2021 20:30,10,4,6,
25. Dez. 2021 20:45,16,10,6,
25. Dez. 2021 21:00,8,2,6,
25. Dez. 2021 21:15,11,9,2,
25. Dez. 2021 21:30,9,3,6,
25. Dez. 2021 21:45,10,5,5,
25. Dez. 2021 22:00,9,6,3,
25. Dez. 2021 22:15,17,3,14,
25. Dez. 2021 22:30,7,4,3,
25. Dez. 2021 22:45,14,6,8,
25. Dez. 2021 23:00,7,3,4,
25. Dez. 2021 23:15,11,7,4,
25. Dez. 2021 23:30,9,2,7,
25. Dez. 2021 23:45,8,3,5,
26. Dez. 2021 00:00,3,2,1,
26. Dez. 2021 00:15,2,1,1,
26. Dez. 2021 00:30,7,5,2,
26. Dez. 2021 00:45,6,2,4,
26. Dez. 2021 01:00,3,1,2,
26. Dez. 2021 01:15,1,1,0,
26. Dez. 2021 01:30,0,0,0,
26. Dez. 2021 01:45,3,0,3,
26. Dez. 2021 02:00,4,4,0,
26. Dez. 2021 02:15,1,0,1,
26. Dez. 2021 02:30,3,1,2,
26. Dez. 2021 02:45,0,0,0,
26. Dez. 2021 03:00,2,1,1,
26. Dez. 2021 03:15,5,0,5,
26. Dez. 2021 03:30,3,3,0,
26. Dez. 2021 03:45,3,0,3,
26. Dez. 2021 04:00,0,0,0,
26. Dez. 2021 04:15,1,0,1,
26. Dez. 2021 04:30,3,3,0,
26. Dez. 2021 04:45,2,0,2,
26. Dez. 2021 05:00,1,1,0,
26. Dez. 2021 05:15,1,0,1,
26. Dez. 2021 05:30,4,4,0,
26. Dez. 2021 05:45,3,2,1,
26. Dez. 2021 06:00,4,3,1,
26. Dez. 2021 06:15,1,0,1,
26. Dez. 2021 06:30,7,3,4,
26. Dez. 2021 06:45,6,0,6,
26. Dez. 2021 07:00,4,2,2,
26. Dez. 2021 07:15,4,2,2,
26. Dez. 2021 07:30,0,0,0,
26. Dez. 2021 07:45,3,2,1,
26. Dez. 2021 08:00,3,1,2,
26. Dez. 2021 08:15,2,1,1,
26. Dez. 2021 08:30,2,0,2,
26. Dez. 2021 08:45,7,5,2,
26. Dez. 2021 09:00,4,1,3,
26. Dez. 2021 09:15,9,5,4,
26. Dez. 2021 09:30,16,10,6,
26. Dez. 2021 09:45,22,13,9,
26. Dez. 2021 10:00,10,5,5,
26. Dez. 2021 10:15,12,8,4,
26. Dez. 2021 10:30,10,5,5,
26. Dez. 2021 10:45,12,9,3,
26. Dez. 2021 11:00,9,5,4,
26. Dez. 2021 11:15,10,4,6,
26. Dez. 2021 11:30,17,10,7,
26. Dez. 2021 11:45,22,10,12,
26. Dez. 2021 12:00,28,12,16,
26. Dez. 2021 12:15,19,13,6,
26. Dez. 2021 12:30,26,7,19,
26. Dez. 2021 12:45,32,19,13,
26. Dez. 2021 13:00,17,8,9,
26. Dez. 2021 13:15,21,10,11,
26. Dez. 2021 13:30,24,15,9,
26. Dez. 2021 13:45,31,12,19,
26. Dez. 2021 14:00,26,10,16,
26. Dez. 2021 14:15,28,13,15,
26. Dez. 2021 14:30,27,12,15,
26. Dez. 2021 14:45,34,19,15,
26. Dez. 2021 15:00,17,9,8,
26. Dez. 2021 15:15,26,15,11,
26. Dez. 2021 15:30,21,10,11,
26. Dez. 2021 15:45,28,11,17,
26. Dez. 2021 16:00,28,15,13,
26. Dez. 2021 16:15,25,12,13,
26. Dez. 2021 16:30,24,9,15,
26. Dez. 2021 16:45,22,11,11,
26. Dez. 2021 17:00,14,4,10,
26. Dez. 2021 17:15,26,12,14,
26. Dez. 2021 17:30,17,8,9,
26. Dez. 2021 17:45,13,6,7,
26. Dez. 2021 18:00,18,10,8,
26. Dez. 2021 18:15,12,5,7,
26. Dez. 2021 18:30,13,5,8,
26. Dez. 2021 18:45,15,10,5,
26. Dez. 2021 19:00,10,7,3,
26. Dez. 2021 19:15,7,2,5,
26. Dez. 2021 19:30,19,5,14,
26. Dez. 2021 19:45,12,7,5,
26. Dez. 2021 20:00,17,6,11,
26. Dez. 2021 20:15,17,13,4,
26. Dez. 2021 20:30,17,7,10,
26. Dez. 2021 20:45,11,8,3,
26. Dez. 2021 21:00,11,6,5,
26. Dez. 2021 21:15,13,5,8,
26. Dez. 2021 21:30,16,10,6,
26. Dez. 2021 21:45,7,1,6,
26. Dez. 2021 22:00,7,4,3,
26. Dez. 2021 22:15,5,4,1,
26. Dez. 2021 22:30,10,4,6,
26. Dez. 2021 22:45,5,2,3,
26. Dez. 2021 23:00,4,2,2,
26. Dez. 2021 23:15,9,8,1,
26. Dez. 2021 23:30,5,3,2,
26. Dez. 2021 23:45,5,2,3,
27. Dez. 2021 00:00,5,1,4,
27. Dez. 2021 00:15,11,4,7,
27. Dez. 2021 00:30,6,3,3,
27. Dez. 2021 00:45,1,0,1,
27. Dez. 2021 01:00,4,3,1,
27. Dez. 2021 01:15,3,2,1,
27. Dez. 2021 01:30,4,1,3,
27. Dez. 2021 01:45,2,0,2,
27. Dez. 2021 02:00,1,1,0,
27. Dez. 2021 02:15,1,0,1,
27. Dez. 2021 02:30,3,2,1,
27. Dez. 2021 02:45,2,0,2,
27. Dez. 2021 03:00,2,1,1,
27. Dez. 2021 03:15,0,0,0,
27. Dez. 2021 03:30,0,0,0,
27. Dez. 2021 03:45,5,2,3,
27. Dez. 2021 04:00,1,0,1,
27. Dez. 2021 04:15,1,0,1,
27. Dez. 2021 04:30,3,2,1,
27. Dez. 2021 04:45,3,1,2,
27. Dez. 2021 05:00,0,0,0,
27. Dez. 2021 05:15,5,5,0,
27. Dez. 2021 05:30,12,6,6,
27. Dez. 2021 05:45,14,8,6,
27. Dez. 2021 06:00,5,3,2,
27. Dez. 2021 06:15,15,14,1,
27. Dez. 2021 06:30,10,5,5,
27. Dez. 2021 06:45,17,8,9,
27. Dez. 2021 07:00,20,11,9,
27. Dez. 2021 07:15,22,12,10,
27. Dez. 2021 07:30,18,12,6,
27. Dez. 2021 07:45,32,18,14,
27. Dez. 2021 08:00,29,15,14,
27. Dez. 2021 08:15,26,17,9,
27. Dez. 2021 08:30,30,14,16,
27. Dez. 2021 08:45,39,28,11,
27. Dez. 2021 09:00,18,14,4,
27. Dez. 2021 09:15,39,22,17,
27. Dez. 2021 09:30,52,33,19,
27. Dez. 2021 09:45,54,36,18,
27. Dez. 2021 10:00,55,32,23,
27. Dez. 2021 10:15,65,42,23,
27. Dez. 2021 10:30,60,30,30,
27. Dez. 2021 10:45,52,25,27,
27. Dez. 2021 11:00,63,32,31,
27. Dez. 2021 11:15,69,44,25,
27. Dez. 2021 11:30,73,44,29,
27. Dez. 2021 11:45,58,43,15,
27. Dez. 2021 12:00,60,27,33,
27. Dez. 2021 12:15,62,28,34,
27. Dez. 2021 12:30,94,42,52,
27. Dez. 2021 12:45,71,32,39,
27. Dez. 2021 13:00,70,26,44,
27. Dez. 2021 13:15,63,28,35,
27. Dez. 2021 13:30,68,28,40,
27. Dez. 2021 13:45,62,36,26,
27. Dez. 2021 14:00,74,31,43,
27. Dez. 2021 14:15,69,40,29,
27. Dez. 2021 14:30,68,30,38,
27. Dez. 2021 14:45,86,40,46,
27. Dez. 2021 15:00,69,28,41,
27. Dez. 2021 15:15,59,30,29,
27. Dez. 2021 15:30,76,32,44,
27. Dez. 2021 15:45,68,30,38,
27. Dez. 2021 16:00,78,35,43,
27. Dez. 2021 16:15,59,28,31,
27. Dez. 2021 16:30,68,28,40,
27. Dez. 2021 16:45,67,43,24,
27. Dez. 2021 17:00,66,27,39,
27. Dez. 2021 17:15,65,31,34,
27. Dez. 2021 17:30,72,33,39,
27. Dez. 2021 17:45,70,31,39,
27. Dez. 2021 18:00,62,23,39,
27. Dez. 2021 18:15,49,15,34,
27. Dez. 2021 18:30,41,9,32,
27. Dez. 2021 18:45,52,20,32,
27. Dez. 2021 19:00,37,14,23,
27. Dez. 2021 19:15,49,30,19,
27. Dez. 2021 19:30,24,7,17,
27. Dez. 2021 19:45,26,9,17,
27. Dez. 2021 20:00,37,15,22,
27. Dez. 2021 20:15,27,8,19,
27. Dez. 2021 20:30,18,14,4,
27. Dez. 2021 20:45,25,6,19,
27. Dez. 2021 21:00,13,4,9,
27. Dez. 2021 21:15,24,12,12,
27. Dez. 2021 21:30,10,2,8,
27. Dez. 2021 21:45,12,5,7,
27. Dez. 2021 22:00,16,7,9,
27. Dez. 2021 22:15,13,7,6,
27. Dez. 2021 22:30,18,5,13,
27. Dez. 2021 22:45,12,6,6,
27. Dez. 2021 23:00,10,5,5,
27. Dez. 2021 23:15,14,9,5,
27. Dez. 2021 23:30,5,0,5,
27. Dez. 2021 23:45,6,3,3,
28. Dez. 2021 00:00,13,4,9,
28. Dez. 2021 00:15,2,0,2,
28. Dez. 2021 00:30,13,8,5,
28. Dez. 2021 00:45,7,1,6,
28. Dez. 2021 01:00,5,1,4,
28. Dez. 2021 01:15,6,4,2,
28. Dez. 2021 01:30,2,2,0,
28. Dez. 2021 01:45,5,0,5,
28. Dez. 2021 02:00,4,3,1,
28. Dez. 2021 02:15,1,0,1,
28. Dez. 2021 02:30,0,0,0,
28. Dez. 2021 02:45,0,0,0,
28. Dez. 2021 03:00,0,0,0,
28. Dez. 2021 03:15,2,1,1,
28. Dez. 2021 03:30,1,1,0,
28. Dez. 2021 03:45,3,2,1,
28. Dez. 2021 04:00,1,0,1,
28. Dez. 2021 04:15,4,2,2,
28. Dez. 2021 04:30,0,0,0,
28. Dez. 2021 04:45,4,2,2,
28. Dez. 2021 05:00,0,0,0,
28. Dez. 2021 05:15,5,3,2,
28. Dez. 2021 05:30,5,2,3,
28. Dez. 2021 05:45,9,4,5,
28. Dez. 2021 06:00,6,5,1,
28. Dez. 2021 06:15,12,12,0,
28. Dez. 2021 06:30,16,12,4,
28. Dez. 2021 06:45,16,7,9,
28. Dez. 2021 07:00,13,7,6,
28. Dez. 2021 07:15,21,14,7,
28. Dez. 2021 07:30,20,12,8,
28. Dez. 2021 07:45,20,9,11,
28. Dez. 2021 08:00,25,15,10,
28. Dez. 2021 08:15,30,23,7,
28. Dez. 2021 08:30,46,26,20,
28. Dez. 2021 08:45,35,21,14,
28. Dez. 2021 09:00,36,24,12,
28. Dez. 2021 09:15,33,21,12,
28. Dez. 2021 09:30,48,31,17,
28. Dez. 2021 09:45,53,29,24,
28. Dez. 2021 10:00,55,38,17,
28. Dez. 2021 10:15,50,30,20,
28. Dez. 2021 10:30,54,37,17,
28. Dez. 2021 10:45,64,41,23,
28. Dez. 2021 11:00,77,45,32,
28. Dez. 2021 11:15,71,43,28,
28. Dez. 2021 11:30,72,36,36,
28. Dez. 2021 11:45,70,28,42,
28. Dez. 2021 12:00,44,23,21,
28. Dez. 2021 12:15,69,32,37,
28. Dez. 2021 12:30,45,17,28,
28. Dez. 2021 12:45,63,22,41,
28. Dez. 2021 13:00,64,29,35,
28. Dez. 2021 13:15,54,30,24,
28. Dez. 2021 13:30,53,29,24,
28. Dez. 2021 13:45,66,34,32,
28. Dez. 2021 14:00,60,22,38,
28. Dez. 2021 14:15,63,20,43,
28. Dez. 2021 14:30,39,8,31,
28. Dez. 2021 14:45,42,17,25,
28. Dez. 2021 15:00,46,13,33,
28. Dez. 2021 15:15,51,27,24,
28. Dez. 2021 15:30,50,20,30,
28. Dez. 2021 15:45,41,18,23,
28. Dez. 2021 16:00,41,22,19,
28. Dez. 2021 16:15,54,27,27,
28. Dez. 2021 16:30,50,25,25,
28. Dez. 2021 16:45,63,32,31,
28. Dez. 2021 17:00,41,23,18,
28. Dez. 2021 17:15,46,24,22,
28. Dez. 2021 17:30,59,28,31,
28. Dez. 2021 17:45,43,17,26,
28. Dez. 2021 18:00,43,26,17,
28. Dez. 2021 18:15,45,22,23,
28. Dez. 2021 18:30,27,9,18,
28. Dez. 2021 18:45,34,13,21,
28. Dez. 2021 19:00,32,14,18,
28. Dez. 2021 19:15,38,20,18,
28. Dez. 2021 19:30,24,7,17,
28. Dez. 2021 19:45,25,10,15,
28. Dez. 2021 20:00,34,13,21,
28. Dez. 2021 20:15,30,9,21,
28. Dez. 2021 20:30,21,9,12,
28. Dez. 2021 20:45,31,13,18,
28. Dez. 2021 21:00,16,3,13,
28. Dez. 2021 21:15,21,6,15,
28. Dez. 2021 21:30,17,7,10,
28. Dez. 2021 21:45,17,12,5,
28. Dez. 2021 22:00,11,3,8,
28. Dez. 2021 22:15,14,8,6,
28. Dez. 2021 22:30,19,8,11,
28. Dez. 2021 22:45,6,2,4,
28. Dez. 2021 23:00,10,4,6,
28. Dez. 2021 23:15,11,4,7,
28. Dez. 2021 23:30,12,4,8,
28. Dez. 2021 23:45,8,6,2,
29. Dez. 2021 00:00,6,2,4,
29. Dez. 2021 00:15,11,3,8,
29. Dez. 2021 00:30,9,2,7,
29. Dez. 2021 00:45,6,4,2,
29. Dez. 2021 01:00,4,3,1,
29. Dez. 2021 01:15,2,2,0,
29. Dez. 2021 01:30,4,1,3,
29. Dez. 2021 01:45,4,0,4,
29. Dez. 2021 02:00,4,2,2,
29. Dez. 2021 02:15,4,2,2,
29. Dez. 2021 02:30,1,1,0,
29. Dez. 2021 02:45,0,0,0,
29. Dez. 2021 03:00,5,2,3,
29. Dez. 2021 03:15,2,0,2,
29. Dez. 2021 03:30,0,0,0,
29. Dez. 2021 03:45,2,0,2,
29. Dez. 2021 04:00,0,0,0,
29. Dez. 2021 04:15,1,1,0,
29. Dez. 2021 04:30,4,3,1,
29. Dez. 2021 04:45,4,3,1,
29. Dez. 2021 05:00,1,1,0,
29. Dez. 2021 05:15,5,3,2,
29. Dez. 2021 05:30,7,5,2,
29. Dez. 2021 05:45,12,7,5,
29. Dez. 2021 06:00,9,5,4,
29. Dez. 2021 06:15,14,13,1,
29. Dez. 2021 06:30,14,10,4,
29. Dez. 2021 06:45,14,6,8,
29. Dez. 2021 07:00,10,8,2,
29. Dez. 2021 07:15,23,10,13,
29. Dez. 2021 07:30,29,18,11,
29. Dez. 2021 07:45,33,19,14,
29. Dez. 2021 08:00,22,9,13,
29. Dez. 2021 08:15,25,14,11,
29. Dez. 2021 08:30,39,27,12,
29. Dez. 2021 08:45,38,25,13,
29. Dez. 2021 09:00,55,40,15,
29. Dez. 2021 09:15,40,26,14,
29. Dez. 2021 09:30,47,29,18,
29. Dez. 2021 09:45,60,40,20,
29. Dez. 2021 10:00,54,41,13,
29. Dez. 2021 10:15,56,32,24,
29. Dez. 2021 10:30,56,34,22,
29. Dez. 2021 10:45,61,34,27,
29. Dez. 2021 11:00,55,27,28,
29. Dez. 2021 11:15,76,30,46,
29. Dez. 2021 11:30,65,31,34,
29. Dez. 2021 11:45,65,33,32,
29. Dez. 2021 12:00,59,30,29,
29. Dez. 2021 12:15,76,42,34,
29. Dez. 2021 12:30,69,29,40,
29. Dez. 2021 12:45,66,26,40,
29. Dez. 2021 13:00,58,23,35,
29. Dez. 2021 13:15,62,20,42,
29. Dez. 2021 13:30,43,17,26,
29. Dez. 2021 13:45,68,28,40,
29. Dez. 2021 14:00,51,25,26,
29. Dez. 2021 14:15,66,37,29,
29. Dez. 2021 14:30,51,21,30,
29. Dez. 2021 14:45,58,30,28,
29. Dez. 2021 15:00,40,14,26,
29. Dez. 2021 15:15,48,24,24,
29. Dez. 2021 15:30,53,32,21,
29. Dez. 2021 15:45,45,22,23,
29. Dez. 2021 16:00,47,18,29,
29. Dez. 2021 16:15,49,20,29,
29. Dez. 2021 16:30,45,19,26,
29. Dez. 2021 16:45,71,46,25,
29. Dez. 2021 17:00,62,26,36,
29. Dez. 2021 17:15,52,21,31,
29. Dez. 2021 17:30,55,18,37,
29. Dez. 2021 17:45,51,19,32,
29. Dez. 2021 18:00,45,18,27,
29. Dez. 2021 18:15,51,15,36,
29. Dez. 2021 18:30,45,17,28,
29. Dez. 2021 18:45,47,21,26,
29. Dez. 2021 19:00,34,13,21,
29. Dez. 2021 19:15,39,19,20,
29. Dez. 2021 19:30,44,18,26,
29. Dez. 2021 19:45,24,9,15,
29. Dez. 2021 20:00,35,11,24,
29. Dez. 2021 20:15,37,18,19,
29. Dez. 2021 20:30,21,9,12,
29. Dez. 2021 20:45,22,7,15,
29. Dez. 2021 21:00,17,6,11,
29. Dez. 2021 21:15,21,11,10,
29. Dez. 2021 21:30,16,8,8,
29. Dez. 2021 21:45,22,13,9,
29. Dez. 2021 22:00,24,10,14,
29. Dez. 2021 22:15,13,6,7,
29. Dez. 2021 22:30,19,10,9,
29. Dez. 2021 22:45,12,7,5,
29. Dez. 2021 23:00,9,4,5,
29. Dez. 2021 23:15,9,2,7,
29. Dez. 2021 23:30,17,6,11,
29. Dez. 2021 23:45,15,6,9,
30. Dez. 2021 00:00,8,5,3,
30. Dez. 2021 00:15,6,4,2,
30. Dez. 2021 00:30,5,1,4,
30. Dez. 2021 00:45,10,1,9,
30. Dez. 2021 01:00,12,1,11,
30. Dez. 2021 01:15,7,4,3,
30. Dez. 2021 01:30,7,3,4,
30. Dez. 2021 01:45,9,4,5,
30. Dez. 2021 02:00,0,0,0,
30. Dez. 2021 02:15,1,1,0,
30. Dez. 2021 02:30,5,2,3,
30. Dez. 2021 02:45,1,0,1,
30. Dez. 2021 03:00,2,0,2,
30. Dez. 2021 03:15,4,3,1,
30. Dez. 2021 03:30,2,1,1,
30. Dez. 2021 03:45,7,4,3,
30. Dez. 2021 04:00,0,0,0,
30. Dez. 2021 04:15,0,0,0,
30. Dez. 2021 04:30,2,1,1,
30. Dez. 2021 04:45,1,1,0,
30. Dez. 2021 05:00,2,1,1,
30. Dez. 2021 05:15,5,2,3,
30. Dez. 2021 05:30,10,5,5,
30. Dez. 2021 05:45,13,6,7,
30. Dez. 2021 06:00,6,3,3,
30. Dez. 2021 06:15,13,10,3,
30. Dez. 2021 06:30,16,9,7,
30. Dez. 2021 06:45,18,9,9,
30. Dez. 2021 07:00,24,17,7,
30. Dez. 2021 07:15,18,7,11,
30. Dez. 2021 07:30,22,12,10,
30. Dez. 2021 07:45,32,17,15,
30. Dez. 2021 08:00,23,14,9,
30. Dez. 2021 08:15,32,24,8,
30. Dez. 2021 08:30,28,22,6,
30. Dez. 2021 08:45,52,26,26,
30. Dez. 2021 09:00,40,26,14,
30. Dez. 2021 09:15,36,22,14,
30. Dez. 2021 09:30,46,32,14,
30. Dez. 2021 09:45,52,30,22,
30. Dez. 2021 10:00,42,29,13,
30. Dez. 2021 10:15,58,41,17,
30. Dez. 2021 10:30,76,38,38,
30. Dez. 2021 10:45,83,50,33,
30. Dez. 2021 11:00,71,37,34,
30. Dez. 2021 11:15,73,48,25,
30. Dez. 2021 11:30,98,45,53,
30. Dez. 2021 11:45,81,45,36,
30. Dez. 2021 12:00,81,41,40,
30. Dez. 2021 12:15,84,38,46,
30. Dez. 2021 12:30,92,44,48,
30. Dez. 2021 12:45,83,43,40,
30. Dez. 2021 13:00,93,42,51,
30. Dez. 2021 13:15,92,43,49,
30. Dez. 2021 13:30,77,42,35,
30. Dez. 2021 13:45,110,61,49,
30. Dez. 2021 14:00,98,45,53,
30. Dez. 2021 14:15,105,46,59,
30. Dez. 2021 14:30,112,60,52,
30. Dez. 2021 14:45,88,48,40,
30. Dez. 2021 15:00,112,49,63,
30. Dez. 2021 15:15,93,41,52,
30. Dez. 2021 15:30,114,56,58,
30. Dez. 2021 15:45,99,45,54,
30. Dez. 2021 16:00,82,35,47,
30. Dez. 2021 16:15,111,47,64,
30. Dez. 2021 16:30,90,46,44,
30. Dez. 2021 16:45,108,50,58,
30. Dez. 2021 17:00,102,37,65,
30. Dez. 2021 17:15,103,39,64,
30. Dez. 2021 17:30,112,51,61,
30. Dez. 2021 17:45,74,31,43,
30. Dez. 2021 18:00,78,35,43,
30. Dez. 2021 18:15,74,31,43,
30. Dez. 2021 18:30,76,29,47,
30. Dez. 2021 18:45,75,42,33,
30. Dez. 2021 19:00,52,18,34,
30. Dez. 2021 19:15,38,20,18,
30. Dez. 2021 19:30,42,12,30,
30. Dez. 2021 19:45,34,18,16,
30. Dez. 2021 20:00,53,24,29,
30. Dez. 2021 20:15,45,20,25,
30. Dez. 2021 20:30,34,16,18,
30. Dez. 2021 20:45,36,13,23,
30. Dez. 2021 21:00,25,7,18,
30. Dez. 2021 21:15,25,7,18,
30. Dez. 2021 21:30,39,18,21,
30. Dez. 2021 21:45,15,5,10,
30. Dez. 2021 22:00,21,8,13,
30. Dez. 2021 22:15,20,9,11,
30. Dez. 2021 22:30,24,12,12,
30. Dez. 2021 22:45,11,3,8,
30. Dez. 2021 23:00,18,6,12,
30. Dez. 2021 23:15,10,2,8,
30. Dez. 2021 23:30,12,1,11,
30. Dez. 2021 23:45,10,6,4,
31. Dez. 2021 00:00,10,8,2,
31. Dez. 2021 00:15,8,5,3,
31. Dez. 2021 00:30,8,4,4,
31. Dez. 2021 00:45,11,3,8,
31. Dez. 2021 01:00,9,4,5,
31. Dez. 2021 01:15,7,6,1,
31. Dez. 2021 01:30,6,2,4,
31. Dez. 2021 01:45,4,1,3,
31. Dez. 2021 02:00,0,0,0,
31. Dez. 2021 02:15,1,1,0,
31. Dez. 2021 02:30,3,3,0,
31. Dez. 2021 02:45,2,0,2,
31. Dez. 2021 03:00,2,0,2,
31. Dez. 2021 03:15,1,0,1,
31. Dez. 2021 03:30,1,1,0,
31. Dez. 2021 03:45,2,1,1,
31. Dez. 2021 04:00,2,2,0,
31. Dez. 2021 04:15,1,1,0,
31. Dez. 2021 04:30,2,1,1,
31. Dez. 2021 04:45,4,2,2,
31. Dez. 2021 05:00,1,1,0,
31. Dez. 2021 05:15,8,4,4,
31. Dez. 2021 05:30,6,3,3,
31. Dez. 2021 05:45,4,2,2,
31. Dez. 2021 06:00,7,6,1,
31. Dez. 2021 06:15,3,3,0,
31. Dez. 2021 06:30,17,11,6,
31. Dez. 2021 06:45,7,4,3,
31. Dez. 2021 07:00,8,3,5,
31. Dez. 2021 07:15,14,8,6,
31. Dez. 2021 07:30,17,13,4,
31. Dez. 2021 07:45,27,17,10,
31. Dez. 2021 08:00,32,25,7,
31. Dez. 2021 08:15,31,19,12,
31. Dez. 2021 08:30,30,20,10,
31. Dez. 2021 08:45,46,29,17,
31. Dez. 2021 09:00,30,20,10,
31. Dez. 2021 09:15,67,45,22,
31. Dez. 2021 09:30,61,37,24,
31. Dez. 2021 09:45,78,42,36,
31. Dez. 2021 10:00,97,51,46,
31. Dez. 2021 10:15,73,43,30,
31. Dez. 2021 10:30,81,40,41,
31. Dez. 2021 10:45,102,58,44,
31. Dez. 2021 11:00,94,41,53,
31. Dez. 2021 11:15,108,53,55,
31. Dez. 2021 11:30,100,50,50,
31. Dez. 2021 11:45,93,48,45,
31. Dez. 2021 12:00,87,31,56,
31. Dez. 2021 12:15,105,45,60,
31. Dez. 2021 12:30,98,41,57,
31. Dez. 2021 12:45,99,40,59,
31. Dez. 2021 13:00,106,45,61,
31. Dez. 2021 13:15,83,33,50,
31. Dez. 2021 13:30,70,28,42,
31. Dez. 2021 13:45,79,39,40,
31. Dez. 2021 14:00,94,47,47,
31. Dez. 2021 14:15,88,35,53,
31. Dez. 2021 14:30,63,32,31,
31. Dez. 2021 14:45,56,25,31,
31. Dez. 2021 15:00,80,39,41,
31. Dez. 2021 15:15,81,39,42,
31. Dez. 2021 15:30,97,44,53,
31. Dez. 2021 15:45,69,28,41,
31. Dez. 2021 16:00,69,33,36,
31. Dez. 2021 16:15,83,32,51,
31. Dez. 2021 16:30,61,26,35,
31. Dez. 2021 16:45,71,31,40,
31. Dez. 2021 17:00,71,34,37,
31. Dez. 2021 17:15,67,36,31,
31. Dez. 2021 17:30,63,32,31,
31. Dez. 2021 17:45,70,30,40,
31. Dez. 2021 18:00,70,45,25,
31. Dez. 2021 18:15,56,35,21,
31. Dez. 2021 18:30,49,20,29,
31. Dez. 2021 18:45,72,43,29,
31. Dez. 2021 19:00,75,45,30,
31. Dez. 2021 19:15,44,18,26,
31. Dez. 2021 19:30,39,21,18,
31. Dez. 2021 19:45,38,20,18,
31. Dez. 2021 20:00,39,23,16,
31. Dez. 2021 20:15,29,13,16,
31. Dez. 2021 20:30,19,6,13,
31. Dez. 2021 20:45,24,10,14,
31. Dez. 2021 21:00,30,18,12,
31. Dez. 2021 21:15,26,22,4,
31. Dez. 2021 21:30,17,12,5,
31. Dez. 2021 21:45,15,7,8,
31. Dez. 2021 22:00,24,15,9,
31. Dez. 2021 22:15,18,13,5,
31. Dez. 2021 22:30,14,5,9,
31. Dez. 2021 22:45,18,9,9,
31. Dez. 2021 23:00,27,12,15,
31. Dez. 2021 23:15,33,18,15,
31. Dez. 2021 23:30,9,3,6,
31. Dez. 2021 23:45,8,4,4,
